 27-May-2011       (david_102.dat - 1.0*Aver(david_101.dat,david_103.dat) /  5
david_102.da  Conc = .56E+01  N1 =    1  N2 = 2178
david_101.da  Conc = 0.0d+0   N1 =    1  N2 = 2178
david_103.da  Conc = 0.0d+0   N1 =    1  N2 = 2178
  6.710100E-03  0.428507E+02  0.150206E+02
  6.983610E-03  0.371583E+02  0.120745E+02
  7.257120E-03  0.408993E+02  0.103735E+02
  7.530620E-03  0.408354E+02  0.888490E+01
  7.804130E-03  0.392302E+02  0.788737E+01
  8.077640E-03  0.410333E+02  0.701864E+01
  8.351150E-03  0.405198E+02  0.626226E+01
  8.624660E-03  0.398327E+02  0.557680E+01
  8.898170E-03  0.376583E+02  0.493428E+01
  9.171680E-03  0.426385E+02  0.448822E+01
  9.445180E-03  0.394002E+02  0.405763E+01
  9.718690E-03  0.409577E+02  0.362839E+01
  9.992200E-03  0.427176E+02  0.330045E+01
  1.026570E-02  0.424092E+02  0.301421E+01
  1.053920E-02  0.388327E+02  0.268213E+01
  1.081270E-02  0.414397E+02  0.248770E+01
  1.108620E-02  0.407536E+02  0.224936E+01
  1.135970E-02  0.399541E+02  0.208821E+01
  1.163330E-02  0.429281E+02  0.196225E+01
  1.190680E-02  0.399829E+02  0.174270E+01
  1.218030E-02  0.408174E+02  0.167163E+01
  1.245380E-02  0.405459E+02  0.151786E+01
  1.272730E-02  0.396763E+02  0.143743E+01
  1.300080E-02  0.403885E+02  0.134458E+01
  1.327430E-02  0.415046E+02  0.122535E+01
  1.354780E-02  0.422104E+02  0.119278E+01
  1.382130E-02  0.407036E+02  0.108994E+01
  1.409480E-02  0.399007E+02  0.103948E+01
  1.436830E-02  0.407574E+02  0.985501E+00
  1.464180E-02  0.402654E+02  0.914917E+00
  1.491540E-02  0.412751E+02  0.910014E+00
  1.518890E-02  0.407122E+02  0.838351E+00
  1.546240E-02  0.402344E+02  0.786370E+00
  1.573590E-02  0.404497E+02  0.754892E+00
  1.600940E-02  0.402723E+02  0.723288E+00
  1.628290E-02  0.399225E+02  0.713943E+00
  1.655640E-02  0.393617E+02  0.654925E+00
  1.682990E-02  0.400140E+02  0.638461E+00
  1.710340E-02  0.393702E+02  0.610038E+00
  1.737690E-02  0.393912E+02  0.592541E+00
  1.765040E-02  0.389514E+02  0.578000E+00
  1.792400E-02  0.384298E+02  0.534857E+00
  1.819750E-02  0.393363E+02  0.540859E+00
  1.847100E-02  0.389136E+02  0.516428E+00
  1.874450E-02  0.385932E+02  0.504028E+00
  1.901800E-02  0.384952E+02  0.477458E+00
  1.929150E-02  0.382998E+02  0.469140E+00
  1.956500E-02  0.384458E+02  0.467930E+00
  1.983850E-02  0.384194E+02  0.446625E+00
  2.011200E-02  0.377923E+02  0.430574E+00
  2.038550E-02  0.377878E+02  0.425662E+00
  2.065900E-02  0.382985E+02  0.411135E+00
  2.093250E-02  0.375247E+02  0.399140E+00
  2.120610E-02  0.375944E+02  0.381090E+00
  2.147960E-02  0.373182E+02  0.374032E+00
  2.175310E-02  0.370178E+02  0.364447E+00
  2.202660E-02  0.370336E+02  0.360924E+00
  2.230010E-02  0.370248E+02  0.352106E+00
  2.257360E-02  0.365638E+02  0.344571E+00
  2.284710E-02  0.372013E+02  0.346449E+00
  2.312060E-02  0.370400E+02  0.338351E+00
  2.339410E-02  0.368628E+02  0.336675E+00
  2.366760E-02  0.368292E+02  0.327488E+00
  2.394110E-02  0.366018E+02  0.328710E+00
  2.421460E-02  0.362092E+02  0.325465E+00
  2.448820E-02  0.362865E+02  0.318498E+00
  2.476170E-02  0.359637E+02  0.318900E+00
  2.503520E-02  0.358153E+02  0.311969E+00
  2.530870E-02  0.356938E+02  0.314075E+00
  2.558220E-02  0.351789E+02  0.306066E+00
  2.585570E-02  0.354474E+02  0.303377E+00
  2.612920E-02  0.350840E+02  0.302704E+00
  2.640270E-02  0.348903E+02  0.298545E+00
  2.667620E-02  0.347317E+02  0.298064E+00
  2.694970E-02  0.344016E+02  0.291385E+00
  2.722320E-02  0.347146E+02  0.290402E+00
  2.749680E-02  0.339893E+02  0.289910E+00
  2.777030E-02  0.338917E+02  0.284563E+00
  2.804380E-02  0.339763E+02  0.287790E+00
  2.831730E-02  0.335362E+02  0.276382E+00
  2.859080E-02  0.337059E+02  0.280505E+00
  2.886430E-02  0.333820E+02  0.278547E+00
  2.913780E-02  0.332942E+02  0.271297E+00
  2.941130E-02  0.330863E+02  0.274715E+00
  2.968480E-02  0.329563E+02  0.269072E+00
  2.995830E-02  0.329657E+02  0.272859E+00
  3.023180E-02  0.328082E+02  0.270681E+00
  3.050530E-02  0.323740E+02  0.264538E+00
  3.077890E-02  0.321317E+02  0.266431E+00
  3.105240E-02  0.320470E+02  0.261189E+00
  3.132590E-02  0.318891E+02  0.264672E+00
  3.159940E-02  0.315139E+02  0.259106E+00
  3.187290E-02  0.315079E+02  0.256911E+00
  3.214640E-02  0.313796E+02  0.262433E+00
  3.241990E-02  0.312103E+02  0.255076E+00
  3.269340E-02  0.308663E+02  0.256260E+00
  3.296690E-02  0.312023E+02  0.255403E+00
  3.324040E-02  0.306796E+02  0.250326E+00
  3.351390E-02  0.303897E+02  0.253881E+00
  3.378750E-02  0.302403E+02  0.250154E+00
  3.406100E-02  0.300127E+02  0.246988E+00
  3.433450E-02  0.300090E+02  0.247316E+00
  3.460800E-02  0.297702E+02  0.245643E+00
  3.488150E-02  0.293826E+02  0.244613E+00
  3.515500E-02  0.294161E+02  0.242854E+00
  3.542850E-02  0.290665E+02  0.241928E+00
  3.570200E-02  0.289485E+02  0.240707E+00
  3.597550E-02  0.285067E+02  0.238634E+00
  3.624900E-02  0.289343E+02  0.238525E+00
  3.652250E-02  0.286652E+02  0.237105E+00
  3.679600E-02  0.282546E+02  0.237883E+00
  3.706960E-02  0.280020E+02  0.234989E+00
  3.734310E-02  0.282052E+02  0.234337E+00
  3.761660E-02  0.277896E+02  0.229319E+00
  3.789010E-02  0.274417E+02  0.231912E+00
  3.816360E-02  0.275814E+02  0.229899E+00
  3.843710E-02  0.274670E+02  0.231479E+00
  3.871060E-02  0.271131E+02  0.227385E+00
  3.898410E-02  0.271590E+02  0.225908E+00
  3.925760E-02  0.269242E+02  0.227806E+00
  3.953110E-02  0.265209E+02  0.222484E+00
  3.980460E-02  0.265016E+02  0.223675E+00
  4.007810E-02  0.264571E+02  0.223635E+00
  4.035170E-02  0.264549E+02  0.220475E+00
  4.062520E-02  0.260344E+02  0.224206E+00
  4.089870E-02  0.257588E+02  0.216089E+00
  4.117220E-02  0.257799E+02  0.217539E+00
  4.144570E-02  0.255450E+02  0.217298E+00
  4.171920E-02  0.251264E+02  0.213709E+00
  4.199270E-02  0.252010E+02  0.216103E+00
  4.226620E-02  0.252563E+02  0.213036E+00
  4.253970E-02  0.249872E+02  0.213947E+00
  4.281320E-02  0.246626E+02  0.210731E+00
  4.308670E-02  0.244336E+02  0.208741E+00
  4.336030E-02  0.242839E+02  0.209167E+00
  4.363380E-02  0.239590E+02  0.205285E+00
  4.390730E-02  0.239767E+02  0.208863E+00
  4.418080E-02  0.237682E+02  0.204253E+00
  4.445430E-02  0.237188E+02  0.202700E+00
  4.472780E-02  0.238112E+02  0.206413E+00
  4.500130E-02  0.233857E+02  0.200619E+00
  4.527480E-02  0.232366E+02  0.202986E+00
  4.554830E-02  0.229387E+02  0.198585E+00
  4.582180E-02  0.228421E+02  0.198170E+00
  4.609530E-02  0.227214E+02  0.199448E+00
  4.636880E-02  0.224176E+02  0.197821E+00
  4.664240E-02  0.221346E+02  0.195194E+00
  4.691590E-02  0.223652E+02  0.194689E+00
  4.718940E-02  0.219508E+02  0.194036E+00
  4.746290E-02  0.216580E+02  0.192800E+00
  4.773640E-02  0.216647E+02  0.192531E+00
  4.800990E-02  0.215059E+02  0.190269E+00
  4.828340E-02  0.214375E+02  0.189940E+00
  4.855690E-02  0.210309E+02  0.188959E+00
  4.883040E-02  0.211240E+02  0.188335E+00
  4.910390E-02  0.207654E+02  0.184614E+00
  4.937740E-02  0.204964E+02  0.184691E+00
  4.965090E-02  0.204197E+02  0.184345E+00
  4.992450E-02  0.204401E+02  0.184778E+00
  5.019800E-02  0.203810E+02  0.182364E+00
  5.047150E-02  0.201816E+02  0.183193E+00
  5.074500E-02  0.200888E+02  0.181206E+00
  5.101850E-02  0.196407E+02  0.179724E+00
  5.129200E-02  0.197951E+02  0.179359E+00
  5.156550E-02  0.194360E+02  0.176773E+00
  5.183900E-02  0.192420E+02  0.177231E+00
  5.211250E-02  0.192675E+02  0.177704E+00
  5.238600E-02  0.193658E+02  0.177820E+00
  5.265950E-02  0.188821E+02  0.174124E+00
  5.293310E-02  0.187569E+02  0.173399E+00
  5.320660E-02  0.186151E+02  0.172907E+00
  5.348010E-02  0.184218E+02  0.172356E+00
  5.375360E-02  0.184564E+02  0.171673E+00
  5.402710E-02  0.179673E+02  0.168928E+00
  5.430060E-02  0.180866E+02  0.169557E+00
  5.457410E-02  0.177823E+02  0.168941E+00
  5.484760E-02  0.177951E+02  0.167166E+00
  5.512110E-02  0.177090E+02  0.168613E+00
  5.539460E-02  0.176698E+02  0.166171E+00
  5.566810E-02  0.173408E+02  0.166689E+00
  5.594160E-02  0.172889E+02  0.163818E+00
  5.621520E-02  0.170422E+02  0.162520E+00
  5.648870E-02  0.171660E+02  0.165883E+00
  5.676220E-02  0.169918E+02  0.162270E+00
  5.703570E-02  0.166270E+02  0.162245E+00
  5.730920E-02  0.166947E+02  0.160685E+00
  5.758270E-02  0.162619E+02  0.156509E+00
  5.785620E-02  0.162680E+02  0.159733E+00
  5.812970E-02  0.157759E+02  0.154099E+00
  5.840320E-02  0.164008E+02  0.162066E+00
  5.867670E-02  0.158916E+02  0.155899E+00
  5.895020E-02  0.158423E+02  0.157257E+00
  5.922380E-02  0.157180E+02  0.157223E+00
  5.949730E-02  0.155720E+02  0.152285E+00
  5.977080E-02  0.155555E+02  0.155647E+00
  6.004430E-02  0.152462E+02  0.152449E+00
  6.031780E-02  0.154271E+02  0.154928E+00
  6.059130E-02  0.152181E+02  0.153963E+00
  6.086480E-02  0.150781E+02  0.153228E+00
  6.113830E-02  0.151145E+02  0.153706E+00
  6.141180E-02  0.149792E+02  0.152017E+00
  6.168530E-02  0.146256E+02  0.148375E+00
  6.195880E-02  0.143093E+02  0.146651E+00
  6.223230E-02  0.145662E+02  0.150759E+00
  6.250590E-02  0.145402E+02  0.151051E+00
  6.277940E-02  0.136948E+02  0.139010E+00
  6.305290E-02  0.141408E+02  0.145721E+00
  6.332640E-02  0.142923E+02  0.148119E+00
  6.359990E-02  0.140197E+02  0.146329E+00
  6.387340E-02  0.137396E+02  0.146153E+00
  6.414690E-02  0.136829E+02  0.142402E+00
  6.442040E-02  0.131872E+02  0.139124E+00
  6.469390E-02  0.133693E+02  0.141399E+00
  6.496740E-02  0.136270E+02  0.144810E+00
  6.524090E-02  0.128123E+02  0.136762E+00
  6.551440E-02  0.132548E+02  0.141540E+00
  6.578800E-02  0.130675E+02  0.140619E+00
  6.606150E-02  0.129521E+02  0.139680E+00
  6.633500E-02  0.126775E+02  0.138473E+00
  6.660850E-02  0.125973E+02  0.137085E+00
  6.688200E-02  0.123254E+02  0.136721E+00
  6.715550E-02  0.125390E+02  0.139055E+00
  6.742900E-02  0.124142E+02  0.136514E+00
  6.770250E-02  0.121280E+02  0.134950E+00
  6.797600E-02  0.123895E+02  0.135172E+00
  6.824950E-02  0.123191E+02  0.136793E+00
  6.852300E-02  0.119204E+02  0.133815E+00
  6.879660E-02  0.121814E+02  0.136567E+00
  6.907010E-02  0.117751E+02  0.133519E+00
  6.934360E-02  0.115315E+02  0.131233E+00
  6.961710E-02  0.117356E+02  0.134285E+00
  6.989060E-02  0.117508E+02  0.133756E+00
  7.016410E-02  0.113191E+02  0.130651E+00
  7.043760E-02  0.116719E+02  0.134807E+00
  7.071110E-02  0.109742E+02  0.128449E+00
  7.098460E-02  0.111021E+02  0.129595E+00
  7.125810E-02  0.111639E+02  0.129658E+00
  7.153160E-02  0.109911E+02  0.127997E+00
  7.180510E-02  0.101769E+02  0.121562E+00
  7.207870E-02  0.109160E+02  0.129028E+00
  7.235220E-02  0.106608E+02  0.126731E+00
  7.262570E-02  0.103833E+02  0.125278E+00
  7.289920E-02  0.102721E+02  0.123268E+00
  7.317270E-02  0.999910E+01  0.123839E+00
  7.344620E-02  0.101259E+02  0.124206E+00
  7.371970E-02  0.102227E+02  0.125025E+00
  7.399320E-02  0.976817E+01  0.121497E+00
  7.426670E-02  0.101012E+02  0.124722E+00
  7.454020E-02  0.994128E+01  0.122515E+00
  7.481370E-02  0.999003E+01  0.122718E+00
  7.508720E-02  0.985662E+01  0.122683E+00
  7.536080E-02  0.952975E+01  0.120845E+00
  7.563430E-02  0.973364E+01  0.121728E+00
  7.590780E-02  0.992837E+01  0.124056E+00
  7.618130E-02  0.970282E+01  0.123835E+00
  7.645480E-02  0.936970E+01  0.119075E+00
  7.672830E-02  0.930606E+01  0.119529E+00
  7.700180E-02  0.920166E+01  0.118893E+00
  7.727530E-02  0.910624E+01  0.118096E+00
  7.754880E-02  0.899305E+01  0.117002E+00
  7.782230E-02  0.899848E+01  0.117013E+00
  7.809580E-02  0.906384E+01  0.118483E+00
  7.836940E-02  0.868608E+01  0.115908E+00
  7.864290E-02  0.858280E+01  0.113653E+00
  7.891640E-02  0.838242E+01  0.114627E+00
  7.918990E-02  0.872499E+01  0.114655E+00
  7.946340E-02  0.872555E+01  0.117760E+00
  7.973690E-02  0.842150E+01  0.113183E+00
  8.001040E-02  0.812308E+01  0.112296E+00
  8.028390E-02  0.849857E+01  0.114120E+00
  8.055740E-02  0.830734E+01  0.113426E+00
  8.083090E-02  0.810694E+01  0.114115E+00
  8.110440E-02  0.817830E+01  0.116152E+00
  8.137790E-02  0.784139E+01  0.113262E+00
  8.165150E-02  0.800872E+01  0.113542E+00
  8.192500E-02  0.790331E+01  0.114905E+00
  8.219850E-02  0.790074E+01  0.116468E+00
  8.247200E-02  0.792182E+01  0.116204E+00
  8.274550E-02  0.759327E+01  0.111327E+00
  8.301900E-02  0.766555E+01  0.113004E+00
  8.329250E-02  0.737069E+01  0.111713E+00
  8.356600E-02  0.749760E+01  0.112073E+00
  8.383950E-02  0.719986E+01  0.110866E+00
  8.411300E-02  0.707020E+01  0.111641E+00
  8.438650E-02  0.712450E+01  0.110588E+00
  8.466010E-02  0.710044E+01  0.112034E+00
  8.493360E-02  0.735067E+01  0.115882E+00
  8.520710E-02  0.715954E+01  0.111052E+00
  8.548060E-02  0.724720E+01  0.115926E+00
  8.575410E-02  0.698308E+01  0.111333E+00
  8.602760E-02  0.714334E+01  0.113836E+00
  8.630110E-02  0.677610E+01  0.110603E+00
  8.657460E-02  0.681960E+01  0.109852E+00
  8.684810E-02  0.659054E+01  0.111861E+00
  8.712160E-02  0.657926E+01  0.109282E+00
  8.739510E-02  0.661125E+01  0.109317E+00
  8.766860E-02  0.657244E+01  0.111399E+00
  8.794220E-02  0.649420E+01  0.108734E+00
  8.821570E-02  0.629382E+01  0.108087E+00
  8.848920E-02  0.628429E+01  0.106651E+00
  8.876270E-02  0.626505E+01  0.109614E+00
  8.903620E-02  0.623765E+01  0.109730E+00
  8.930970E-02  0.610281E+01  0.107581E+00
  8.958320E-02  0.597857E+01  0.106421E+00
  8.985670E-02  0.617536E+01  0.110368E+00
  9.013020E-02  0.614961E+01  0.111257E+00
  9.040370E-02  0.613197E+01  0.109972E+00
  9.067720E-02  0.583552E+01  0.107574E+00
  9.095070E-02  0.590993E+01  0.109079E+00
  9.122430E-02  0.567630E+01  0.107170E+00
  9.149780E-02  0.569328E+01  0.107420E+00
  9.177130E-02  0.562691E+01  0.107734E+00
  9.204480E-02  0.560986E+01  0.107436E+00
  9.231830E-02  0.542396E+01  0.106065E+00
  9.259180E-02  0.573094E+01  0.108716E+00
  9.286530E-02  0.551073E+01  0.106938E+00
  9.313880E-02  0.538082E+01  0.104059E+00
  9.341230E-02  0.554593E+01  0.107337E+00
  9.368580E-02  0.546251E+01  0.106972E+00
  9.395930E-02  0.560656E+01  0.108145E+00
  9.423290E-02  0.517862E+01  0.104301E+00
  9.450640E-02  0.524194E+01  0.105942E+00
  9.477990E-02  0.531832E+01  0.107996E+00
  9.505340E-02  0.502503E+01  0.104225E+00
  9.532690E-02  0.502674E+01  0.104427E+00
  9.560040E-02  0.506329E+01  0.104818E+00
  9.587390E-02  0.499557E+01  0.107223E+00
  9.614740E-02  0.508326E+01  0.107465E+00
  9.642090E-02  0.492481E+01  0.102914E+00
  9.669440E-02  0.484103E+01  0.104335E+00
  9.696790E-02  0.513088E+01  0.107615E+00
  9.724140E-02  0.492349E+01  0.106759E+00
  9.751500E-02  0.492337E+01  0.107145E+00
  9.778850E-02  0.475949E+01  0.102255E+00
  9.806200E-02  0.471877E+01  0.104783E+00
  9.833550E-02  0.441086E+01  0.101263E+00
  9.860900E-02  0.464494E+01  0.103892E+00
  9.888250E-02  0.448772E+01  0.101699E+00
  9.915600E-02  0.463519E+01  0.103858E+00
  9.942950E-02  0.439056E+01  0.103845E+00
  9.970300E-02  0.452298E+01  0.103194E+00
  9.997650E-02  0.429808E+01  0.999493E-01
  1.002500E-01  0.440111E+01  0.102813E+00
  1.005240E-01  0.432692E+01  0.103415E+00
  1.007970E-01  0.443496E+01  0.103421E+00
  1.010710E-01  0.413260E+01  0.100848E+00
  1.013440E-01  0.417451E+01  0.100805E+00
  1.016180E-01  0.423344E+01  0.102285E+00
  1.018910E-01  0.402045E+01  0.101055E+00
  1.021650E-01  0.433237E+01  0.104121E+00
  1.024380E-01  0.408696E+01  0.989233E-01
  1.027120E-01  0.397276E+01  0.101195E+00
  1.029850E-01  0.415467E+01  0.103107E+00
  1.032590E-01  0.389155E+01  0.987380E-01
  1.035320E-01  0.403683E+01  0.102775E+00
  1.038060E-01  0.409229E+01  0.102922E+00
  1.040790E-01  0.371649E+01  0.101585E+00
  1.043530E-01  0.371448E+01  0.983578E-01
  1.046260E-01  0.364187E+01  0.999809E-01
  1.049000E-01  0.371590E+01  0.995994E-01
  1.051730E-01  0.374108E+01  0.100174E+00
  1.054470E-01  0.370975E+01  0.100092E+00
  1.057200E-01  0.366780E+01  0.988033E-01
  1.059940E-01  0.367252E+01  0.990439E-01
  1.062670E-01  0.349072E+01  0.100242E+00
  1.065410E-01  0.367266E+01  0.100544E+00
  1.068140E-01  0.360044E+01  0.985779E-01
  1.070880E-01  0.354272E+01  0.996071E-01
  1.073610E-01  0.350896E+01  0.100531E+00
  1.076350E-01  0.344621E+01  0.982303E-01
  1.079080E-01  0.346682E+01  0.102782E+00
  1.081820E-01  0.342929E+01  0.976737E-01
  1.084550E-01  0.350735E+01  0.100167E+00
  1.087290E-01  0.338584E+01  0.976518E-01
  1.090020E-01  0.334349E+01  0.977974E-01
  1.092760E-01  0.327207E+01  0.981292E-01
  1.095490E-01  0.338260E+01  0.100460E+00
  1.098230E-01  0.322008E+01  0.978010E-01
  1.100960E-01  0.314942E+01  0.969048E-01
  1.103700E-01  0.315022E+01  0.951825E-01
  1.106430E-01  0.300555E+01  0.967352E-01
  1.109170E-01  0.312635E+01  0.982194E-01
  1.111900E-01  0.303988E+01  0.960837E-01
  1.114640E-01  0.304300E+01  0.978476E-01
  1.117370E-01  0.314664E+01  0.984148E-01
  1.120110E-01  0.319536E+01  0.988530E-01
  1.122840E-01  0.286024E+01  0.943726E-01
  1.125580E-01  0.300330E+01  0.969743E-01
  1.128310E-01  0.299629E+01  0.979745E-01
  1.131050E-01  0.275768E+01  0.965056E-01
  1.133780E-01  0.296560E+01  0.977887E-01
  1.136520E-01  0.294272E+01  0.952040E-01
  1.139250E-01  0.282260E+01  0.963328E-01
  1.141990E-01  0.286001E+01  0.937799E-01
  1.144720E-01  0.287580E+01  0.968441E-01
  1.147460E-01  0.279043E+01  0.966742E-01
  1.150200E-01  0.261996E+01  0.939393E-01
  1.152930E-01  0.266871E+01  0.935824E-01
  1.155670E-01  0.275119E+01  0.975423E-01
  1.158400E-01  0.267816E+01  0.957242E-01
  1.161140E-01  0.265764E+01  0.977676E-01
  1.163870E-01  0.270343E+01  0.958157E-01
  1.166610E-01  0.259127E+01  0.945962E-01
  1.169340E-01  0.266366E+01  0.969370E-01
  1.172080E-01  0.257385E+01  0.941058E-01
  1.174810E-01  0.239846E+01  0.948249E-01
  1.177550E-01  0.261151E+01  0.948892E-01
  1.180280E-01  0.246989E+01  0.936276E-01
  1.183020E-01  0.260181E+01  0.971700E-01
  1.185750E-01  0.253092E+01  0.945008E-01
  1.188490E-01  0.261244E+01  0.956155E-01
  1.191220E-01  0.249446E+01  0.963349E-01
  1.193960E-01  0.240693E+01  0.940565E-01
  1.196690E-01  0.246522E+01  0.943768E-01
  1.199430E-01  0.228404E+01  0.922624E-01
  1.202160E-01  0.245460E+01  0.956035E-01
  1.204900E-01  0.232552E+01  0.942959E-01
  1.207630E-01  0.223798E+01  0.949408E-01
  1.210370E-01  0.234235E+01  0.940972E-01
  1.213100E-01  0.222028E+01  0.939307E-01
  1.215840E-01  0.229241E+01  0.960354E-01
  1.221310E-01  0.217024E+01  0.938398E-01
  1.224040E-01  0.222426E+01  0.945833E-01
  1.226780E-01  0.227150E+01  0.966576E-01
  1.229510E-01  0.217357E+01  0.929801E-01
  1.232250E-01  0.220406E+01  0.993910E-01
  1.234980E-01  0.199991E+01  0.101741E+00
  1.237720E-01  0.217682E+01  0.105485E+00
  1.240450E-01  0.217732E+01  0.104660E+00
  1.243190E-01  0.206972E+01  0.106935E+00
  1.245920E-01  0.205455E+01  0.110995E+00
  1.248660E-01  0.204541E+01  0.109576E+00
  1.251390E-01  0.204117E+01  0.112840E+00
  1.254130E-01  0.191935E+01  0.114314E+00
  1.256860E-01  0.208850E+01  0.112075E+00
  1.259600E-01  0.186946E+01  0.112838E+00
  1.262330E-01  0.199331E+01  0.118452E+00
  1.265070E-01  0.202209E+01  0.109974E+00
  1.267800E-01  0.185510E+01  0.107844E+00
  1.270540E-01  0.200582E+01  0.100998E+00
  1.273270E-01  0.186043E+01  0.101529E+00
  1.276010E-01  0.192375E+01  0.989851E-01
  1.278740E-01  0.197484E+01  0.998176E-01
  1.281480E-01  0.174659E+01  0.971209E-01
  1.284210E-01  0.183850E+01  0.965765E-01
  1.286950E-01  0.178665E+01  0.942633E-01
  1.289680E-01  0.197799E+01  0.958180E-01
  1.292420E-01  0.172651E+01  0.945245E-01
  1.295150E-01  0.181278E+01  0.974215E-01
  1.297890E-01  0.167679E+01  0.919245E-01
  1.300620E-01  0.180775E+01  0.949886E-01
  1.303360E-01  0.179523E+01  0.942582E-01
  1.306090E-01  0.172488E+01  0.923844E-01
  1.308830E-01  0.160395E+01  0.939801E-01
  1.311570E-01  0.176067E+01  0.956663E-01
  1.314300E-01  0.169543E+01  0.953353E-01
  1.317040E-01  0.163565E+01  0.912071E-01
  1.319770E-01  0.171446E+01  0.936463E-01
  1.322510E-01  0.151795E+01  0.936205E-01
  1.325240E-01  0.155708E+01  0.937301E-01
  1.327980E-01  0.157235E+01  0.926987E-01
  1.330710E-01  0.168391E+01  0.953010E-01
  1.333450E-01  0.166666E+01  0.910343E-01
  1.336180E-01  0.160494E+01  0.935226E-01
  1.338920E-01  0.167324E+01  0.947252E-01
  1.341650E-01  0.150616E+01  0.911680E-01
  1.344390E-01  0.161737E+01  0.912094E-01
  1.347120E-01  0.150373E+01  0.929661E-01
  1.349860E-01  0.154576E+01  0.928413E-01
  1.352590E-01  0.157370E+01  0.922290E-01
  1.355330E-01  0.137275E+01  0.914427E-01
  1.358060E-01  0.147387E+01  0.913968E-01
  1.360800E-01  0.142973E+01  0.891130E-01
  1.363530E-01  0.151362E+01  0.911688E-01
  1.366270E-01  0.146210E+01  0.897943E-01
  1.369000E-01  0.145930E+01  0.923842E-01
  1.371740E-01  0.153213E+01  0.935929E-01
  1.374470E-01  0.130129E+01  0.912658E-01
  1.377210E-01  0.123437E+01  0.902934E-01
  1.379940E-01  0.148430E+01  0.892559E-01
  1.382680E-01  0.132653E+01  0.923534E-01
  1.385410E-01  0.138129E+01  0.906300E-01
  1.388150E-01  0.135798E+01  0.900291E-01
  1.390880E-01  0.140110E+01  0.908657E-01
  1.393620E-01  0.129031E+01  0.928746E-01
  1.396350E-01  0.129889E+01  0.911297E-01
  1.399090E-01  0.130322E+01  0.898378E-01
  1.401820E-01  0.116363E+01  0.913540E-01
  1.404560E-01  0.132659E+01  0.904680E-01
  1.407290E-01  0.118297E+01  0.896108E-01
  1.410030E-01  0.124398E+01  0.895927E-01
  1.412760E-01  0.133699E+01  0.900069E-01
  1.415500E-01  0.126676E+01  0.910207E-01
  1.418230E-01  0.125153E+01  0.905158E-01
  1.420970E-01  0.109730E+01  0.886681E-01
  1.423700E-01  0.126562E+01  0.907030E-01
  1.426440E-01  0.126378E+01  0.932164E-01
  1.429170E-01  0.103789E+01  0.880524E-01
  1.431910E-01  0.118163E+01  0.874931E-01
  1.434640E-01  0.109996E+01  0.907114E-01
  1.437380E-01  0.108424E+01  0.882678E-01
  1.440110E-01  0.106347E+01  0.885243E-01
  1.442850E-01  0.112034E+01  0.878981E-01
  1.445580E-01  0.133306E+01  0.920684E-01
  1.448320E-01  0.119067E+01  0.915131E-01
  1.451050E-01  0.116754E+01  0.903411E-01
  1.453790E-01  0.121371E+01  0.894069E-01
  1.456520E-01  0.121998E+01  0.878246E-01
  1.459260E-01  0.108099E+01  0.885640E-01
  1.461990E-01  0.108344E+01  0.878177E-01
  1.464730E-01  0.104615E+01  0.907790E-01
  1.467470E-01  0.109049E+01  0.891118E-01
  1.470200E-01  0.930746E+00  0.892115E-01
  1.472940E-01  0.920845E+00  0.887989E-01
  1.475670E-01  0.113922E+01  0.917701E-01
  1.478410E-01  0.103308E+01  0.885164E-01
  1.481140E-01  0.987518E+00  0.881990E-01
  1.483880E-01  0.106772E+01  0.860730E-01
  1.486610E-01  0.930872E+00  0.879075E-01
  1.489350E-01  0.107944E+01  0.873569E-01
  1.492080E-01  0.117495E+01  0.879969E-01
  1.494820E-01  0.947707E+00  0.868189E-01
  1.497550E-01  0.935989E+00  0.857246E-01
  1.500290E-01  0.756178E+00  0.843255E-01
  1.503020E-01  0.995387E+00  0.861845E-01
  1.505760E-01  0.877221E+00  0.873033E-01
  1.508490E-01  0.958714E+00  0.869066E-01
  1.511230E-01  0.899442E+00  0.858226E-01
  1.513960E-01  0.923327E+00  0.867999E-01
  1.516700E-01  0.103711E+01  0.875160E-01
  1.519430E-01  0.805063E+00  0.882991E-01
  1.522170E-01  0.891376E+00  0.885813E-01
  1.524900E-01  0.922797E+00  0.866056E-01
  1.527640E-01  0.844568E+00  0.888543E-01
  1.530370E-01  0.968894E+00  0.864519E-01
  1.533110E-01  0.909739E+00  0.870587E-01
  1.535840E-01  0.836385E+00  0.863107E-01
  1.538580E-01  0.839784E+00  0.850394E-01
  1.541310E-01  0.905647E+00  0.855707E-01
  1.544050E-01  0.858112E+00  0.884316E-01
  1.546780E-01  0.727293E+00  0.856426E-01
  1.549520E-01  0.857401E+00  0.857111E-01
  1.552250E-01  0.915980E+00  0.877144E-01
  1.554990E-01  0.975279E+00  0.866568E-01
  1.557720E-01  0.848399E+00  0.864654E-01
  1.560460E-01  0.823966E+00  0.859133E-01
  1.563190E-01  0.810719E+00  0.861859E-01
  1.565930E-01  0.829847E+00  0.849672E-01
  1.568660E-01  0.884281E+00  0.866473E-01
  1.571400E-01  0.762257E+00  0.860534E-01
  1.574130E-01  0.820432E+00  0.852043E-01
  1.576870E-01  0.830603E+00  0.871259E-01
  1.579600E-01  0.819964E+00  0.852159E-01
  1.582340E-01  0.679802E+00  0.871415E-01
  1.585070E-01  0.672662E+00  0.872700E-01
  1.587810E-01  0.849218E+00  0.841303E-01
  1.590540E-01  0.755836E+00  0.880233E-01
  1.593280E-01  0.614056E+00  0.844920E-01
  1.596010E-01  0.644038E+00  0.829336E-01
  1.598750E-01  0.643651E+00  0.850939E-01
  1.601480E-01  0.741403E+00  0.857138E-01
  1.604220E-01  0.617104E+00  0.854525E-01
  1.606950E-01  0.596187E+00  0.814747E-01
  1.609690E-01  0.747581E+00  0.835328E-01
  1.612420E-01  0.755818E+00  0.848925E-01
  1.615160E-01  0.748327E+00  0.863408E-01
  1.617890E-01  0.686079E+00  0.818219E-01
  1.620630E-01  0.662437E+00  0.877273E-01
  1.623360E-01  0.664739E+00  0.846559E-01
  1.626100E-01  0.782131E+00  0.850121E-01
  1.628840E-01  0.542104E+00  0.839948E-01
  1.631570E-01  0.757167E+00  0.848906E-01
  1.634310E-01  0.514335E+00  0.849418E-01
  1.637040E-01  0.558201E+00  0.839924E-01
  1.639780E-01  0.608435E+00  0.853232E-01
  1.642510E-01  0.585638E+00  0.850086E-01
  1.645250E-01  0.655054E+00  0.858771E-01
  1.647980E-01  0.658687E+00  0.843935E-01
  1.650720E-01  0.618417E+00  0.842962E-01
  1.653450E-01  0.748363E+00  0.831898E-01
  1.656190E-01  0.604137E+00  0.848815E-01
  1.658920E-01  0.575926E+00  0.843637E-01
  1.661660E-01  0.723912E+00  0.855503E-01
  1.664390E-01  0.595863E+00  0.826024E-01
  1.667130E-01  0.636142E+00  0.846981E-01
  1.669860E-01  0.730144E+00  0.849756E-01
  1.672600E-01  0.544739E+00  0.845130E-01
  1.675330E-01  0.519011E+00  0.840723E-01
  1.678070E-01  0.642113E+00  0.861000E-01
  1.680800E-01  0.574101E+00  0.827773E-01
  1.683540E-01  0.484505E+00  0.858779E-01
  1.686270E-01  0.355962E+00  0.851950E-01
  1.689010E-01  0.473696E+00  0.835918E-01
  1.691740E-01  0.503138E+00  0.842786E-01
  1.694480E-01  0.454362E+00  0.847954E-01
  1.697210E-01  0.558156E+00  0.844694E-01
  1.699950E-01  0.458498E+00  0.843971E-01
  1.702680E-01  0.510018E+00  0.842574E-01
  1.705420E-01  0.556996E+00  0.841044E-01
  1.708150E-01  0.441736E+00  0.848913E-01
  1.710890E-01  0.325090E+00  0.833950E-01
  1.713620E-01  0.453192E+00  0.847933E-01
  1.716360E-01  0.449667E+00  0.830832E-01
  1.719090E-01  0.297644E+00  0.836577E-01
  1.721830E-01  0.392779E+00  0.829108E-01
  1.724560E-01  0.418975E+00  0.835434E-01
  1.727300E-01  0.543112E+00  0.835299E-01
  1.730030E-01  0.549649E+00  0.838431E-01
  1.732770E-01  0.460297E+00  0.809720E-01
  1.735500E-01  0.364397E+00  0.837372E-01
  1.738240E-01  0.349955E+00  0.846324E-01
  1.740970E-01  0.408174E+00  0.837826E-01
  1.743710E-01  0.347752E+00  0.810850E-01
  1.746440E-01  0.422554E+00  0.813396E-01
  1.749180E-01  0.490144E+00  0.849845E-01
  1.751910E-01  0.461475E+00  0.836947E-01
  1.754650E-01  0.511871E+00  0.847810E-01
  1.757380E-01  0.398300E+00  0.828267E-01
  1.760120E-01  0.409991E+00  0.845912E-01
  1.762850E-01  0.445953E+00  0.823634E-01
  1.765590E-01  0.335845E+00  0.846405E-01
  1.768320E-01  0.365728E+00  0.825692E-01
  1.771060E-01  0.309892E+00  0.812999E-01
  1.773790E-01  0.506331E+00  0.830535E-01
  1.776530E-01  0.312383E+00  0.804838E-01
  1.779260E-01  0.304209E+00  0.834259E-01
  1.782000E-01  0.342473E+00  0.813358E-01
  1.784740E-01  0.486421E+00  0.841006E-01
  1.787470E-01  0.317266E+00  0.814514E-01
  1.790210E-01  0.310540E+00  0.816403E-01
  1.792940E-01  0.449146E+00  0.826756E-01
  1.795680E-01  0.406124E+00  0.848576E-01
  1.798410E-01  0.417212E+00  0.837851E-01
  1.801150E-01  0.328534E+00  0.821617E-01
  1.803880E-01  0.310090E+00  0.816050E-01
  1.806620E-01  0.317833E+00  0.829547E-01
  1.809350E-01  0.219406E+00  0.827802E-01
  1.812090E-01  0.314272E+00  0.835162E-01
  1.814820E-01  0.179011E+00  0.828429E-01
  1.817560E-01  0.442950E+00  0.842580E-01
  1.820290E-01  0.390018E+00  0.829592E-01
  1.823030E-01  0.431466E+00  0.825399E-01
  1.825760E-01  0.383354E+00  0.832247E-01
  1.828500E-01  0.305809E+00  0.815866E-01
  1.831230E-01  0.294577E+00  0.815955E-01
  1.833970E-01  0.375621E+00  0.819680E-01
  1.836700E-01  0.230081E+00  0.819476E-01
  1.839440E-01  0.281853E+00  0.836394E-01
  1.842170E-01  0.423462E+00  0.804705E-01
  1.844910E-01  0.185405E+00  0.824591E-01
  1.847640E-01  0.299883E+00  0.821356E-01
  1.850380E-01  0.369379E+00  0.843546E-01
  1.853110E-01  0.216601E+00  0.829147E-01
  1.855850E-01  0.377752E+00  0.830250E-01
  1.858580E-01  0.330585E+00  0.816761E-01
  1.861320E-01  0.363480E+00  0.843394E-01
  1.864050E-01  0.335009E+00  0.833809E-01
  1.866790E-01  0.197392E+00  0.827607E-01
  1.869520E-01  0.255081E+00  0.827070E-01
  1.872260E-01  0.199712E+00  0.829473E-01
  1.874990E-01  0.232536E+00  0.816394E-01
  1.877730E-01  0.258453E+00  0.806796E-01
  1.880460E-01  0.250207E+00  0.816801E-01
  1.883200E-01  0.263642E+00  0.798773E-01
  1.885930E-01  0.256349E+00  0.816452E-01
  1.888670E-01  0.188282E+00  0.815743E-01
  1.891400E-01  0.293768E+00  0.822274E-01
  1.894140E-01  0.228534E+00  0.809615E-01
  1.896870E-01  0.322428E+00  0.815550E-01
  1.899610E-01  0.178885E+00  0.807630E-01
  1.902340E-01  0.355692E+00  0.832008E-01
  1.905080E-01  0.232635E+00  0.807609E-01
  1.907810E-01  0.271592E+00  0.831546E-01
  1.910550E-01  0.297833E+00  0.834216E-01
  1.913280E-01  0.216322E+00  0.809537E-01
  1.916020E-01  0.261772E+00  0.802789E-01
  1.918750E-01  0.211754E+00  0.811002E-01
  1.921490E-01  0.302518E+00  0.840305E-01
  1.924220E-01  0.251151E+00  0.832914E-01
  1.926960E-01  0.254784E+00  0.761262E-01
  1.929690E-01  0.150423E+00  0.823067E-01
  1.932430E-01  0.282869E+00  0.836935E-01
  1.935160E-01  0.119532E+00  0.825812E-01
  1.937900E-01  0.163219E+00  0.821833E-01
  1.940630E-01  0.191007E+00  0.849476E-01
  1.943370E-01  0.291151E+00  0.838951E-01
  1.946110E-01  0.159056E+00  0.813889E-01
  1.948840E-01  0.303408E+00  0.832245E-01
  1.951580E-01  0.253121E+00  0.830851E-01
  1.954310E-01  0.216727E+00  0.823247E-01
  1.957050E-01  0.276754E+00  0.813396E-01
  1.959780E-01  0.305782E+00  0.817015E-01
  1.962520E-01  0.263939E+00  0.814961E-01
  1.965250E-01  0.167158E+00  0.825307E-01
  1.967990E-01  0.237482E+00  0.825003E-01
  1.970720E-01  0.378085E+00  0.843331E-01
  1.973460E-01  0.193147E+00  0.818222E-01
  1.976190E-01  0.215998E+00  0.831949E-01
  1.978930E-01  0.182104E+00  0.812795E-01
  1.981660E-01  0.135558E+00  0.803109E-01
  1.984400E-01  0.255045E+00  0.823153E-01
  1.987130E-01  0.296016E+00  0.832995E-01
  1.989870E-01  0.236493E+00  0.798647E-01
  1.992600E-01  0.193750E+00  0.814779E-01
  1.995340E-01  0.255549E+00  0.798714E-01
  1.998070E-01  0.278552E+00  0.827405E-01
  2.000810E-01  0.270683E+00  0.815023E-01
  2.003540E-01  0.161969E+00  0.827977E-01
  2.006280E-01  0.236484E+00  0.818037E-01
  2.009010E-01  0.341223E+00  0.830158E-01
  2.011750E-01  0.366906E-02  0.807239E-01
  2.014480E-01  0.293552E+00  0.835020E-01
  2.017220E-01  0.212446E+00  0.799558E-01
  2.019950E-01  0.175585E+00  0.828796E-01
  2.022690E-01  0.234802E+00  0.810630E-01
  2.025420E-01  0.236205E+00  0.808101E-01
  2.028160E-01  0.218993E+00  0.824144E-01
  2.030890E-01  0.194622E+00  0.818444E-01
  2.033630E-01  0.356978E+00  0.819176E-01
  2.036360E-01  0.173624E+00  0.805280E-01
  2.039100E-01  0.124721E+00  0.805681E-01
  2.041830E-01  0.166304E+00  0.800808E-01
  2.044570E-01  0.778957E-01  0.821030E-01
  2.047300E-01  0.233381E+00  0.804778E-01
  2.050040E-01  0.259892E+00  0.832939E-01
  2.052770E-01  0.104388E+00  0.818656E-01
  2.055510E-01  0.194991E+00  0.823789E-01
  2.058240E-01  0.325665E+00  0.832055E-01
  2.060980E-01  0.230108E+00  0.804414E-01
  2.063710E-01  0.147302E+00  0.812500E-01
  2.066450E-01  0.224245E+00  0.828897E-01
  2.069180E-01  0.128183E+00  0.837156E-01
  2.071920E-01  0.237878E+00  0.823009E-01
  2.074650E-01  0.171637E+00  0.800591E-01
  2.077390E-01  0.228201E+00  0.806285E-01
  2.080120E-01  0.167005E+00  0.808126E-01
  2.082860E-01  0.194541E+00  0.800913E-01
  2.085590E-01  0.174344E+00  0.799522E-01
  2.088330E-01  0.612770E-01  0.810980E-01
  2.091060E-01  0.101178E+00  0.803617E-01
  2.093800E-01  0.167509E+00  0.816495E-01
  2.096530E-01  0.402608E-01  0.790554E-01
  2.099270E-01  0.618885E-01  0.801046E-01
  2.102000E-01  0.156915E+00  0.807643E-01
  2.104740E-01  0.211250E+00  0.822970E-01
  2.107480E-01  0.226996E+00  0.807002E-01
  2.110210E-01  0.237392E+00  0.818089E-01
  2.112950E-01  0.804406E-01  0.794200E-01
  2.115680E-01  0.226628E+00  0.823067E-01
  2.118420E-01  0.154613E+00  0.818295E-01
  2.121150E-01  0.103795E+00  0.806888E-01
  2.123890E-01  0.117311E+00  0.808934E-01
  2.126620E-01  0.110423E+00  0.807908E-01
  2.129360E-01  0.271286E+00  0.785209E-01
  2.132090E-01  0.182419E+00  0.827787E-01
  2.134830E-01  0.625989E-01  0.821581E-01
  2.137560E-01  0.234973E+00  0.841255E-01
  2.140300E-01  0.166682E+00  0.813706E-01
  2.143030E-01  0.269514E-01  0.807917E-01
  2.145770E-01  0.208525E+00  0.817674E-01
  2.148500E-01  0.113759E+00  0.812375E-01
  2.151240E-01  0.246016E+00  0.802100E-01
  2.153970E-01  0.124685E+00  0.791122E-01
  2.156710E-01  0.202482E+00  0.794333E-01
  2.159440E-01  0.890018E-01  0.800126E-01
  2.162180E-01  0.938669E-01  0.789208E-01
  2.164910E-01  0.163687E+00  0.779744E-01
  2.167650E-01  0.109164E+00  0.823526E-01
  2.170380E-01  0.119460E+00  0.811937E-01
  2.173120E-01  0.432194E-01  0.808177E-01
  2.175850E-01  0.176313E+00  0.807337E-01
  2.178590E-01  0.234290E+00  0.810086E-01
  2.181320E-01  0.555396E-01  0.798495E-01
  2.184060E-01  0.197986E+00  0.784051E-01
  2.186790E-01  0.918435E-01  0.821830E-01
  2.189530E-01  0.107014E+00  0.809835E-01
  2.192260E-01  0.124245E+00  0.805353E-01
  2.195000E-01  0.194622E+00  0.789967E-01
  2.197730E-01  0.239344E+00  0.798709E-01
  2.200470E-01  0.155674E+00  0.810326E-01
  2.203200E-01  0.101025E+00  0.802022E-01
  2.205940E-01  0.125558E+00  0.809120E-01
  2.208670E-01  0.228399E+00  0.792491E-01
  2.211410E-01  0.997032E-01  0.824928E-01
  2.214140E-01  0.265090E+00  0.783457E-01
  2.216880E-01  0.262311E+00  0.808968E-01
  2.219610E-01  0.869604E-02  0.792774E-01
  2.222350E-01  0.958453E-01  0.812362E-01
  2.225080E-01  0.108948E+00  0.797239E-01
  2.227820E-01  0.312509E+00  0.805058E-01
  2.230550E-01  0.276960E+00  0.795966E-01
  2.233290E-01  0.250782E+00  0.818538E-01
  2.236020E-01  0.116106E+00  0.801247E-01
  2.238760E-01  0.312050E-01  0.792016E-01
  2.241490E-01  0.698201E-01  0.796357E-01
  2.244230E-01  0.228058E-01  0.782622E-01
  2.246960E-01  0.828327E-01  0.801375E-01
  2.249700E-01  0.116996E+00  0.801895E-01
  2.252430E-01  0.197221E+00  0.808702E-01
  2.255170E-01  0.184595E+00  0.797300E-01
  2.257900E-01  0.132356E+00  0.802489E-01
  2.260640E-01 -0.331924E-01  0.796371E-01
  2.263380E-01  0.230360E+00  0.817860E-01
  2.266110E-01  0.204802E+00  0.791085E-01
  2.268850E-01  0.937680E-01  0.802413E-01
  2.271580E-01  0.150270E+00  0.798673E-01
  2.274320E-01  0.857464E-01  0.787452E-01
  2.277050E-01  0.230342E+00  0.801000E-01
  2.279790E-01  0.147248E+00  0.803596E-01
  2.282520E-01  0.203660E+00  0.797034E-01
  2.285260E-01  0.169254E+00  0.793051E-01
  2.287990E-01  0.194901E+00  0.811715E-01
  2.290730E-01  0.197086E+00  0.816257E-01
  2.293460E-01  0.192851E+00  0.786358E-01
  2.296200E-01  0.168768E+00  0.819438E-01
  2.298930E-01  0.228201E+00  0.769414E-01
  2.301670E-01  0.144092E+00  0.790453E-01
  2.304400E-01  0.186331E-01  0.798207E-01
  2.307140E-01  0.165791E+00  0.805465E-01
  2.309870E-01  0.141682E+00  0.809038E-01
  2.312610E-01  0.171088E+00  0.812272E-01
  2.315340E-01  0.134191E+00  0.792482E-01
  2.318080E-01  0.295962E+00  0.784223E-01
  2.320810E-01  0.193822E+00  0.811207E-01
  2.323550E-01  0.199748E+00  0.814585E-01
  2.326280E-01  0.926799E-01  0.787955E-01
  2.329020E-01  0.255656E+00  0.806048E-01
  2.331750E-01  0.982284E-01  0.789852E-01
  2.334490E-01  0.151178E+00  0.805316E-01
  2.337220E-01  0.851978E-01  0.776440E-01
  2.339960E-01  0.946403E-01  0.826255E-01
  2.342690E-01  0.141628E+00  0.803055E-01
  2.345430E-01  0.702788E-01  0.782250E-01
  2.348160E-01  0.182860E+00  0.801252E-01
  2.350900E-01  0.225504E+00  0.815155E-01
  2.353630E-01  0.672302E-01  0.801967E-01
  2.356370E-01  0.142653E+00  0.784742E-01
  2.359100E-01  0.280728E+00  0.812784E-01
  2.361840E-01  0.231951E+00  0.799478E-01
  2.364570E-01  0.185099E+00  0.807909E-01
  2.367310E-01  0.438309E-01  0.803464E-01
  2.370040E-01  0.190207E+00  0.781364E-01
  2.372780E-01  0.147500E+00  0.803613E-01
  2.375510E-01  0.225027E+00  0.812502E-01
  2.378250E-01  0.144065E+00  0.796103E-01
  2.380980E-01  0.298291E+00  0.817133E-01
  2.383720E-01  0.251223E+00  0.812479E-01
  2.386450E-01  0.163291E+00  0.811595E-01
  2.389190E-01  0.180108E+00  0.802190E-01
  2.391920E-01  0.157923E+00  0.800507E-01
  2.394660E-01  0.278408E+00  0.810121E-01
  2.397390E-01  0.198219E+00  0.776441E-01
  2.400130E-01  0.991457E-01  0.784685E-01
  2.402860E-01  0.846043E-01  0.787797E-01
  2.405600E-01  0.780845E-01  0.783126E-01
  2.408330E-01  0.117293E+00  0.785509E-01
  2.411070E-01  0.629496E-01  0.773851E-01
  2.413800E-01 -0.682554E-02  0.771175E-01
  2.416540E-01  0.125378E+00  0.810257E-01
  2.419270E-01  0.177716E+00  0.793752E-01
  2.422010E-01  0.340288E-01  0.801299E-01
  2.424750E-01  0.178183E+00  0.791914E-01
  2.427480E-01  0.151214E+00  0.800646E-01
  2.430220E-01  0.673471E-01  0.806382E-01
  2.432950E-01  0.167644E+00  0.808300E-01
  2.435690E-01  0.176205E+00  0.786071E-01
  2.438420E-01  0.309577E+00  0.801229E-01
  2.441160E-01  0.258228E+00  0.808287E-01
  2.443890E-01  0.147743E+00  0.790794E-01
  2.446630E-01  0.364838E-01  0.790260E-01
  2.449360E-01  0.117095E+00  0.791181E-01
  2.452100E-01  0.114415E+00  0.800410E-01
  2.454830E-01  0.247167E+00  0.817161E-01
  2.457570E-01  0.204523E+00  0.802843E-01
  2.460300E-01  0.146538E+00  0.804024E-01
  2.463040E-01  0.169730E+00  0.812783E-01
  2.465770E-01  0.138453E+00  0.780636E-01
  2.468510E-01  0.169020E+00  0.797105E-01
  2.471240E-01  0.128831E+00  0.793901E-01
  2.473980E-01  0.183498E+00  0.808927E-01
  2.476710E-01  0.100674E+00  0.776989E-01
  2.479450E-01  0.136457E+00  0.784016E-01
  2.482180E-01  0.206025E+00  0.792219E-01
  2.484920E-01  0.302887E+00  0.786344E-01
  2.487650E-01  0.137896E+00  0.779313E-01
  2.490390E-01  0.162653E+00  0.781523E-01
  2.493120E-01  0.240504E+00  0.794492E-01
  2.495860E-01  0.285701E+00  0.797783E-01
  2.498590E-01  0.243543E+00  0.788272E-01
  2.501330E-01  0.100980E+00  0.768774E-01
  2.504060E-01  0.150980E+00  0.779206E-01
  2.506800E-01  0.212149E+00  0.789492E-01
  2.509530E-01  0.183759E+00  0.813347E-01
  2.512270E-01  0.742356E-01  0.774130E-01
  2.515000E-01  0.143750E+00  0.780887E-01
  2.517740E-01  0.231088E+00  0.767860E-01
  2.520470E-01  0.233903E-01  0.796222E-01
  2.523210E-01  0.139793E+00  0.796868E-01
  2.525940E-01  0.229739E+00  0.789663E-01
  2.528680E-01  0.194928E+00  0.770597E-01
  2.531410E-01  0.343462E+00  0.806363E-01
  2.534150E-01  0.261915E+00  0.787726E-01
  2.536880E-01  0.986061E-01  0.784621E-01
  2.539620E-01  0.335162E-01  0.781719E-01
  2.542350E-01  0.175180E+00  0.819980E-01
  2.545090E-01  0.188444E+00  0.817997E-01
  2.547820E-01  0.103975E+00  0.795404E-01
  2.550560E-01  0.214083E+00  0.777690E-01
  2.553290E-01  0.610971E-01  0.780417E-01
  2.556030E-01  0.549371E-01  0.784343E-01
  2.558760E-01  0.180171E+00  0.802221E-01
  2.561500E-01  0.156430E+00  0.784047E-01
  2.564230E-01  0.139739E+00  0.777485E-01
  2.566970E-01  0.120845E+00  0.777085E-01
  2.569700E-01  0.193705E+00  0.779509E-01
  2.572440E-01  0.121547E+00  0.809393E-01
  2.575170E-01  0.142770E+00  0.807129E-01
  2.577910E-01  0.161277E+00  0.831489E-01
  2.580650E-01  0.172320E+00  0.800015E-01
  2.583380E-01  0.178930E+00  0.893728E-01
  2.586120E-01  0.194928E+00  0.938134E-01
  2.588850E-01  0.260612E+00  0.932222E-01
  2.591590E-01  0.203210E+00  0.100425E+00
  2.594320E-01  0.286951E+00  0.105848E+00
  2.597060E-01  0.863669E-01  0.111964E+00
  2.599790E-01  0.190809E+00  0.108435E+00
  2.602530E-01  0.212797E+00  0.111531E+00
  2.605260E-01  0.275432E+00  0.112435E+00
  2.608000E-01  0.169478E+00  0.117487E+00
  2.610730E-01  0.183255E+00  0.117733E+00
  2.613470E-01  0.383103E+00  0.122476E+00
  2.616200E-01  0.133147E+00  0.102614E+00
  2.618940E-01  0.254496E-01  0.939586E-01
  2.621670E-01  0.727878E-01  0.900325E-01
  2.624410E-01  0.234433E+00  0.892536E-01
  2.627140E-01  0.149730E+00  0.892637E-01
  2.629880E-01  0.192941E+00  0.867874E-01
  2.632610E-01  0.318327E+00  0.851749E-01
  2.635350E-01  0.142698E+00  0.845352E-01
  2.638080E-01  0.312032E+00  0.848332E-01
  2.640820E-01  0.248399E+00  0.888965E-01
  2.643550E-01  0.219559E+00  0.862808E-01
  2.646290E-01  0.238309E+00  0.861271E-01
  2.649020E-01  0.261736E+00  0.872682E-01
  2.651760E-01  0.310809E+00  0.856777E-01
  2.654490E-01  0.220297E+00  0.848861E-01
  2.657230E-01  0.634982E-01  0.846199E-01
  2.659960E-01  0.222815E+00  0.843562E-01
  2.662700E-01  0.172401E+00  0.856749E-01
  2.665430E-01  0.132347E+00  0.855617E-01
  2.668170E-01  0.203723E+00  0.838424E-01
  2.670900E-01  0.143876E+00  0.860955E-01
  2.673640E-01  0.218013E+00  0.862168E-01
  2.676370E-01  0.134802E+00  0.854865E-01
  2.679110E-01  0.328939E+00  0.867491E-01
  2.681840E-01  0.131385E+00  0.838732E-01
  2.684580E-01  0.687500E-01  0.853372E-01
  2.687310E-01  0.263831E+00  0.857056E-01
  2.690050E-01  0.176349E+00  0.827891E-01
  2.692780E-01  0.751709E-01  0.863141E-01
  2.695520E-01 -0.458453E-01  0.815251E-01
  2.698250E-01  0.973381E-01  0.820365E-01
  2.700990E-01  0.511781E-01  0.827228E-01
  2.703720E-01  0.111133E+00  0.838094E-01
  2.706460E-01  0.207770E+00  0.831725E-01
  2.709190E-01  0.183939E+00  0.819898E-01
  2.711930E-01  0.653417E-01  0.812485E-01
  2.714660E-01  0.207401E+00  0.834182E-01
  2.717400E-01  0.249811E+00  0.823190E-01
  2.720130E-01  0.267185E+00  0.827972E-01
  2.722870E-01  0.246951E+00  0.824111E-01
  2.725600E-01  0.163300E+00  0.812703E-01
  2.728340E-01  0.169119E+00  0.812571E-01
  2.731070E-01  0.172446E+00  0.783605E-01
  2.733810E-01  0.270782E+00  0.811913E-01
  2.736540E-01  0.105665E+00  0.788959E-01
  2.739280E-01  0.187851E+00  0.805208E-01
  2.742020E-01  0.128714E+00  0.770543E-01
  2.744750E-01  0.380144E+00  0.783116E-01
  2.747490E-01  0.143255E+00  0.785217E-01
  2.750220E-01  0.257500E+00  0.797578E-01
  2.752960E-01  0.673291E-01  0.789088E-01
  2.755690E-01  0.138309E+00  0.778668E-01
  2.758430E-01  0.204712E+00  0.786919E-01
  2.761160E-01  0.119424E+00  0.798811E-01
  2.763900E-01  0.290495E+00  0.788895E-01
  2.766630E-01  0.295917E+00  0.799451E-01
  2.769370E-01  0.131169E+00  0.801080E-01
  2.772100E-01  0.211043E+00  0.807471E-01
  2.774840E-01  0.295513E+00  0.814208E-01
  2.777570E-01  0.119308E+00  0.778965E-01
  2.780310E-01  0.135594E+00  0.806100E-01
  2.783040E-01  0.234101E+00  0.803328E-01
  2.785780E-01  0.162149E+00  0.775408E-01
  2.788510E-01  0.290827E+00  0.802101E-01
  2.791250E-01  0.219191E+00  0.802065E-01
  2.793980E-01  0.107959E+00  0.782049E-01
  2.796720E-01  0.264595E+00  0.791090E-01
  2.799450E-01  0.216358E+00  0.787803E-01
  2.802190E-01  0.210333E+00  0.799382E-01
  2.804920E-01  0.170189E+00  0.798746E-01
  2.807660E-01  0.279415E+00  0.821118E-01
  2.810390E-01  0.242419E+00  0.799664E-01
  2.813130E-01  0.196403E+00  0.800923E-01
  2.815860E-01  0.243183E+00  0.791144E-01
  2.818600E-01  0.129703E+00  0.796408E-01
  2.821330E-01  0.196304E+00  0.792780E-01
  2.824070E-01  0.238777E+00  0.790844E-01
  2.826800E-01  0.222023E+00  0.783712E-01
  2.829540E-01  0.613309E-01  0.802173E-01
  2.832270E-01  0.119065E+00  0.788552E-01
  2.835010E-01  0.266637E+00  0.807460E-01
  2.837740E-01  0.227293E+00  0.795537E-01
  2.840480E-01  0.290899E+00  0.811242E-01
  2.843210E-01  0.616727E-01  0.787099E-01
  2.845950E-01  0.339299E+00  0.811054E-01
  2.848680E-01  0.220890E+00  0.798133E-01
  2.851420E-01  0.241906E+00  0.798584E-01
  2.854150E-01  0.144496E+00  0.782547E-01
  2.856890E-01  0.149092E+00  0.798577E-01
  2.859620E-01  0.148957E+00  0.780168E-01
  2.862360E-01  0.183903E+00  0.800557E-01
  2.865090E-01  0.516097E-01  0.795743E-01
  2.867830E-01  0.224101E+00  0.806370E-01
  2.870560E-01  0.235540E+00  0.806921E-01
  2.873300E-01  0.181529E+00  0.783856E-01
  2.876030E-01  0.186691E+00  0.781716E-01
  2.878770E-01  0.192500E+00  0.798025E-01
  2.881500E-01  0.195360E+00  0.796602E-01
  2.884240E-01  0.149766E+00  0.786686E-01
  2.886970E-01  0.118777E+00  0.779431E-01
  2.889710E-01  0.194982E+00  0.805939E-01
  2.892440E-01  0.137770E+00  0.784031E-01
  2.895180E-01 -0.420863E-02  0.775648E-01
  2.897920E-01  0.173417E+00  0.811299E-01
  2.900650E-01  0.202770E+00  0.813090E-01
  2.903390E-01  0.184658E+00  0.795796E-01
  2.906120E-01  0.253013E+00  0.786081E-01
  2.908860E-01  0.486691E-01  0.783024E-01
  2.911590E-01  0.165818E+00  0.785727E-01
  2.914330E-01  0.282725E+00  0.801425E-01
  2.917060E-01  0.137050E+00  0.767982E-01
  2.919800E-01  0.129487E+00  0.801196E-01
  2.922530E-01  0.211313E+00  0.803710E-01
  2.925270E-01  0.160638E+00  0.772309E-01
  2.928000E-01  0.260746E+00  0.803157E-01
  2.930740E-01 -0.139658E-01  0.783782E-01
  2.933470E-01  0.177329E+00  0.773228E-01
  2.936210E-01  0.241115E+00  0.790702E-01
  2.938940E-01  0.203183E+00  0.815032E-01
  2.941680E-01  0.279892E+00  0.794153E-01
  2.944410E-01  0.219595E+00  0.799453E-01
  2.947150E-01  0.165773E+00  0.797022E-01
  2.949880E-01  0.249676E+00  0.783565E-01
  2.952620E-01  0.688399E-01  0.788731E-01
  2.955350E-01  0.144856E+00  0.802565E-01
  2.958090E-01  0.149604E+00  0.800543E-01
  2.960820E-01  0.233004E+00  0.806405E-01
  2.963560E-01  0.850270E-01  0.820799E-01
  2.966290E-01  0.232833E+00  0.785087E-01
  2.969030E-01  0.204640E+00  0.792009E-01
  2.971760E-01  0.321070E+00  0.782295E-01
  2.974500E-01  0.180342E+00  0.808843E-01
  2.977230E-01  0.265917E+00  0.798567E-01
  2.979970E-01  0.272203E+00  0.805696E-01
  2.982700E-01  0.333507E+00  0.828041E-01
  2.985440E-01  0.319451E+00  0.808338E-01
  2.988170E-01  0.188939E+00  0.778420E-01
  2.990910E-01  0.153579E+00  0.793942E-01
  2.993640E-01  0.198390E+00  0.786458E-01
  2.996380E-01  0.163912E+00  0.786997E-01
  2.999110E-01  0.245576E+00  0.798785E-01
  3.001850E-01  0.250360E+00  0.778396E-01
  3.004580E-01  0.860881E-01  0.774293E-01
  3.007320E-01  0.214757E+00  0.776381E-01
  3.010050E-01  0.170513E+00  0.816195E-01
  3.012790E-01  0.228219E+00  0.794051E-01
  3.015520E-01  0.158085E+00  0.798006E-01
  3.018260E-01  0.126322E+00  0.800362E-01
  3.020990E-01  0.246304E+00  0.804997E-01
  3.023730E-01  0.130827E+00  0.782289E-01
  3.026460E-01  0.963669E-01  0.780364E-01
  3.029200E-01  0.271619E+00  0.799991E-01
  3.031930E-01  0.184955E+00  0.786731E-01
  3.034670E-01  0.210917E+00  0.792746E-01
  3.037400E-01  0.136205E+00  0.793896E-01
  3.040140E-01  0.163094E+00  0.782487E-01
  3.042870E-01  0.263795E+00  0.808312E-01
  3.045610E-01  0.133804E+00  0.771588E-01
  3.048340E-01  0.171556E+00  0.781217E-01
  3.051080E-01  0.165369E+00  0.775571E-01
  3.053810E-01  0.176133E+00  0.782516E-01
  3.056550E-01  0.886241E-01  0.751675E-01
  3.059290E-01  0.185818E+00  0.761153E-01
  3.062020E-01  0.207320E+00  0.775109E-01
  3.064760E-01  0.366906E-01  0.800515E-01
  3.067490E-01  0.116637E+00  0.793440E-01
  3.070230E-01  0.254281E+00  0.807727E-01
  3.072960E-01  0.275387E+00  0.795914E-01
  3.075700E-01  0.291736E+00  0.775845E-01
  3.078430E-01  0.132491E+00  0.788566E-01
  3.081170E-01  0.224218E+00  0.796219E-01
  3.083900E-01  0.140108E+00  0.810957E-01
  3.086640E-01  0.210090E+00  0.786574E-01
  3.089370E-01  0.146322E+00  0.789696E-01
  3.092110E-01  0.249047E+00  0.773477E-01
  3.094840E-01  0.264182E+00  0.774008E-01
  3.097580E-01  0.179209E+00  0.786068E-01
  3.100310E-01  0.306313E+00  0.787902E-01
  3.103050E-01  0.219056E+00  0.785087E-01
  3.105780E-01  0.224478E+00  0.781429E-01
  3.108520E-01  0.246205E+00  0.805130E-01
  3.111250E-01  0.241781E+00  0.784042E-01
  3.113990E-01  0.156259E+00  0.793107E-01
  3.116720E-01  0.134442E+00  0.766442E-01
  3.119460E-01  0.221942E+00  0.792402E-01
  3.122190E-01  0.165791E+00  0.749791E-01
  3.124930E-01  0.155567E+00  0.761339E-01
  3.127660E-01  0.115504E+00  0.792577E-01
  3.130400E-01  0.203687E+00  0.790162E-01
  3.133130E-01  0.200773E+00  0.774382E-01
  3.135870E-01  0.185126E+00  0.784674E-01
  3.138600E-01  0.239658E+00  0.770405E-01
  3.141340E-01  0.116421E+00  0.781977E-01
  3.144070E-01  0.160782E+00  0.766646E-01
  3.146810E-01  0.138768E+00  0.786626E-01
  3.149540E-01  0.178822E+00  0.783537E-01
  3.152280E-01  0.254640E+00  0.783826E-01
  3.155010E-01  0.207113E+00  0.786070E-01
  3.157750E-01  0.288210E+00  0.780310E-01
  3.160480E-01  0.155683E+00  0.799214E-01
  3.163220E-01  0.266016E+00  0.786236E-01
  3.165950E-01  0.162266E+00  0.776958E-01
  3.168690E-01  0.169577E+00  0.768848E-01
  3.171420E-01  0.236915E+00  0.794523E-01
  3.174160E-01  0.911241E-01  0.777051E-01
  3.176890E-01  0.297356E+00  0.788322E-01
  3.179630E-01  0.716187E-01  0.779049E-01
  3.182360E-01  0.175180E+00  0.763662E-01
  3.185100E-01  0.259523E+00  0.773885E-01
  3.187830E-01  0.167842E+00  0.782105E-01
  3.190570E-01  0.153633E+00  0.777127E-01
  3.193300E-01  0.233543E+00  0.790545E-01
  3.196040E-01  0.191133E+00  0.772534E-01
  3.198770E-01  0.178192E+00  0.768981E-01
  3.201510E-01  0.261295E+00  0.794115E-01
  3.204240E-01  0.143399E+00  0.796294E-01
  3.206980E-01  0.165396E+00  0.786355E-01
  3.209710E-01  0.155935E+00  0.770087E-01
  3.212450E-01  0.863040E-01  0.764287E-01
  3.215190E-01  0.161862E+00  0.768315E-01
  3.217920E-01  0.266700E+00  0.774711E-01
  3.220660E-01  0.281628E+00  0.792361E-01
  3.223390E-01  0.209011E+00  0.774433E-01
  3.226130E-01  0.197635E+00  0.776620E-01
  3.228860E-01  0.125854E+00  0.753768E-01
  3.231600E-01  0.157698E+00  0.778382E-01
  3.234330E-01  0.133129E+00  0.770659E-01
  3.237070E-01  0.114245E+00  0.774195E-01
  3.239800E-01  0.940288E-01  0.763574E-01
  3.242540E-01  0.179739E+00  0.773354E-01
  3.245270E-01  0.207527E+00  0.769263E-01
  3.248010E-01  0.532824E-01  0.762761E-01
  3.250740E-01  0.412050E-01  0.772440E-01
  3.253480E-01  0.241169E+00  0.807761E-01
  3.256210E-01  0.180549E+00  0.774096E-01
  3.258950E-01  0.217959E+00  0.769742E-01
  3.261680E-01  0.249550E+00  0.772302E-01
  3.264420E-01  0.195090E+00  0.784518E-01
  3.267150E-01  0.329245E+00  0.800777E-01
  3.269890E-01 -0.606115E-02  0.790975E-01
  3.272620E-01  0.122338E+00  0.794314E-01
  3.275360E-01  0.149928E+00  0.773468E-01
  3.278090E-01  0.140279E+00  0.760469E-01
  3.280830E-01  0.198076E+00  0.771550E-01
  3.283560E-01  0.146214E+00  0.782797E-01
  3.286300E-01  0.556295E-01  0.780842E-01
  3.289030E-01  0.127878E-01  0.768969E-01
  3.291770E-01  0.852428E-01  0.766612E-01
  3.294500E-01  0.194209E+00  0.793135E-01
  3.297240E-01  0.606385E-01  0.789472E-01
  3.299970E-01  0.142005E+00  0.753531E-01
  3.302710E-01  0.242230E+00  0.790564E-01
  3.305440E-01  0.125027E+00  0.776691E-01
  3.308180E-01  0.149083E+00  0.781623E-01
  3.310910E-01  0.608993E-01  0.777176E-01
  3.313650E-01  0.219191E+00  0.767445E-01
  3.316380E-01  0.116061E+00  0.789137E-01
  3.319120E-01  0.182203E+00  0.764622E-01
  3.321850E-01  0.185297E+00  0.778140E-01
  3.324590E-01  0.734442E-01  0.772238E-01
  3.327320E-01  0.131178E+00  0.773043E-01
  3.330060E-01  0.447482E-01  0.778461E-01
  3.332790E-01  0.128795E+00  0.779352E-01
  3.335530E-01  0.142752E+00  0.760231E-01
  3.338260E-01  0.219442E+00  0.772676E-01
  3.341000E-01  0.239775E+00  0.763995E-01
  3.343730E-01  0.137635E+00  0.784132E-01
  3.346470E-01  0.165764E+00  0.773425E-01
  3.349200E-01  0.321493E-01  0.769493E-01
  3.351940E-01  0.225288E+00  0.763286E-01
  3.354670E-01  0.285549E+00  0.791761E-01
  3.357410E-01  0.914838E-01  0.775877E-01
  3.360140E-01  0.194523E+00  0.776156E-01
  3.362880E-01  0.176511E+00  0.756669E-01
  3.365610E-01  0.193894E+00  0.767779E-01
  3.368350E-01  0.917446E-01  0.760330E-01
  3.371080E-01  0.223372E+00  0.781353E-01
  3.373820E-01  0.826439E-01  0.765433E-01
  3.376560E-01  0.102248E+00  0.762703E-01
  3.379290E-01  0.995504E-01  0.765775E-01
  3.382030E-01  0.178903E+00  0.797722E-01
  3.384760E-01  0.983543E-01  0.762901E-01
  3.387500E-01  0.232446E+00  0.778722E-01
  3.390230E-01  0.329335E+00  0.772549E-01
  3.392970E-01  0.164964E+00  0.797907E-01
  3.395700E-01  0.213777E+00  0.769484E-01
  3.398440E-01  0.464388E-01  0.782057E-01
  3.401170E-01  0.164874E+00  0.771247E-01
  3.403910E-01  0.136223E+00  0.783890E-01
  3.406640E-01  0.222689E+00  0.784649E-01
  3.409380E-01  0.222275E+00  0.751323E-01
  3.412110E-01  0.180225E+00  0.783812E-01
  3.414850E-01  0.107050E+00  0.769594E-01
  3.417580E-01  0.426888E-01  0.776674E-01
  3.420320E-01  0.199667E+00  0.774415E-01
  3.423050E-01  0.188049E+00  0.767356E-01
  3.425790E-01  0.135126E+00  0.763125E-01
  3.428520E-01  0.131601E+00  0.769524E-01
  3.431260E-01  0.216331E+00  0.782692E-01
  3.433990E-01  0.185045E+00  0.781058E-01
  3.436730E-01  0.188399E+00  0.768544E-01
  3.439460E-01  0.200441E+00  0.743688E-01
  3.442200E-01  0.153579E+00  0.764975E-01
  3.444930E-01  0.152716E+00  0.768829E-01
  3.447670E-01  0.186241E+00  0.777842E-01
  3.450400E-01  0.604676E-01  0.752364E-01
  3.453140E-01  0.254838E+00  0.776145E-01
  3.455870E-01  0.161097E+00  0.785566E-01
  3.458610E-01  0.115468E+00  0.782424E-01
  3.461340E-01  0.280737E+00  0.777329E-01
  3.464080E-01  0.659532E-01  0.798071E-01
  3.466810E-01  0.144038E+00  0.773768E-01
  3.469550E-01  0.148516E+00  0.786675E-01
  3.472280E-01  0.162167E+00  0.773519E-01
  3.475020E-01  0.151511E+00  0.766421E-01
  3.477750E-01  0.981835E-01  0.773570E-01
  3.480490E-01  0.680306E-01  0.762523E-01
  3.483220E-01  0.139802E+00  0.773884E-01
  3.485960E-01  0.213246E+00  0.769184E-01
  3.488690E-01  0.202770E+00  0.769445E-01
  3.491430E-01  0.268040E+00  0.790400E-01
  3.494160E-01  0.125432E+00  0.766403E-01
  3.496900E-01  0.218615E-01  0.753617E-01
  3.499630E-01  0.130126E+00  0.771939E-01
  3.502370E-01  0.162977E+00  0.764613E-01
  3.505100E-01  0.196763E+00  0.769731E-01
  3.507840E-01  0.278615E+00  0.755725E-01
  3.510570E-01  0.174254E+00  0.799943E-01
  3.513310E-01  0.184317E+00  0.777764E-01
  3.516040E-01  0.148966E+00  0.785270E-01
  3.518780E-01  0.922752E-01  0.764143E-01
  3.521510E-01  0.177626E+00  0.764927E-01
  3.524250E-01  0.255674E+00  0.764398E-01
  3.526980E-01  0.293741E+00  0.759957E-01
  3.529720E-01  0.215216E+00  0.768885E-01
  3.532450E-01  0.238273E+00  0.777496E-01
  3.535190E-01  0.262617E+00  0.793173E-01
  3.537930E-01  0.149191E+00  0.752519E-01
  3.540660E-01  0.916547E-01  0.774744E-01
  3.543400E-01  0.149811E+00  0.763329E-01
  3.546130E-01  0.995054E-01  0.778011E-01
  3.548870E-01  0.162869E+00  0.751936E-01
  3.551600E-01  0.186448E+00  0.767050E-01
  3.554340E-01  0.118876E+00  0.778133E-01
  3.557070E-01  0.110863E+00  0.771970E-01
  3.559810E-01  0.199874E+00  0.760392E-01
  3.562540E-01  0.715917E-01  0.754248E-01
  3.565280E-01  0.246996E+00  0.763334E-01
  3.568010E-01  0.613579E-01  0.783116E-01
  3.570750E-01  0.188417E+00  0.784643E-01
  3.573480E-01  0.155000E+00  0.767207E-01
  3.576220E-01  0.207806E+00  0.761709E-01
  3.578950E-01  0.232221E+00  0.769886E-01
  3.581690E-01  0.761331E-01  0.758681E-01
  3.584420E-01  0.813489E-01  0.756267E-01
  3.587160E-01  0.614658E-01  0.767216E-01
  3.589890E-01  0.210845E+00  0.760886E-01
  3.592630E-01  0.153237E+00  0.751258E-01
  3.595360E-01  0.637140E-01  0.749823E-01
  3.598100E-01  0.148678E+00  0.765534E-01
  3.600830E-01  0.146169E+00  0.779073E-01
  3.603570E-01  0.161610E+00  0.785502E-01
  3.606300E-01  0.123840E+00  0.760092E-01
  3.609040E-01  0.254586E-01  0.750153E-01
  3.611770E-01  0.188813E+00  0.762045E-01
  3.614510E-01  0.119739E+00  0.762978E-01
  3.617240E-01  0.163705E+00  0.773906E-01
  3.619980E-01  0.128516E+00  0.768663E-01
  3.622710E-01  0.510162E-01  0.763186E-01
  3.625450E-01  0.133768E+00  0.769363E-01
  3.628180E-01 -0.714928E-02  0.738886E-01
  3.630920E-01  0.214299E-01  0.740401E-01
  3.633650E-01  0.157383E+00  0.786348E-01
  3.636390E-01  0.224388E+00  0.752798E-01
  3.639120E-01  0.146493E+00  0.780606E-01
  3.641860E-01  0.765468E-01  0.768181E-01
  3.644590E-01  0.205638E+00  0.759139E-01
  3.647330E-01  0.475719E-02  0.743507E-01
  3.650060E-01  0.131502E+00  0.758953E-01
  3.652800E-01  0.242545E+00  0.768430E-01
  3.655530E-01  0.237734E+00  0.764927E-01
  3.658270E-01  0.269676E+00  0.755797E-01
  3.661000E-01  0.143112E+00  0.779081E-01
  3.663740E-01  0.228777E+00  0.770036E-01
  3.666470E-01  0.126070E+00  0.762610E-01
  3.669210E-01  0.107824E+00  0.753787E-01
  3.671940E-01  0.199685E+00  0.750340E-01
  3.674680E-01 -0.109532E-01  0.765763E-01
  3.677410E-01  0.151061E+00  0.762866E-01
  3.680150E-01  0.168228E+00  0.767778E-01
  3.682880E-01  0.100396E+00  0.776256E-01
  3.685620E-01  0.198462E+00  0.756974E-01
  3.688350E-01  0.207014E+00  0.764645E-01
  3.691090E-01  0.998921E-01  0.754084E-01
  3.693830E-01  0.112995E+00  0.765159E-01
  3.696560E-01  0.786871E-01  0.750101E-01
  3.699300E-01  0.417986E-01  0.753700E-01
  3.702030E-01  0.159344E+00  0.767715E-01
  3.704770E-01  0.787140E-01  0.753508E-01
  3.707500E-01  0.155998E+00  0.761831E-01
  3.710240E-01  0.281655E-01  0.771240E-01
  3.712970E-01  0.159263E+00  0.770662E-01
  3.715710E-01  0.126826E+00  0.765063E-01
  3.718440E-01  0.195800E+00  0.758642E-01
  3.721180E-01  0.417806E-01  0.780143E-01
  3.723910E-01  0.162311E+00  0.753844E-01
  3.726650E-01  0.148354E+00  0.757324E-01
  3.729380E-01  0.636871E-01  0.753939E-01
  3.732120E-01  0.211996E+00  0.769633E-01
  3.734850E-01  0.133975E+00  0.757472E-01
  3.737590E-01  0.146619E+00  0.780106E-01
  3.740320E-01  0.257968E+00  0.763062E-01
  3.743060E-01  0.199020E+00  0.787613E-01
  3.745790E-01  0.194092E+00  0.758135E-01
  3.748530E-01  0.804676E-01  0.762836E-01
  3.751260E-01  0.109272E+00  0.759337E-01
  3.754000E-01  0.154838E+00  0.767086E-01
  3.756730E-01  0.180000E+00  0.751835E-01
  3.759470E-01 -0.423471E-01  0.766174E-01
  3.762200E-01  0.108085E+00  0.771188E-01
  3.764940E-01  0.257275E+00  0.792675E-01
  3.767670E-01  0.118372E+00  0.745411E-01
  3.770410E-01  0.697032E-01  0.773748E-01
  3.773140E-01  0.348381E-01  0.742569E-01
  3.775880E-01  0.776888E-01  0.757776E-01
  3.778610E-01  0.170576E+00  0.782648E-01
  3.781350E-01  0.101412E+00  0.755292E-01
  3.784080E-01  0.207302E+00  0.757054E-01
  3.786820E-01  0.103507E+00  0.766166E-01
  3.789550E-01  0.180288E+00  0.769981E-01
  3.792290E-01  0.255306E-01  0.737382E-01
  3.795020E-01  0.477518E-01  0.761933E-01
  3.797760E-01  0.139523E+00  0.777356E-01
  3.800490E-01  0.106709E+00  0.758833E-01
  3.803230E-01 -0.835432E-02  0.731259E-01
  3.805960E-01  0.133669E+00  0.749494E-01
  3.808700E-01 -0.207104E-01  0.763930E-01
  3.811430E-01  0.128804E+00  0.754993E-01
  3.814170E-01  0.589209E-01  0.752441E-01
  3.816900E-01  0.214200E+00  0.756181E-01
  3.819640E-01  0.121160E+00  0.771653E-01
  3.822370E-01  0.286574E+00  0.751047E-01
  3.825110E-01  0.200899E-01  0.742908E-01
  3.827840E-01  0.117122E+00  0.768639E-01
  3.830580E-01  0.215612E+00  0.781134E-01
  3.833310E-01  0.112914E+00  0.751846E-01
  3.836050E-01  0.199442E+00  0.751063E-01
  3.838780E-01  0.127797E+00  0.756202E-01
  3.841520E-01  0.197581E+00  0.759402E-01
  3.844250E-01  0.144379E+00  0.757827E-01
  3.846990E-01  0.230755E+00  0.754072E-01
  3.849720E-01  0.119227E+00  0.734239E-01
  3.852460E-01  0.534622E-01  0.757508E-01
  3.855200E-01  0.103777E+00  0.742454E-01
  3.857930E-01  0.640827E-01  0.770093E-01
  3.860670E-01  0.788939E-01  0.749406E-01
  3.863400E-01  0.680665E-01  0.762811E-01
  3.866140E-01  0.731475E-01  0.738250E-01
  3.868870E-01  0.257806E+00  0.753219E-01
  3.871610E-01  0.801349E-01  0.761557E-01
  3.874340E-01  0.102536E+00  0.739494E-01
  3.877080E-01  0.147032E+00  0.759379E-01
  3.879810E-01  0.417266E-01  0.758843E-01
  3.882550E-01  0.127005E+00  0.762330E-01
  3.885280E-01  0.633094E-01  0.751898E-01
  3.888020E-01  0.506385E-01  0.781950E-01
  3.890750E-01  0.847032E-01  0.743118E-01
  3.893490E-01  0.126196E+00  0.780733E-01
  3.896220E-01  0.445504E-01  0.757728E-01
  3.898960E-01  0.238660E+00  0.771607E-01
  3.901690E-01  0.103966E+00  0.760823E-01
  3.904430E-01  0.161835E+00  0.741953E-01
  3.907160E-01  0.576888E-01  0.761567E-01
  3.909900E-01  0.149379E+00  0.757515E-01
  3.912630E-01  0.117500E+00  0.755888E-01
  3.915370E-01  0.663579E-01  0.756958E-01
  3.918100E-01  0.692806E-01  0.765804E-01
  3.920840E-01  0.108723E+00  0.745757E-01
  3.923570E-01  0.939299E-01  0.773449E-01
  3.926310E-01  0.186178E+00  0.768804E-01
  3.929040E-01  0.181340E+00  0.776566E-01
  3.931780E-01  0.857284E-01  0.779431E-01
  3.934510E-01  0.111781E+00  0.747487E-01
  3.937250E-01  0.758543E-01  0.874446E-01
  3.939980E-01 -0.731295E-01  0.940533E-01
  3.942720E-01  0.210513E+00  0.974500E-01
  3.945450E-01 -0.556565E-01  0.100219E+00
  3.948190E-01  0.124829E+00  0.111797E+00
  3.950920E-01  0.413040E-01  0.108008E+00
  3.953660E-01  0.364209E+00  0.116225E+00
  3.956390E-01  0.222239E+00  0.114595E+00
  3.959130E-01  0.131340E+00  0.118024E+00
  3.961860E-01  0.935791E-01  0.121614E+00
  3.964600E-01 -0.974011E-01  0.102208E+00
  3.967330E-01  0.140396E+00  0.908437E-01
  3.970070E-01 -0.735612E-02  0.859132E-01
  3.972800E-01  0.176286E+00  0.828076E-01
  3.975540E-01  0.170270E+00  0.817209E-01
  3.978270E-01  0.110764E+00  0.824494E-01
  3.981010E-01  0.188156E+00  0.830719E-01
  3.983740E-01  0.224074E+00  0.801621E-01
  3.986480E-01  0.117950E+00  0.813926E-01
  3.989210E-01  0.789838E-01  0.811154E-01
  3.991950E-01  0.125773E+00  0.832288E-01
  3.994680E-01  0.696223E-01  0.801132E-01
  3.997420E-01  0.380576E+00  0.826157E-01
  4.000150E-01  0.980576E-01  0.800373E-01
  4.002890E-01  0.110495E+00  0.785066E-01
  4.005620E-01  0.152932E+00  0.790102E-01
  4.008360E-01  0.189119E-01  0.793502E-01
  4.011100E-01  0.230692E+00  0.784604E-01
  4.013830E-01  0.145773E+00  0.782999E-01
  4.016570E-01  0.914568E-02  0.785582E-01
  4.019300E-01  0.118948E+00  0.768342E-01
  4.022040E-01  0.135441E+00  0.781655E-01
  4.024770E-01  0.153777E-01  0.774568E-01
  4.027510E-01  0.102986E+00  0.766978E-01
  4.030240E-01  0.969694E-01  0.783155E-01
  4.032980E-01  0.201322E+00  0.775888E-01
  4.035710E-01  0.845773E-01  0.766800E-01
  4.038450E-01  0.218660E+00  0.765038E-01
  4.041180E-01  0.965737E-01  0.766006E-01
  4.043920E-01  0.119532E+00  0.763566E-01
  4.046650E-01  0.142302E+00  0.739593E-01
  4.049390E-01  0.923201E-01  0.729472E-01
  4.052120E-01  0.113112E+00  0.724178E-01
  4.054860E-01  0.121079E+00  0.758745E-01
  4.057590E-01  0.230674E+00  0.739374E-01
  4.060330E-01  0.173669E+00  0.738075E-01
  4.063060E-01  0.111511E+00  0.754762E-01
  4.065800E-01  0.215288E-01  0.737076E-01
  4.068530E-01  0.146871E+00  0.735394E-01
  4.071270E-01  0.150558E+00  0.739985E-01
  4.074000E-01  0.691637E-01  0.747925E-01
  4.076740E-01  0.646763E-01  0.723143E-01
  4.079470E-01  0.822212E-01  0.737323E-01
  4.082210E-01  0.817716E-01  0.746735E-01
  4.084940E-01  0.121601E+00  0.726139E-01
  4.087680E-01  0.105153E+00  0.738553E-01
  4.090410E-01  0.151295E+00  0.756678E-01
  4.093150E-01  0.118049E+00  0.742872E-01
  4.095880E-01  0.176169E+00  0.750115E-01
  4.098620E-01 -0.232014E-01  0.751412E-01
  4.101350E-01  0.115216E+00  0.751443E-01
  4.104090E-01  0.236457E+00  0.739745E-01
  4.106820E-01  0.683273E-01  0.735043E-01
  4.109560E-01  0.451709E-01  0.729913E-01
  4.112290E-01  0.834173E-01  0.732878E-01
  4.115030E-01  0.500809E-01  0.726912E-01
  4.117760E-01  0.178067E+00  0.754737E-01
  4.120500E-01  0.880396E-01  0.743838E-01
  4.123230E-01  0.168138E+00  0.738504E-01
  4.125970E-01  0.922662E-01  0.762122E-01
  4.128700E-01  0.180369E+00  0.756956E-01
  4.131440E-01  0.775180E-01  0.754720E-01
  4.134170E-01  0.107365E+00  0.745408E-01
  4.136910E-01  0.105890E+00  0.740178E-01
  4.139640E-01  0.183498E+00  0.746819E-01
  4.142380E-01  0.168040E+00  0.741135E-01
  4.145110E-01  0.142149E+00  0.750634E-01
  4.147850E-01  0.810252E-01  0.754451E-01
  4.150580E-01  0.161924E+00  0.740534E-01
  4.153320E-01  0.204604E+00  0.748350E-01
  4.156050E-01  0.264290E+00  0.748655E-01
  4.158790E-01  0.123822E+00  0.750781E-01
  4.161520E-01  0.163067E+00  0.720427E-01
  4.164260E-01  0.581295E-01  0.751658E-01
  4.166990E-01  0.183345E+00  0.760484E-01
  4.169730E-01  0.126933E+00  0.760610E-01
  4.172470E-01  0.139245E+00  0.732450E-01
  4.175200E-01  0.732644E-01  0.742740E-01
  4.177940E-01  0.168462E+00  0.727150E-01
  4.180670E-01  0.152617E+00  0.757114E-01
  4.183410E-01  0.122959E+00  0.728642E-01
  4.186140E-01  0.128426E+00  0.743367E-01
  4.188880E-01 -0.192446E-01  0.746824E-01
  4.191610E-01  0.160027E+00  0.746788E-01
  4.194350E-01  0.211888E+00  0.749157E-01
  4.197080E-01  0.238354E+00  0.753129E-01
  4.199820E-01 -0.324281E-01  0.748270E-01
  4.202550E-01  0.195054E-01  0.741824E-01
  4.205290E-01  0.223489E+00  0.755890E-01
  4.208020E-01  0.466277E-01  0.752716E-01
  4.210760E-01  0.831655E-01  0.759810E-01
  4.213490E-01  0.155881E+00  0.746992E-01
  4.216230E-01  0.212023E+00  0.737805E-01
  4.218960E-01  0.100081E+00  0.743789E-01
  4.221700E-01  0.188318E+00  0.744672E-01
  4.224430E-01  0.677158E-01  0.735545E-01
  4.227170E-01  0.823112E-01  0.763373E-01
  4.229900E-01  0.786151E-01  0.718773E-01
  4.232640E-01  0.436691E-01  0.756747E-01
  4.235370E-01  0.170594E+00  0.743956E-01
  4.238110E-01  0.169406E+00  0.729841E-01
  4.240840E-01  0.328507E-01  0.743516E-01
  4.243580E-01  0.585342E-01  0.764627E-01
  4.246310E-01  0.669424E-01  0.728227E-01
  4.249050E-01  0.138255E+00  0.735614E-01
  4.251780E-01  0.137464E+00  0.744570E-01
  4.254520E-01  0.153975E+00  0.742137E-01
  4.257250E-01  0.207203E+00  0.737384E-01
  4.259990E-01  0.149901E+00  0.717902E-01
  4.262720E-01  0.113121E+00  0.730392E-01
  4.265460E-01  0.156376E+00  0.744437E-01
  4.268190E-01  0.274595E+00  0.733671E-01
  4.270930E-01  0.173004E+00  0.734674E-01
  4.273660E-01  0.183948E+00  0.757088E-01
  4.276400E-01  0.210567E+00  0.741809E-01
  4.279130E-01  0.614568E-01  0.732783E-01
  4.281870E-01  0.794065E-02  0.732107E-01
  4.284600E-01  0.111367E+00  0.734757E-01
  4.287340E-01  0.481115E-01  0.746959E-01
  4.290070E-01  0.946673E-01  0.740340E-01
  4.292810E-01  0.216637E-01  0.733601E-01
  4.295540E-01  0.154658E+00  0.724865E-01
  4.298280E-01  0.876978E-01  0.750499E-01
  4.301010E-01  0.199928E+00  0.741399E-01
  4.303750E-01  0.132509E+00  0.721947E-01
  4.306480E-01  0.161493E+00  0.740654E-01
  4.309220E-01  0.649281E-02  0.732930E-01
  4.311950E-01  0.148471E+00  0.709536E-01
  4.314690E-01  0.672032E-01  0.752427E-01
  4.317420E-01  0.229784E+00  0.722141E-01
  4.320160E-01  0.839838E-01  0.726018E-01
  4.322890E-01  0.129344E+00  0.751329E-01
  4.325630E-01  0.156052E+00  0.735052E-01
  4.328370E-01  0.141511E+00  0.751891E-01
  4.331100E-01  0.126826E+00  0.748954E-01
  4.333840E-01  0.265647E-01  0.728918E-01
  4.336570E-01  0.141331E+00  0.733172E-01
  4.339310E-01  0.152761E+00  0.734063E-01
  4.342040E-01  0.420504E-01  0.738969E-01
  4.344780E-01  0.105279E+00  0.742991E-01
  4.347510E-01  0.141547E+00  0.752815E-01
  4.350250E-01  0.104892E+00  0.737024E-01
  4.352980E-01  0.552878E-01  0.738539E-01
  4.355720E-01  0.154406E+00  0.713245E-01
  4.358450E-01  0.146295E+00  0.743076E-01
  4.361190E-01  0.167752E+00  0.713860E-01
  4.363920E-01  0.379227E-01  0.728054E-01
  4.366660E-01  0.743885E-01  0.735994E-01
  4.369390E-01  0.234415E+00  0.753029E-01
  4.372130E-01  0.210324E+00  0.745710E-01
  4.374860E-01  0.133255E+00  0.736679E-01
  4.377600E-01  0.152842E+00  0.737558E-01
  4.380330E-01  0.178876E+00  0.736334E-01
  4.383070E-01  0.169317E+00  0.726869E-01
  4.385800E-01  0.115522E+00  0.741877E-01
  4.388540E-01  0.580486E-01  0.728336E-01
  4.391270E-01  0.141871E+00  0.747785E-01
  4.394010E-01 -0.178058E-02  0.733426E-01
  4.396740E-01  0.134460E+00  0.743254E-01
  4.399480E-01  0.154901E+00  0.734482E-01
  4.402210E-01  0.543076E-01  0.730762E-01
  4.404950E-01  0.654317E-01  0.732098E-01
  4.407680E-01  0.698831E-01  0.736427E-01
  4.410420E-01  0.226268E+00  0.728924E-01
  4.413150E-01  0.177680E+00  0.745652E-01
  4.415890E-01  0.156187E+00  0.737774E-01
  4.418620E-01  0.131322E+00  0.738552E-01
  4.421360E-01  0.645863E-01  0.730088E-01
  4.424090E-01  0.244550E+00  0.748312E-01
  4.426830E-01  0.849550E-01  0.712497E-01
  4.429560E-01  0.308903E-01  0.757915E-01
  4.432300E-01  0.234496E+00  0.751128E-01
  4.435030E-01  0.137770E+00  0.744170E-01
  4.437770E-01  0.858813E-01  0.736295E-01
  4.440500E-01  0.282689E+00  0.754591E-01
  4.443240E-01  0.961960E-01  0.730736E-01
  4.445970E-01  0.158291E+00  0.730375E-01
  4.448710E-01  0.162923E+00  0.731142E-01
  4.451440E-01  0.196268E+00  0.737304E-01
  4.454180E-01  0.337410E-01  0.736084E-01
  4.456910E-01  0.131709E+00  0.722362E-01
  4.459650E-01  0.135953E+00  0.724479E-01
  4.462380E-01  0.733273E-01  0.736655E-01
  4.465120E-01  0.142329E+00  0.724718E-01
  4.467850E-01  0.145414E+00  0.729346E-01
  4.470590E-01  0.131745E-01  0.748624E-01
  4.473320E-01  0.147644E+00  0.738466E-01
  4.476060E-01  0.156151E+00  0.727922E-01
  4.478790E-01  0.183336E+00  0.721155E-01
  4.481530E-01  0.189460E+00  0.729682E-01
  4.484260E-01  0.198399E+00  0.733838E-01
  4.487000E-01  0.938579E-01  0.712257E-01
  4.489740E-01  0.161142E+00  0.733685E-01
  4.492470E-01  0.590378E-01  0.752896E-01
  4.495210E-01  0.122338E+00  0.713920E-01
  4.497940E-01  0.533004E-01  0.753895E-01
  4.500680E-01  0.144658E+00  0.738294E-01
  4.503410E-01  0.155809E+00  0.730999E-01
  4.506150E-01  0.141178E+00  0.720279E-01
  4.508880E-01  0.157662E+00  0.719975E-01
  4.511620E-01  0.204847E+00  0.754053E-01
  4.514350E-01  0.830036E-01  0.720007E-01
  4.517090E-01  0.837140E-01  0.733264E-01
  4.519820E-01  0.123435E+00  0.728431E-01
  4.522560E-01  0.362590E-01  0.725543E-01
  4.525290E-01  0.170971E+00  0.738234E-01
  4.528030E-01  0.584532E-03  0.726766E-01
  4.530760E-01  0.104362E+00  0.730266E-01
  4.533500E-01  0.164460E+00  0.740339E-01
  4.536230E-01  0.667266E-01  0.728411E-01
  4.538970E-01  0.996313E-01  0.743259E-01
  4.541700E-01  0.459622E-01  0.717190E-01
  4.544440E-01  0.473471E-01  0.740584E-01
  4.547170E-01  0.158732E+00  0.732256E-01
  4.549910E-01  0.615468E-01  0.716574E-01
  4.552640E-01  0.101349E+00  0.722717E-01
  4.555380E-01  0.218031E+00  0.742342E-01
  4.558110E-01  0.118408E+00  0.744250E-01
  4.560850E-01  0.916007E-01  0.719402E-01
  4.563580E-01  0.607554E-01  0.741630E-01
  4.566320E-01  0.226070E+00  0.756785E-01
  4.569050E-01  0.266205E+00  0.741207E-01
  4.571790E-01  0.714838E-01  0.721514E-01
  4.574520E-01  0.508273E-01  0.751319E-01
  4.577260E-01  0.994514E-01  0.729857E-01
  4.579990E-01  0.111817E+00  0.729464E-01
  4.582730E-01  0.133372E+00  0.714827E-01
  4.585460E-01  0.170306E+00  0.720699E-01
  4.588200E-01  0.152554E+00  0.720989E-01
  4.590930E-01  0.167248E+00  0.752108E-01
  4.593670E-01  0.100081E+00  0.739753E-01
  4.596400E-01  0.241349E+00  0.737905E-01
  4.599140E-01  0.536601E-01  0.735927E-01
  4.601870E-01  0.131879E+00  0.735000E-01
  4.604610E-01  0.921942E-01  0.742178E-01
  4.607340E-01  0.141538E+00  0.733408E-01
  4.610080E-01  0.731835E-01  0.729893E-01
  4.612810E-01  0.117797E+00  0.734090E-01
  4.615550E-01  0.251358E+00  0.731801E-01
  4.618280E-01  0.641817E-01  0.728939E-01
  4.621020E-01  0.129379E+00  0.715391E-01
  4.623750E-01  0.160135E+00  0.730897E-01
  4.626490E-01  0.537770E-01  0.714454E-01
  4.629220E-01  0.218471E+00  0.745143E-01
  4.631960E-01  0.198390E+00  0.714761E-01
  4.634690E-01  0.238156E+00  0.728100E-01
  4.637430E-01  0.269335E-01  0.721250E-01
  4.640160E-01  0.143831E+00  0.730896E-01
  4.642900E-01  0.100944E+00  0.737171E-01
  4.645640E-01  0.132437E+00  0.732128E-01
  4.648370E-01  0.256268E+00  0.727143E-01
  4.651110E-01  0.159505E+00  0.749505E-01
  4.653840E-01  0.155090E+00  0.719748E-01
  4.656580E-01  0.138903E+00  0.725681E-01
  4.659310E-01  0.958543E-01  0.715716E-01
  4.662050E-01  0.154649E+00  0.739120E-01
  4.664780E-01  0.192203E+00  0.744535E-01
  4.667520E-01  0.773921E-01  0.706417E-01
  4.670250E-01  0.236106E+00  0.754378E-01
  4.672990E-01  0.194218E+00  0.727577E-01
  4.675720E-01  0.223642E+00  0.731769E-01
  4.678460E-01  0.228022E+00  0.739529E-01
  4.681190E-01  0.184766E+00  0.734034E-01
  4.683930E-01  0.164236E+00  0.742944E-01
  4.686660E-01  0.235180E+00  0.726072E-01
  4.689400E-01  0.288885E+00  0.735155E-01
  4.692130E-01  0.162653E+00  0.743672E-01
  4.694870E-01  0.811151E-01  0.742036E-01
  4.697600E-01  0.204865E+00  0.730282E-01
  4.700340E-01  0.170477E+00  0.731170E-01
  4.703070E-01  0.219002E+00  0.731405E-01
  4.705810E-01  0.979227E-01  0.725417E-01
  4.708540E-01  0.209487E+00  0.747107E-01
  4.711280E-01  0.839388E-01  0.722925E-01
  4.714010E-01  0.871853E-01  0.737748E-01
  4.716750E-01  0.716906E-01  0.746840E-01
  4.719480E-01  0.159083E+00  0.723534E-01
  4.722220E-01  0.132095E+00  0.747216E-01
  4.724950E-01 -0.319694E-01  0.733857E-01
  4.727690E-01  0.246403E+00  0.735436E-01
  4.730420E-01  0.142338E+00  0.711090E-01
  4.733160E-01  0.227698E+00  0.730383E-01
  4.735890E-01  0.214901E+00  0.739129E-01
  4.738630E-01  0.748201E-01  0.730420E-01
  4.741360E-01  0.134793E+00  0.757390E-01
  4.744100E-01  0.124308E+00  0.717654E-01
  4.746830E-01  0.210162E-01  0.726615E-01
  4.749570E-01  0.127743E+00  0.726416E-01
  4.752300E-01  0.148022E+00  0.730704E-01
  4.755040E-01  0.138273E+00  0.721012E-01
  4.757770E-01  0.214919E+00  0.710426E-01
  4.760510E-01  0.197482E+00  0.723920E-01
  4.763240E-01  0.110360E+00  0.725762E-01
  4.765980E-01  0.139326E+00  0.716802E-01
  4.768710E-01  0.149937E+00  0.727198E-01
  4.771450E-01  0.228768E+00  0.734782E-01
  4.774180E-01  0.891817E-01  0.734104E-01
  4.776920E-01  0.182914E-01  0.722121E-01
  4.779650E-01  0.237275E+00  0.737657E-01
  4.782390E-01  0.601349E-01  0.722502E-01
  4.785120E-01  0.688129E-01  0.723399E-01
  4.787860E-01 -0.283903E-01  0.707684E-01
  4.790590E-01  0.769694E-01  0.744365E-01
  4.793330E-01  0.143678E+00  0.746516E-01
  4.796060E-01  0.208741E+00  0.726646E-01
  4.798800E-01  0.252005E+00  0.714425E-01
  4.801530E-01  0.112518E+00  0.732530E-01
  4.804270E-01  0.517986E-01  0.741118E-01
  4.807010E-01  0.119739E+00  0.720482E-01
  4.809740E-01  0.533813E-01  0.732117E-01
  4.812480E-01  0.155027E+00  0.724561E-01
  4.815210E-01  0.944065E-01  0.733464E-01
  4.817950E-01  0.144182E+00  0.708374E-01
  4.820680E-01  0.101097E+00  0.716750E-01
  4.823420E-01  0.196295E+00  0.729508E-01
  4.826150E-01  0.170027E+00  0.727194E-01
  4.828890E-01  0.207716E+00  0.736957E-01
  4.831620E-01  0.141034E+00  0.726965E-01
  4.834360E-01  0.402878E-01  0.734982E-01
  4.837090E-01  0.877608E-01  0.729309E-01
  4.839830E-01  0.111897E+00  0.711907E-01
  4.842560E-01  0.244568E+00  0.711919E-01
  4.845300E-01  0.160692E+00  0.744133E-01
  4.848030E-01 -0.304496E-01  0.728193E-01
  4.850770E-01  0.789478E-01  0.712207E-01
  4.853500E-01  0.990737E-01  0.724900E-01
  4.856240E-01  0.167671E+00  0.742554E-01
  4.858970E-01  0.107428E+00  0.730763E-01
  4.861710E-01  0.114335E+00  0.728808E-01
  4.864440E-01  0.190288E+00  0.717995E-01
  4.867180E-01  0.936511E-01  0.748610E-01
  4.869910E-01  0.145450E+00  0.716111E-01
  4.872650E-01  0.115216E+00  0.708099E-01
  4.875380E-01  0.192428E+00  0.729020E-01
  4.878120E-01  0.103282E+00  0.731345E-01
  4.880850E-01 -0.107194E-01  0.741448E-01
  4.883590E-01  0.956745E-01  0.729378E-01
  4.886320E-01  0.777158E-01  0.728420E-01
  4.889060E-01  0.196871E+00  0.709833E-01
  4.891790E-01  0.191772E+00  0.715510E-01
  4.894530E-01  0.110998E+00  0.734488E-01
  4.897260E-01  0.174397E+00  0.732618E-01
  4.900000E-01  0.151259E+00  0.707346E-01
  4.902730E-01  0.868165E-01  0.720778E-01
  4.905470E-01  0.580845E-01  0.721302E-01
  4.908200E-01  0.152626E+00  0.713862E-01
  4.910940E-01  0.158363E+00  0.744826E-01
  4.913670E-01  0.102986E+00  0.738095E-01
  4.916410E-01  0.183993E+00  0.740182E-01
  4.919140E-01  0.155279E+00  0.710944E-01
  4.921880E-01  0.157338E+00  0.729652E-01
  4.924610E-01  0.190944E+00  0.723365E-01
  4.927350E-01  0.140728E+00  0.742760E-01
  4.930080E-01  0.148687E+00  0.709824E-01
  4.932820E-01  0.166196E+00  0.732045E-01
  4.935550E-01  0.206115E+00  0.730196E-01
  4.938290E-01  0.101115E+00  0.740869E-01
  4.941020E-01  0.104353E+00  0.718488E-01
  4.943760E-01  0.926169E-01  0.737821E-01
  4.946490E-01  0.511151E-01  0.729070E-01
  4.949230E-01  0.529406E-01  0.725504E-01
  4.951960E-01  0.200468E+00  0.734541E-01
  4.954700E-01  0.822932E-01  0.760236E-01
  4.957430E-01  0.179856E+00  0.709155E-01
  4.960170E-01  0.858363E-01  0.710004E-01
  4.962900E-01  0.137986E+00  0.726055E-01
  4.965640E-01  0.221196E+00  0.738131E-01
  4.968380E-01  0.169478E+00  0.741061E-01
  4.971110E-01  0.746043E-01  0.723217E-01
  4.973850E-01  0.582104E-01  0.731760E-01
  4.976580E-01  0.164415E+00  0.728716E-01
  4.979320E-01 -0.359712E-02  0.741752E-01
  4.982050E-01  0.106241E+00  0.733735E-01
  4.984790E-01  0.162050E+00  0.729201E-01
  4.987520E-01  0.187833E+00  0.725488E-01
  4.990260E-01  0.145647E+00  0.716626E-01
  4.992990E-01  0.179371E+00  0.711131E-01
  4.995730E-01  0.683453E-01  0.724931E-01
  4.998460E-01  0.109577E+00  0.730592E-01
  5.001200E-01  0.166583E+00  0.724578E-01
  5.003930E-01  0.108615E+00  0.701436E-01
  5.006670E-01  0.275468E+00  0.732466E-01
  5.009400E-01  0.999281E-01  0.738179E-01
  5.012140E-01  0.167716E+00  0.724505E-01
  5.014870E-01  0.142842E+00  0.731617E-01
  5.017610E-01  0.189155E+00  0.754189E-01
  5.020340E-01  0.787590E-01  0.744724E-01
  5.023080E-01  0.159245E+00  0.749692E-01
  5.025810E-01  0.237473E+00  0.725493E-01
  5.028550E-01  0.214137E+00  0.730960E-01
  5.031280E-01  0.242527E+00  0.727784E-01
  5.034020E-01  0.871763E-01  0.746951E-01
  5.036750E-01  0.135998E+00  0.726977E-01
  5.039490E-01  0.187932E+00  0.733224E-01
  5.042220E-01  0.779406E-01  0.721268E-01
  5.044960E-01  0.169577E+00  0.729553E-01
  5.047690E-01  0.838849E-01  0.737020E-01
  5.050430E-01  0.105926E+00  0.706453E-01
  5.053160E-01  0.847662E-01  0.733544E-01
  5.055900E-01  0.126835E+00  0.716558E-01
  5.058630E-01  0.105719E+00  0.726609E-01
  5.061370E-01  0.116457E+00  0.718797E-01
  5.064100E-01  0.180099E+00  0.734970E-01
  5.066840E-01  0.239793E+00  0.742259E-01
  5.069570E-01  0.204856E-01  0.715384E-01
  5.072310E-01  0.114514E+00  0.716249E-01
  5.075040E-01  0.175117E+00  0.720747E-01
  5.077780E-01  0.178543E+00  0.728200E-01
  5.080510E-01  0.453867E-01  0.716934E-01
  5.083250E-01  0.175459E+00  0.735061E-01
  5.085980E-01  0.279137E-01  0.722125E-01
  5.088720E-01  0.139146E+00  0.708680E-01
  5.091450E-01  0.271493E-01  0.733891E-01
  5.094190E-01  0.186520E+00  0.747711E-01
  5.096920E-01  0.918525E-01  0.730836E-01
  5.099660E-01  0.225261E+00  0.731422E-01
  5.102390E-01  0.966817E-01  0.731664E-01
  5.105130E-01  0.215270E+00  0.729455E-01
  5.107860E-01  0.146340E+00  0.740402E-01
  5.110600E-01  0.105423E+00  0.723023E-01
  5.113330E-01  0.215045E+00  0.729672E-01
  5.116070E-01  0.188615E+00  0.715536E-01
  5.118800E-01  0.199919E+00  0.724438E-01
  5.121540E-01  0.123192E+00  0.740942E-01
  5.124280E-01  0.130746E+00  0.750800E-01
  5.127010E-01  0.170953E+00  0.736742E-01
  5.129750E-01  0.105513E+00  0.717797E-01
  5.132480E-01  0.222122E-01  0.701390E-01
  5.135220E-01  0.201115E+00  0.712015E-01
  5.137950E-01  0.139550E+00  0.729763E-01
  5.140690E-01  0.156178E+00  0.715295E-01
  5.143420E-01  0.135692E+00  0.734634E-01
  5.146160E-01  0.846942E-01  0.732472E-01
  5.148890E-01  0.977878E-01  0.708998E-01
  5.151630E-01  0.157347E+00  0.734715E-01
  5.154360E-01  0.146196E+00  0.739205E-01
  5.157100E-01  0.202644E+00  0.730795E-01
  5.159830E-01  0.166457E+00  0.729654E-01
  5.162570E-01  0.103399E+00  0.731800E-01
  5.165300E-01  0.475899E-01  0.726980E-01
  5.168040E-01  0.225845E+00  0.747807E-01
  5.170770E-01  0.164128E+00  0.750157E-01
  5.173510E-01  0.110944E+00  0.736254E-01
  5.176240E-01  0.144272E+00  0.707185E-01
  5.178980E-01  0.123669E+00  0.729191E-01
  5.181710E-01  0.111610E+00  0.731239E-01
  5.184450E-01  0.139865E+00  0.717190E-01
  5.187180E-01  0.122671E+00  0.720494E-01
  5.189920E-01  0.676439E-01  0.706218E-01
  5.192650E-01  0.105144E+00  0.722864E-01
  5.195390E-01  0.174002E+00  0.749887E-01
  5.198120E-01  0.116133E+00  0.716397E-01
  5.200860E-01  0.896313E-01  0.729368E-01
  5.203590E-01  0.207716E+00  0.716240E-01
  5.206330E-01  0.139388E+00  0.722600E-01
  5.209060E-01  0.111232E+00  0.716404E-01
  5.211800E-01  0.881924E-01  0.708850E-01
  5.214530E-01  0.105243E+00  0.710195E-01
  5.217270E-01  0.152716E+00  0.732407E-01
  5.220000E-01  0.138795E+00  0.722992E-01
  5.222740E-01  0.111034E+00  0.726598E-01
  5.225470E-01  0.131196E+00  0.731609E-01
  5.228210E-01  0.112851E+00  0.742315E-01
  5.230940E-01  0.121700E+00  0.724116E-01
  5.233680E-01  0.161673E+00  0.722723E-01
  5.236410E-01  0.264056E+00  0.744181E-01
  5.239150E-01  0.161304E+00  0.712548E-01
  5.241880E-01  0.129227E+00  0.715152E-01
  5.244620E-01  0.117338E+00  0.720809E-01
  5.247350E-01  0.291457E-01  0.741148E-01
  5.250090E-01  0.123453E+00  0.714230E-01
  5.252820E-01  0.952158E-01  0.733944E-01
  5.255560E-01  0.668705E-01  0.717143E-01
  5.258290E-01  0.104254E+00  0.735058E-01
  5.261030E-01  0.154946E+00  0.710856E-01
  5.263760E-01  0.279559E+00  0.740094E-01
  5.266500E-01  0.228300E+00  0.731921E-01
  5.269230E-01  0.293975E-01  0.701565E-01
  5.271970E-01  0.193741E+00  0.719117E-01
  5.274700E-01  0.174496E+00  0.726962E-01
  5.277440E-01  0.142005E+00  0.736558E-01
  5.280170E-01  0.183183E+00  0.731725E-01
  5.282910E-01  0.125603E+00  0.749049E-01
  5.285650E-01  0.190099E+00  0.726511E-01
  5.288380E-01  0.154586E+00  0.852665E-01
  5.291120E-01  0.200908E+00  0.914531E-01
  5.293850E-01  0.143085E+00  0.977804E-01
  5.296590E-01  0.303696E+00  0.105557E+00
  5.299320E-01  0.144281E+00  0.105019E+00
  5.302060E-01 -0.213579E-01  0.101300E+00
  5.304790E-01 -0.267536E-01  0.116909E+00
  5.307530E-01  0.448741E-01  0.122017E+00
  5.310260E-01  0.316996E-01  0.126416E+00
  5.313000E-01  0.180809E+00  0.965079E-01
  5.315730E-01  0.220261E+00  0.870068E-01
  5.318470E-01  0.167599E+00  0.829612E-01
  5.321200E-01  0.139730E+00  0.803625E-01
  5.323940E-01  0.158318E+00  0.809522E-01
  5.326670E-01  0.867356E-01  0.794386E-01
  5.329410E-01  0.208246E+00  0.798544E-01
  5.332140E-01  0.132491E+00  0.797882E-01
  5.334880E-01  0.225522E+00  0.777657E-01
  5.337610E-01  0.150117E+00  0.805625E-01
  5.340350E-01  0.488579E-01  0.804517E-01
  5.343080E-01  0.386601E-01  0.776773E-01
  5.345820E-01  0.682914E-01  0.798818E-01
  5.348550E-01  0.240486E+00  0.820523E-01
  5.351290E-01  0.204730E+00  0.786497E-01
  5.354020E-01  0.153219E+00  0.782512E-01
  5.356760E-01  0.926439E-01  0.761485E-01
  5.359490E-01  0.821673E-01  0.783169E-01
  5.362230E-01  0.195576E+00  0.742177E-01
  5.364960E-01  0.220216E+00  0.765987E-01
  5.367700E-01  0.105315E+00  0.739127E-01
  5.370430E-01  0.107923E+00  0.740213E-01
  5.373170E-01  0.111349E+00  0.716958E-01
  5.375900E-01  0.134281E+00  0.726479E-01
  5.378640E-01  0.711871E-01  0.731795E-01
  5.381370E-01  0.179119E+00  0.743416E-01
  5.384110E-01  0.936781E-01  0.727407E-01
  5.386840E-01  0.435342E-01  0.726010E-01
  5.389580E-01  0.265926E+00  0.709657E-01
  5.392310E-01  0.204335E+00  0.726056E-01
  5.395050E-01  0.952608E-01  0.745291E-01
  5.397780E-01  0.152455E+00  0.723013E-01
  5.400520E-01  0.148363E+00  0.715885E-01
  5.403250E-01  0.140315E+00  0.728885E-01
  5.405990E-01  0.159820E+00  0.702532E-01
  5.408720E-01  0.115665E+00  0.703149E-01
  5.411460E-01  0.969784E-01  0.721342E-01
  5.414190E-01  0.270387E+00  0.759590E-01
  5.416930E-01  0.110072E+00  0.718791E-01
  5.419660E-01  0.861691E-01  0.731902E-01
  5.422400E-01  0.254245E+00  0.724688E-01
  5.425130E-01  0.134469E+00  0.716417E-01
  5.427870E-01  0.119236E+00  0.734677E-01
  5.430600E-01  0.197860E+00  0.734694E-01
  5.433340E-01  0.111673E+00  0.721523E-01
  5.436070E-01  0.159604E+00  0.732634E-01
  5.438810E-01  0.120845E+00  0.736741E-01
  5.441550E-01  0.116862E+00  0.721500E-01
  5.444280E-01  0.142167E+00  0.737628E-01
  5.447020E-01  0.362140E-01  0.727758E-01
  5.449750E-01  0.138624E+00  0.725225E-01
  5.452490E-01  0.199182E+00  0.725227E-01
  5.455220E-01  0.203615E+00  0.722014E-01
  5.457960E-01  0.149649E+00  0.729943E-01
  5.460690E-01  0.284173E+00  0.729473E-01
  5.463430E-01  0.770863E-01  0.730568E-01
  5.466160E-01  0.390647E-01  0.712547E-01
  5.468900E-01  0.227608E-01  0.714753E-01
  5.471630E-01  0.178975E+00  0.725655E-01
  5.474370E-01  0.213444E+00  0.728918E-01
  5.477100E-01  0.227752E+00  0.738277E-01
  5.479840E-01  0.163327E+00  0.736982E-01
  5.482570E-01  0.189092E+00  0.750655E-01
  5.485310E-01  0.156628E+00  0.731617E-01
  5.488040E-01  0.839928E-01  0.716501E-01
  5.490780E-01  0.708094E-01  0.747644E-01
  5.493510E-01  0.139919E+00  0.717644E-01
  5.496250E-01  0.107833E+00  0.746828E-01
  5.498980E-01  0.280594E+00  0.722458E-01
  5.501720E-01  0.144209E+00  0.717929E-01
  5.504450E-01  0.194029E+00  0.713262E-01
  5.507190E-01  0.152500E+00  0.732903E-01
  5.509920E-01  0.168336E+00  0.733150E-01
  5.512660E-01  0.182284E+00  0.738950E-01
  5.515390E-01  0.670773E-01  0.754577E-01
  5.518130E-01  0.124362E+00  0.736955E-01
  5.520860E-01  0.458633E-01  0.736738E-01
  5.523600E-01  0.156007E+00  0.735632E-01
  5.526330E-01  0.160171E+00  0.722837E-01
  5.529070E-01  0.768975E-01  0.828729E-01
  5.531800E-01  0.186430E+00  0.880221E-01
  5.534540E-01  0.217725E+00  0.947890E-01
  5.537270E-01  0.164937E+00  0.839064E-01
  5.540010E-01  0.147104E+00  0.773926E-01
  5.542740E-01  0.240207E+00  0.799946E-01
  5.545480E-01  0.184227E+00  0.736267E-01
  5.548210E-01  0.172923E+00  0.742844E-01
  5.550950E-01  0.218327E+00  0.754568E-01
  5.553680E-01  0.202905E+00  0.753466E-01
  5.556420E-01  0.143489E+00  0.745126E-01
  5.559150E-01  0.209173E-01  0.746584E-01
  5.561890E-01  0.142914E+00  0.752392E-01
  5.564620E-01  0.170351E+00  0.741393E-01
  5.567360E-01  0.144703E+00  0.761227E-01
  5.570090E-01  0.166313E+00  0.754209E-01
  5.572830E-01  0.532734E-01  0.744948E-01
  5.575560E-01  0.148444E+00  0.757432E-01
  5.578300E-01  0.349281E-01  0.724263E-01
  5.581030E-01  0.120612E+00  0.759059E-01
  5.583770E-01  0.125872E+00  0.741902E-01
  5.586500E-01  0.137572E+00  0.729777E-01
  5.589240E-01  0.205980E+00  0.743895E-01
  5.591970E-01  0.216817E+00  0.719207E-01
  5.594710E-01  0.127824E+00  0.710003E-01
  5.597440E-01  0.374910E-01  0.719156E-01
  5.600180E-01  0.104757E+00  0.704745E-01
  5.602920E-01  0.180701E+00  0.724406E-01
  5.605650E-01  0.255549E+00  0.748849E-01
  5.608390E-01  0.129757E+00  0.727526E-01
  5.611120E-01  0.131160E+00  0.726812E-01
  5.613860E-01  0.204209E+00  0.738014E-01
  5.616590E-01  0.173372E+00  0.716925E-01
  5.619330E-01  0.224317E+00  0.725804E-01
  5.622060E-01  0.113885E+00  0.717326E-01
  5.624800E-01  0.157941E+00  0.696720E-01
  5.627530E-01  0.207446E+00  0.716492E-01
  5.630270E-01  0.118615E+00  0.705675E-01
  5.633000E-01  0.738489E-01  0.713558E-01
  5.635740E-01  0.165576E+00  0.728471E-01
  5.638470E-01  0.110989E+00  0.735615E-01
  5.641210E-01  0.104182E+00  0.733763E-01
  5.643940E-01  0.112203E+00  0.722278E-01
  5.646680E-01  0.137518E+00  0.725496E-01
  5.649410E-01  0.237158E+00  0.736355E-01
  5.652150E-01  0.157356E+00  0.727249E-01
  5.654880E-01  0.852338E-01  0.711503E-01
  5.657620E-01  0.213453E+00  0.725390E-01
  5.660350E-01  0.455306E-01  0.702897E-01
  5.663090E-01  0.159236E+00  0.733968E-01
  5.665820E-01  0.164478E+00  0.738898E-01
  5.668560E-01  0.141475E+00  0.722750E-01
  5.671290E-01  0.302860E+00  0.707038E-01
  5.674030E-01  0.180989E+00  0.721268E-01
  5.676760E-01  0.133966E+00  0.729969E-01
  5.679500E-01  0.204595E+00  0.730956E-01
  5.682230E-01  0.188732E+00  0.708998E-01
  5.684970E-01  0.974730E-01  0.722615E-01
  5.687700E-01  0.159424E+00  0.718789E-01
  5.690440E-01  0.241969E+00  0.721147E-01
  5.693170E-01  0.165701E+00  0.688471E-01
  5.695910E-01  0.188147E+00  0.729502E-01
  5.698640E-01  0.157500E+00  0.735319E-01
  5.701380E-01  0.164182E+00  0.725498E-01
  5.704110E-01  0.219164E+00  0.727762E-01
  5.706850E-01  0.160342E+00  0.725547E-01
  5.709580E-01  0.237365E+00  0.726723E-01
  5.712320E-01  0.597302E-01  0.731313E-01
  5.715050E-01  0.208444E+00  0.708267E-01
  5.717790E-01  0.165261E+00  0.726398E-01
  5.720520E-01  0.135881E+00  0.718139E-01
  5.723260E-01  0.207005E+00  0.727499E-01
  5.725990E-01  0.183237E+00  0.704140E-01
  5.728730E-01  0.208174E+00  0.720969E-01
  5.731460E-01  0.163696E+00  0.722801E-01
  5.734200E-01  0.184137E+00  0.729708E-01
  5.736930E-01  0.157230E+00  0.722046E-01
  5.739670E-01  0.152239E+00  0.720509E-01
  5.742400E-01  0.173885E+00  0.733575E-01
  5.745140E-01  0.168399E+00  0.731583E-01
  5.747870E-01  0.131025E+00  0.716891E-01
  5.750610E-01  0.273121E+00  0.735759E-01
  5.753340E-01  0.352338E-01  0.730969E-01
  5.756080E-01  0.203219E+00  0.710224E-01
  5.758820E-01  0.156232E+00  0.735257E-01
  5.761550E-01  0.205342E+00  0.735844E-01
  5.764290E-01  0.145863E+00  0.732821E-01
  5.767020E-01  0.249703E+00  0.717728E-01
  5.769760E-01  0.479766E-01  0.710222E-01
  5.772490E-01  0.247788E+00  0.723473E-01
  5.775230E-01  0.143732E+00  0.719496E-01
  5.777960E-01  0.236043E+00  0.731208E-01
  5.780700E-01  0.172230E+00  0.721066E-01
  5.783430E-01  0.183121E+00  0.732402E-01
  5.786170E-01  0.325180E+00  0.749599E-01
  5.788900E-01  0.803147E-01  0.737234E-01
  5.791640E-01  0.182185E+00  0.713226E-01
  5.794370E-01  0.161942E+00  0.720291E-01
  5.797110E-01  0.170558E+00  0.723614E-01
  5.799840E-01  0.887950E-01  0.719397E-01
  5.802580E-01  0.201682E+00  0.716521E-01
  5.805310E-01  0.175207E+00  0.712920E-01
  5.808050E-01  0.162437E+00  0.727322E-01
  5.810780E-01  0.195755E+00  0.729659E-01
  5.813520E-01  0.140369E+00  0.732287E-01
  5.816250E-01  0.136817E+00  0.731401E-01
  5.818990E-01  0.148552E+00  0.724402E-01
  5.821720E-01  0.196007E+00  0.737371E-01
  5.824460E-01  0.264694E+00  0.741007E-01
  5.827190E-01  0.118210E+00  0.725008E-01
  5.829930E-01  0.147878E+00  0.723555E-01
  5.832660E-01  0.124469E+00  0.727254E-01
  5.835400E-01  0.249919E+00  0.747756E-01
  5.838130E-01  0.156178E+00  0.721102E-01
  5.840870E-01  0.223264E+00  0.728736E-01
  5.843600E-01  0.235683E+00  0.726518E-01
  5.846340E-01  0.167491E+00  0.707130E-01
  5.849070E-01  0.225405E+00  0.736598E-01
  5.851810E-01  0.336871E-01  0.723547E-01
  5.854540E-01  0.917356E-01  0.739130E-01
  5.857280E-01  0.118112E+00  0.715568E-01
  5.860010E-01  0.182257E+00  0.733458E-01
  5.862750E-01  0.180989E+00  0.704151E-01
  5.865480E-01  0.758993E-01  0.709930E-01
  5.868220E-01  0.161259E+00  0.727905E-01
  5.870950E-01  0.200576E+00  0.726715E-01
  5.873690E-01  0.130333E+00  0.709656E-01
  5.876420E-01  0.196915E+00  0.729687E-01
  5.879160E-01  0.143750E+00  0.713508E-01
  5.881890E-01  0.136097E+00  0.726195E-01
  5.884630E-01  0.217221E+00  0.722739E-01
  5.887360E-01  0.436960E-01  0.713506E-01
  5.890100E-01  0.166079E+00  0.740866E-01
  5.892830E-01  0.149595E+00  0.736170E-01
  5.895570E-01  0.180207E+00  0.721519E-01
  5.898300E-01  0.105692E+00  0.714444E-01
  5.901040E-01  0.661781E-01  0.728883E-01
  5.903770E-01  0.146592E+00  0.698299E-01
  5.906510E-01  0.127437E+00  0.727451E-01
  5.909240E-01  0.215036E+00  0.706822E-01
  5.911980E-01  0.121996E+00  0.702486E-01
  5.914710E-01  0.168264E+00  0.718697E-01
  5.917450E-01  0.131412E+00  0.716247E-01
  5.920190E-01  0.105126E+00  0.758376E-01
  5.922920E-01  0.149514E+00  0.726277E-01
  5.925660E-01  0.164496E+00  0.714338E-01
  5.928390E-01  0.159155E+00  0.722884E-01
  5.931130E-01  0.146529E+00  0.742324E-01
  5.933860E-01  0.791817E-01  0.721655E-01
  5.936600E-01  0.186223E+00  0.731370E-01
  5.939330E-01  0.670863E-01  0.698509E-01
  5.942070E-01  0.128471E+00  0.726878E-01
  5.944800E-01  0.123777E+00  0.697060E-01
  5.947540E-01  0.111610E+00  0.716943E-01
  5.950270E-01  0.487770E-01  0.746383E-01
  5.953010E-01  0.240890E+00  0.715333E-01
  5.955740E-01  0.780665E-01  0.752549E-01
  5.958480E-01  0.563129E-01  0.738188E-01
  5.961210E-01  0.119415E+00  0.757480E-01
  5.963950E-01  0.249946E+00  0.759404E-01
  5.966680E-01  0.278570E+00  0.777474E-01
  5.969420E-01  0.196277E+00  0.786927E-01
  5.972150E-01  0.197905E+00  0.841960E-01
  5.974890E-01  0.236196E+00  0.942984E-01
  5.977620E-01  0.121520E+00  0.105334E+00
  5.980360E-01  0.244865E+00  0.104240E+00
  5.983090E-01  0.265108E+00  0.108900E+00
  5.985830E-01  0.101547E+00  0.111526E+00
  5.988560E-01  0.664658E-01  0.116821E+00
  5.991300E-01  0.174802E+00  0.135179E+00
  5.994030E-01  0.361367E+00  0.142699E+00
  5.996770E-01  0.181439E+00  0.139297E+00
  5.999500E-01  0.483246E+00  0.148074E+00
  6.002240E-01 -0.297302E-01  0.157146E+00
  6.004970E-01  0.433183E-01  0.159509E+00
  6.007710E-01  0.388076E+00  0.174908E+00
  6.010440E-01  0.324290E+00  0.198025E+00
  6.013180E-01 -0.149272E+00  0.210507E+00
  6.015910E-01 -0.741007E-02  0.232419E+00
  6.018650E-01 -0.531475E-02  0.277758E+00
  6.021380E-01 -0.509353E-01  0.366368E+00
  6.024120E-01  0.218840E+00  0.658383E+00
 ========================================
Description:                            DTT PimA                                
Sample:        DTT PimA  c=  5.560 mg/ml Code:    DTTPimA                       
Averaged from raw files: david_102_001.tiff david_102_002.tiff david_102_003.tif
Processed by: cbf-primus Thu May 26 23:31:22 2011                               
Channels from 1 to 2449                                                         
Angular axis file: /home/det/svn/tine/apps/averaging/axis_saxs_20110302.dat     
BeamCenter_X:  2432.500  BeamCenter_Y:   110.500                                
Mask file (beamstop): /home/det/svn/tine/apps/averaging/mask_saxs_20110302.msk  
Exposure time (sec):   30.000                                                   
Pin diode (mean):       0.534                                                   
Reference frame:    1                                                           
Chi-value threshold:    1.450                                                   
 ========================================
Description:                            PimA buf                                
Sample:        PimA buf  c=  0.000 mg/ml Code:    PimAbuf                       
Averaged from raw files: david_101_001.tiff david_101_002.tiff david_101_003.tif
Processed by: cbf-primus Thu May 26 23:26:58 2011                               
Channels from 1 to 2449                                                         
Angular axis file: /home/det/svn/tine/apps/averaging/axis_saxs_20110302.dat     
BeamCenter_X:  2432.500  BeamCenter_Y:   110.500                                
Mask file (beamstop): /home/det/svn/tine/apps/averaging/mask_saxs_20110302.msk  
Exposure time (sec):   30.000                                                   
Pin diode (mean):       0.537                                                   
Reference frame:    1                                                           
Chi-value threshold:    1.450                                                   
 ========================================
Description:                            PimA buf                                
Sample:        PimA buf  c=  0.000 mg/ml Code:    PimAbuf                       
Averaged from raw files: david_103_001.tiff david_103_002.tiff david_103_003.tif
Processed by: cbf-primus Thu May 26 23:35:45 2011                               
Channels from 1 to 2449                                                         
Angular axis file: /home/det/svn/tine/apps/averaging/axis_saxs_20110302.dat     
BeamCenter_X:  2432.500  BeamCenter_Y:   110.500                                
Mask file (beamstop): /home/det/svn/tine/apps/averaging/mask_saxs_20110302.msk  
Exposure time (sec):   30.000                                                   
Pin diode (mean):       0.532                                                   
Reference frame:    1                                                           
Chi-value threshold:    1.450                                                   
 ========================================
