Sample description: b1c
Sample: b1c  c= 1.0000 mg/ml  Code: b1c
Parent(s): b1c_avg481-496.dat b1c_avg400-430.dat
  3.655610e-03   1.671700e+02   4.018362e+01
  3.960240e-03   1.495100e+02   3.054617e+01
  4.264870e-03   1.620700e+02   2.093452e+01
  4.569490e-03   1.352000e+02   1.782438e+01
  4.874120e-03   1.106800e+02   1.477391e+01
  5.178750e-03   1.418700e+02   1.285474e+01
  5.483380e-03   1.470000e+02   1.119663e+01
  5.788010e-03   1.056700e+02   9.518419e+00
  6.092640e-03   1.247200e+02   8.922810e+00
  6.397270e-03   1.124300e+02   7.855141e+00
  6.701900e-03   1.380300e+02   6.885755e+00
  7.006530e-03   1.310100e+02   6.416321e+00
  7.311160e-03   1.245620e+02   5.564163e+00
  7.615790e-03   1.264270e+02   5.343364e+00
  7.920420e-03   1.171510e+02   4.735835e+00
  8.225050e-03   1.257380e+02   4.337499e+00
  8.529680e-03   1.271100e+02   4.104789e+00
  8.834310e-03   1.308540e+02   3.732206e+00
  9.138940e-03   1.227970e+02   3.498767e+00
  9.443570e-03   1.191670e+02   3.196835e+00
  9.748200e-03   1.230760e+02   3.032177e+00
  1.005280e-02   1.244110e+02   2.866760e+00
  1.035750e-02   1.286980e+02   2.621408e+00
  1.066210e-02   1.271220e+02   2.504509e+00
  1.096670e-02   1.254280e+02   2.345397e+00
  1.127130e-02   1.252120e+02   2.220344e+00
  1.157600e-02   1.236150e+02   2.112483e+00
  1.188060e-02   1.213990e+02   1.957444e+00
  1.218520e-02   1.273750e+02   1.904259e+00
  1.248990e-02   1.242210e+02   1.794008e+00
  1.279450e-02   1.235790e+02   1.719186e+00
  1.309910e-02   1.236100e+02   1.623872e+00
  1.340380e-02   1.228080e+02   1.545607e+00
  1.370840e-02   1.252650e+02   1.497063e+00
  1.401300e-02   1.243270e+02   1.430570e+00
  1.431760e-02   1.208520e+02   1.367835e+00
  1.462230e-02   1.212680e+02   1.313972e+00
  1.492690e-02   1.212830e+02   1.253351e+00
  1.523150e-02   1.222732e+02   1.216605e+00
  1.553620e-02   1.214955e+02   1.168378e+00
  1.584080e-02   1.214229e+02   1.120858e+00
  1.614540e-02   1.230397e+02   1.091578e+00
  1.645000e-02   1.212304e+02   1.050050e+00
  1.675470e-02   1.227639e+02   1.012501e+00
  1.705930e-02   1.205706e+02   9.753973e-01
  1.736390e-02   1.205946e+02   9.560050e-01
  1.766860e-02   1.206806e+02   9.232401e-01
  1.797320e-02   1.190663e+02   8.991021e-01
  1.827780e-02   1.203423e+02   8.890099e-01
  1.858250e-02   1.210450e+02   8.878988e-01
  1.888710e-02   1.196212e+02   8.736018e-01
  1.919170e-02   1.192973e+02   8.599222e-01
  1.949630e-02   1.197348e+02   8.374589e-01
  1.980100e-02   1.195071e+02   8.226634e-01
  2.010560e-02   1.186807e+02   8.129219e-01
  2.041020e-02   1.185711e+02   7.972680e-01
  2.071490e-02   1.182384e+02   7.818224e-01
  2.101950e-02   1.180043e+02   7.626906e-01
  2.132410e-02   1.182903e+02   7.537410e-01
  2.162870e-02   1.160215e+02   7.403212e-01
  2.193340e-02   1.172888e+02   7.277628e-01
  2.223800e-02   1.177564e+02   7.129125e-01
  2.254260e-02   1.173370e+02   7.035398e-01
  2.284730e-02   1.175279e+02   6.911985e-01
  2.315190e-02   1.165122e+02   6.787942e-01
  2.345650e-02   1.161185e+02   6.572528e-01
  2.376120e-02   1.141906e+02   6.509424e-01
  2.406580e-02   1.153389e+02   6.425715e-01
  2.437040e-02   1.144738e+02   6.320807e-01
  2.467500e-02   1.140584e+02   6.119706e-01
  2.497970e-02   1.139827e+02   6.091855e-01
  2.528430e-02   1.151740e+02   6.074630e-01
  2.558890e-02   1.140992e+02   5.909969e-01
  2.589360e-02   1.130407e+02   5.898982e-01
  2.619820e-02   1.134498e+02   5.655814e-01
  2.650280e-02   1.131190e+02   5.696703e-01
  2.680750e-02   1.128540e+02   5.641046e-01
  2.711210e-02   1.115344e+02   5.525304e-01
  2.741670e-02   1.126166e+02   5.524796e-01
  2.772130e-02   1.111222e+02   5.342290e-01
  2.802600e-02   1.108200e+02   5.340609e-01
  2.833060e-02   1.112613e+02   5.333884e-01
  2.863520e-02   1.101237e+02   5.155433e-01
  2.893990e-02   1.102667e+02   5.217652e-01
  2.924450e-02   1.107611e+02   5.072480e-01
  2.954910e-02   1.103772e+02   5.038567e-01
  2.985370e-02   1.095358e+02   4.944976e-01
  3.015840e-02   1.098462e+02   4.854625e-01
  3.046300e-02   1.093327e+02   4.855548e-01
  3.076760e-02   1.080527e+02   4.769934e-01
  3.107230e-02   1.081300e+02   4.722108e-01
  3.137690e-02   1.081174e+02   4.621113e-01
  3.168150e-02   1.074510e+02   4.573704e-01
  3.198620e-02   1.077156e+02   4.562678e-01
  3.229080e-02   1.075725e+02   4.478915e-01
  3.259540e-02   1.068734e+02   4.423176e-01
  3.290000e-02   1.059353e+02   4.413392e-01
  3.320470e-02   1.062441e+02   4.356661e-01
  3.350930e-02   1.053415e+02   4.343573e-01
  3.381390e-02   1.056656e+02   4.217493e-01
  3.411860e-02   1.054622e+02   4.284380e-01
  3.442320e-02   1.046565e+02   4.188182e-01
  3.472780e-02   1.040321e+02   4.221131e-01
  3.503240e-02   1.036505e+02   4.167474e-01
  3.533710e-02   1.036813e+02   4.124557e-01
  3.564170e-02   1.036247e+02   4.085136e-01
  3.594630e-02   1.031170e+02   4.061654e-01
  3.625100e-02   1.020189e+02   4.066584e-01
  3.655560e-02   1.014555e+02   4.003392e-01
  3.686020e-02   1.022518e+02   4.006683e-01
  3.716490e-02   1.022933e+02   3.982295e-01
  3.746950e-02   1.009350e+02   3.902662e-01
  3.777410e-02   1.016160e+02   3.934660e-01
  3.807870e-02   1.008668e+02   3.887810e-01
  3.838340e-02   1.000796e+02   3.889467e-01
  3.868800e-02   9.947390e+01   3.863516e-01
  3.899260e-02   9.990550e+01   3.798586e-01
  3.929730e-02   1.001520e+02   3.845997e-01
  3.960190e-02   9.916910e+01   3.768004e-01
  3.990650e-02   9.822240e+01   3.773290e-01
  4.021120e-02   9.760650e+01   3.755457e-01
  4.051580e-02   9.759310e+01   3.710725e-01
  4.082040e-02   9.725690e+01   3.739295e-01
  4.112500e-02   9.616520e+01   3.653034e-01
  4.142970e-02   9.631330e+01   3.664319e-01
  4.173430e-02   9.648960e+01   3.655843e-01
  4.203890e-02   9.573660e+01   3.606637e-01
  4.234360e-02   9.543420e+01   3.650481e-01
  4.264820e-02   9.523400e+01   3.585072e-01
  4.295280e-02   9.450810e+01   3.605850e-01
  4.325740e-02   9.385530e+01   3.641244e-01
  4.356210e-02   9.437230e+01   3.719015e-01
  4.386670e-02   9.377730e+01   3.752202e-01
  4.417130e-02   9.340420e+01   3.710919e-01
  4.447600e-02   9.271360e+01   3.771133e-01
  4.478060e-02   9.200480e+01   3.714250e-01
  4.508520e-02   9.204930e+01   3.784663e-01
  4.538990e-02   9.145250e+01   3.753589e-01
  4.569450e-02   9.168020e+01   3.777048e-01
  4.599910e-02   9.084520e+01   3.774649e-01
  4.630370e-02   9.094140e+01   3.777527e-01
  4.660840e-02   8.934820e+01   3.786222e-01
  4.691300e-02   8.923670e+01   3.762075e-01
  4.721760e-02   8.924890e+01   3.779726e-01
  4.752230e-02   8.922600e+01   3.811143e-01
  4.782690e-02   8.836580e+01   3.785348e-01
  4.813150e-02   8.839710e+01   3.806071e-01
  4.843610e-02   8.806010e+01   3.759671e-01
  4.874080e-02   8.727080e+01   3.789309e-01
  4.904540e-02   8.607550e+01   3.761099e-01
  4.935000e-02   8.645520e+01   3.750991e-01
  4.965470e-02   8.656340e+01   3.804257e-01
  4.995930e-02   8.560240e+01   3.714513e-01
  5.026390e-02   8.529510e+01   3.756008e-01
  5.056860e-02   8.506890e+01   3.702692e-01
  5.087320e-02   8.457720e+01   3.704752e-01
  5.117780e-02   8.397660e+01   3.707836e-01
  5.148240e-02   8.320640e+01   3.700311e-01
  5.178710e-02   8.264850e+01   3.716850e-01
  5.209170e-02   8.308370e+01   3.627858e-01
  5.239630e-02   8.311630e+01   3.663506e-01
  5.270100e-02   8.240280e+01   3.698121e-01
  5.300560e-02   8.134540e+01   3.641268e-01
  5.331020e-02   8.098210e+01   3.666761e-01
  5.361490e-02   8.099870e+01   3.591025e-01
  5.391950e-02   8.094690e+01   3.652532e-01
  5.422410e-02   8.004950e+01   3.613820e-01
  5.452870e-02   7.983560e+01   3.564650e-01
  5.483340e-02   7.856340e+01   3.633206e-01
  5.513800e-02   7.887880e+01   3.567308e-01
  5.544260e-02   7.892050e+01   3.605412e-01
  5.574730e-02   7.792000e+01   3.531995e-01
  5.605190e-02   7.796120e+01   3.565617e-01
  5.635650e-02   7.728790e+01   3.530060e-01
  5.666110e-02   7.706750e+01   3.540401e-01
  5.696580e-02   7.640710e+01   3.554503e-01
  5.727040e-02   7.591490e+01   3.487934e-01
  5.757500e-02   7.592690e+01   3.522095e-01
  5.787970e-02   7.531610e+01   3.507007e-01
  5.818430e-02   7.494580e+01   3.491177e-01
  5.848890e-02   7.524540e+01   3.499344e-01
  5.879360e-02   7.459730e+01   3.451536e-01
  5.909820e-02   7.402620e+01   3.498465e-01
  5.940280e-02   7.348890e+01   3.444486e-01
  5.970740e-02   7.354990e+01   3.449182e-01
  6.001210e-02   7.293140e+01   3.456318e-01
  6.031670e-02   7.216460e+01   3.415000e-01
  6.062130e-02   7.206080e+01   3.446388e-01
  6.092600e-02   7.158260e+01   3.394092e-01
  6.123060e-02   7.186530e+01   3.407931e-01
  6.153520e-02   7.124380e+01   3.415796e-01
  6.183980e-02   7.080590e+01   3.374295e-01
  6.214450e-02   6.977420e+01   3.398434e-01
  6.244910e-02   7.066450e+01   3.364970e-01
  6.275370e-02   6.905760e+01   3.372665e-01
  6.305840e-02   6.908520e+01   3.380884e-01
  6.336300e-02   6.879450e+01   3.314132e-01
  6.366760e-02   6.798410e+01   3.349961e-01
  6.397230e-02   6.717440e+01   3.314364e-01
  6.427690e-02   6.744020e+01   3.338318e-01
  6.458150e-02   6.685030e+01   3.329284e-01
  6.488610e-02   6.675570e+01   3.301642e-01
  6.519080e-02   6.629970e+01   3.309077e-01
  6.549540e-02   6.595230e+01   3.268738e-01
  6.580000e-02   6.544810e+01   3.304253e-01
  6.610470e-02   6.488900e+01   3.266528e-01
  6.640930e-02   6.487900e+01   3.264337e-01
  6.671390e-02   6.457490e+01   3.258305e-01
  6.701860e-02   6.442740e+01   3.246932e-01
  6.732320e-02   6.317570e+01   3.257941e-01
  6.762780e-02   6.340590e+01   3.213838e-01
  6.793240e-02   6.307520e+01   3.231616e-01
  6.823710e-02   6.298820e+01   3.221681e-01
  6.854170e-02   6.209880e+01   3.197244e-01
  6.884630e-02   6.204230e+01   3.209824e-01
  6.915100e-02   6.160590e+01   3.179337e-01
  6.945560e-02   6.083550e+01   3.193596e-01
  6.976020e-02   6.065230e+01   3.167825e-01
  7.006480e-02   5.990390e+01   3.169272e-01
  7.036950e-02   5.969100e+01   3.186078e-01
  7.067410e-02   5.904080e+01   3.130715e-01
  7.097870e-02   5.922800e+01   3.162870e-01
  7.128340e-02   5.864030e+01   3.118886e-01
  7.158800e-02   5.828120e+01   3.136345e-01
  7.189260e-02   5.824380e+01   3.129376e-01
  7.219730e-02   5.761280e+01   3.119787e-01
  7.250190e-02   5.708510e+01   3.125067e-01
  7.280650e-02   5.676450e+01   3.084130e-01
  7.311110e-02   5.661030e+01   3.084316e-01
  7.341580e-02   5.634190e+01   3.114188e-01
  7.372040e-02   5.559750e+01   3.071265e-01
  7.402500e-02   5.543480e+01   3.083469e-01
  7.432970e-02   5.505800e+01   3.046906e-01
  7.463430e-02   5.465700e+01   3.065741e-01
  7.493890e-02   5.434880e+01   3.052707e-01
  7.524350e-02   5.411250e+01   3.035880e-01
  7.554820e-02   5.411200e+01   3.057348e-01
  7.585280e-02   5.363530e+01   3.034081e-01
  7.615740e-02   5.252260e+01   3.021146e-01
  7.646210e-02   5.279446e+01   3.002543e-01
  7.676670e-02   5.214028e+01   3.016340e-01
  7.707130e-02   5.227130e+01   3.000199e-01
  7.737600e-02   5.153677e+01   3.009524e-01
  7.768060e-02   5.119002e+01   2.994105e-01
  7.798520e-02   5.042288e+01   2.959468e-01
  7.828980e-02   5.062266e+01   2.992196e-01
  7.859450e-02   4.891270e+01   2.978381e-01
  7.889910e-02   4.965188e+01   2.969413e-01
  7.920370e-02   4.956544e+01   2.961246e-01
  7.950840e-02   4.935753e+01   2.937854e-01
  7.981300e-02   4.901540e+01   2.968633e-01
  8.011760e-02   4.829496e+01   2.919914e-01
  8.042220e-02   4.798804e+01   2.930216e-01
  8.072690e-02   4.774082e+01   2.909768e-01
  8.103150e-02   4.734707e+01   2.923931e-01
  8.133610e-02   4.681955e+01   2.930503e-01
  8.164080e-02   4.671607e+01   2.874495e-01
  8.194540e-02   4.697873e+01   2.909351e-01
  8.225000e-02   4.633449e+01   2.892584e-01
  8.255470e-02   4.513897e+01   2.890764e-01
  8.285930e-02   4.555379e+01   2.998968e-01
  8.316390e-02   4.545000e+01   3.009455e-01
  8.346850e-02   4.443197e+01   3.085574e-01
  8.377320e-02   4.515858e+01   3.106448e-01
  8.407780e-02   4.413588e+01   3.112799e-01
  8.438240e-02   4.408723e+01   3.151345e-01
  8.468710e-02   4.358883e+01   3.145725e-01
  8.499170e-02   4.299397e+01   3.211089e-01
  8.529630e-02   4.314008e+01   3.189291e-01
  8.560100e-02   4.201066e+01   3.217719e-01
  8.590560e-02   4.198283e+01   3.236761e-01
  8.621020e-02   4.209714e+01   3.208528e-01
  8.651480e-02   4.209216e+01   3.262143e-01
  8.681950e-02   4.146198e+01   3.225071e-01
  8.712410e-02   4.112197e+01   3.255517e-01
  8.742870e-02   4.073217e+01   3.247707e-01
  8.773340e-02   3.946907e+01   3.249193e-01
  8.803800e-02   3.999260e+01   3.118594e-01
  8.834260e-02   3.947817e+01   3.016156e-01
  8.864720e-02   3.933749e+01   3.015306e-01
  8.895190e-02   3.858385e+01   2.967044e-01
  8.925650e-02   3.823554e+01   2.939864e-01
  8.956110e-02   3.844944e+01   2.914251e-01
  8.986580e-02   3.818968e+01   2.869613e-01
  9.017040e-02   3.790639e+01   2.896902e-01
  9.047500e-02   3.777566e+01   2.824837e-01
  9.077970e-02   3.743898e+01   2.847242e-01
  9.108430e-02   3.629126e+01   2.832894e-01
  9.138890e-02   3.670724e+01   2.806260e-01
  9.169350e-02   3.585680e+01   2.822146e-01
  9.199820e-02   3.596007e+01   2.775872e-01
  9.230280e-02   3.615642e+01   2.813213e-01
  9.260740e-02   3.542968e+01   2.780430e-01
  9.291210e-02   3.488904e+01   2.766225e-01
  9.321670e-02   3.483139e+01   2.770301e-01
  9.352130e-02   3.478107e+01   2.747538e-01
  9.382590e-02   3.447117e+01   2.762575e-01
  9.413060e-02   3.410311e+01   2.748359e-01
  9.443520e-02   3.358943e+01   2.751122e-01
  9.473980e-02   3.382137e+01   2.718285e-01
  9.504450e-02   3.337708e+01   2.733822e-01
  9.534910e-02   3.288323e+01   2.727741e-01
  9.565370e-02   3.235094e+01   2.701326e-01
  9.595840e-02   3.241593e+01   2.698563e-01
  9.626300e-02   3.217288e+01   2.697634e-01
  9.656760e-02   3.183966e+01   2.712306e-01
  9.687220e-02   3.158120e+01   2.701726e-01
  9.717690e-02   3.111286e+01   2.661669e-01
  9.748150e-02   3.107821e+01   2.680652e-01
  9.778610e-02   3.073372e+01   2.659647e-01
  9.809080e-02   3.020132e+01   2.668957e-01
  9.839540e-02   3.027306e+01   2.667020e-01
  9.870000e-02   2.974828e+01   2.638626e-01
  9.900470e-02   2.944488e+01   2.658268e-01
  9.930930e-02   2.915056e+01   2.631881e-01
  9.961390e-02   2.919407e+01   2.642245e-01
  9.991850e-02   2.914252e+01   2.623933e-01
  1.002230e-01   2.866946e+01   2.622140e-01
  1.005280e-01   2.863836e+01   2.624836e-01
  1.008320e-01   2.807783e+01   2.602032e-01
  1.011370e-01   2.809533e+01   2.618865e-01
  1.014420e-01   2.761741e+01   2.583244e-01
  1.017460e-01   2.760943e+01   2.600640e-01
  1.020510e-01   2.667817e+01   2.607113e-01
  1.023560e-01   2.698657e+01   2.571744e-01
  1.026600e-01   2.678677e+01   2.590345e-01
  1.029650e-01   2.680828e+01   2.566627e-01
  1.032690e-01   2.642823e+01   2.580164e-01
  1.035740e-01   2.593928e+01   2.561290e-01
  1.038790e-01   2.550403e+01   2.553978e-01
  1.041830e-01   2.536327e+01   2.573669e-01
  1.044880e-01   2.525194e+01   2.542908e-01
  1.047930e-01   2.486376e+01   2.551837e-01
  1.050970e-01   2.478502e+01   2.527846e-01
  1.054020e-01   2.412292e+01   2.531371e-01
  1.057070e-01   2.407408e+01   2.547443e-01
  1.060110e-01   2.437549e+01   2.517880e-01
  1.063160e-01   2.401516e+01   2.523007e-01
  1.066200e-01   2.378676e+01   2.502571e-01
  1.069250e-01   2.398784e+01   2.505088e-01
  1.072300e-01   2.312846e+01   2.523227e-01
  1.075340e-01   2.290068e+01   2.500580e-01
  1.078390e-01   2.267549e+01   2.496345e-01
  1.081440e-01   2.331059e+01   2.484843e-01
  1.084480e-01   2.221849e+01   2.490045e-01
  1.087530e-01   2.245986e+01   2.474227e-01
  1.090570e-01   2.185356e+01   2.479428e-01
  1.093620e-01   2.172789e+01   2.486619e-01
  1.096670e-01   2.165609e+01   2.470507e-01
  1.099710e-01   2.097743e+01   2.468596e-01
  1.102760e-01   2.096881e+01   2.446731e-01
  1.105810e-01   2.094618e+01   2.447675e-01
  1.108850e-01   2.078610e+01   2.463831e-01
  1.111900e-01   2.020241e+01   2.441161e-01
  1.114940e-01   2.078636e+01   2.453914e-01
  1.117990e-01   2.002317e+01   2.423067e-01
  1.121040e-01   1.933870e+01   2.435283e-01
  1.124080e-01   1.963293e+01   2.427027e-01
  1.127130e-01   1.912294e+01   2.423792e-01
  1.130180e-01   1.942007e+01   2.426134e-01
  1.133220e-01   1.920472e+01   2.404439e-01
  1.136270e-01   1.871832e+01   2.429539e-01
  1.139310e-01   1.918653e+01   2.397522e-01
  1.142360e-01   1.853610e+01   2.415346e-01
  1.145410e-01   1.834732e+01   2.402032e-01
  1.148450e-01   1.812131e+01   2.391274e-01
  1.151500e-01   1.818336e+01   2.402929e-01
  1.154550e-01   1.774484e+01   2.380602e-01
  1.157590e-01   1.775438e+01   2.380273e-01
  1.160640e-01   1.731684e+01   2.379476e-01
  1.163690e-01   1.718942e+01   2.373125e-01
  1.166730e-01   1.715249e+01   2.380328e-01
  1.169780e-01   1.691749e+01   2.368286e-01
  1.172820e-01   1.620711e+01   2.371306e-01
  1.175870e-01   1.646716e+01   2.361018e-01
  1.178920e-01   1.633522e+01   2.345466e-01
  1.181960e-01   1.625733e+01   2.342580e-01
  1.185010e-01   1.640949e+01   2.359210e-01
  1.188060e-01   1.613966e+01   2.350600e-01
  1.191100e-01   1.539850e+01   2.345127e-01
  1.194150e-01   1.553476e+01   2.337282e-01
  1.197190e-01   1.547704e+01   2.332918e-01
  1.200240e-01   1.526117e+01   2.332283e-01
  1.203290e-01   1.479115e+01   2.317238e-01
  1.206330e-01   1.513941e+01   2.329580e-01
  1.209380e-01   1.485416e+01   2.317104e-01
  1.212430e-01   1.455875e+01   2.325895e-01
  1.215470e-01   1.457062e+01   2.316153e-01
  1.218520e-01   1.463920e+01   2.303839e-01
  1.221560e-01   1.396445e+01   2.297268e-01
  1.224610e-01   1.395558e+01   2.304686e-01
  1.227660e-01   1.427966e+01   2.310855e-01
  1.230700e-01   1.359313e+01   2.286649e-01
  1.233750e-01   1.388784e+01   2.295971e-01
  1.236800e-01   1.380795e+01   2.276274e-01
  1.239840e-01   1.356212e+01   2.300162e-01
  1.242890e-01   1.343180e+01   2.277167e-01
  1.245940e-01   1.289851e+01   2.278334e-01
  1.248980e-01   1.333185e+01   2.276196e-01
  1.252030e-01   1.268401e+01   2.271257e-01
  1.255070e-01   1.271326e+01   2.270320e-01
  1.258120e-01   1.271611e+01   2.260372e-01
  1.261170e-01   1.245382e+01   2.278008e-01
  1.264210e-01   1.220735e+01   2.256663e-01
  1.267260e-01   1.142674e+01   2.295469e-01
  1.270310e-01   1.193812e+01   2.358314e-01
  1.273350e-01   1.147616e+01   2.346563e-01
  1.276400e-01   1.147813e+01   2.401457e-01
  1.279440e-01   1.184654e+01   2.410163e-01
  1.282490e-01   1.142672e+01   2.431722e-01
  1.285540e-01   1.132868e+01   2.426788e-01
  1.288580e-01   1.134356e+01   2.400466e-01
  1.291630e-01   1.124821e+01   2.375314e-01
  1.294680e-01   1.144233e+01   2.321909e-01
  1.297720e-01   1.098021e+01   2.319562e-01
  1.300770e-01   1.085101e+01   2.303737e-01
  1.303810e-01   1.067460e+01   2.315973e-01
  1.306860e-01   1.057073e+01   2.313752e-01
  1.309910e-01   1.039765e+01   2.281073e-01
  1.312950e-01   1.022105e+01   2.305208e-01
  1.316000e-01   9.763660e+00   2.275564e-01
  1.319050e-01   9.677270e+00   2.277257e-01
  1.322090e-01   1.008260e+01   2.290418e-01
  1.325140e-01   9.559820e+00   2.252564e-01
  1.328190e-01   9.660990e+00   2.277289e-01
  1.331230e-01   9.596120e+00   2.251343e-01
  1.334280e-01   9.217430e+00   2.251570e-01
  1.337320e-01   9.415760e+00   2.244009e-01
  1.340370e-01   8.943520e+00   2.233985e-01
  1.343420e-01   9.521890e+00   2.250377e-01
  1.346460e-01   8.796360e+00   2.199928e-01
  1.349510e-01   8.691050e+00   2.209252e-01
  1.352560e-01   9.105920e+00   2.200661e-01
  1.355600e-01   8.730280e+00   2.207757e-01
  1.358650e-01   9.157950e+00   2.199522e-01
  1.361690e-01   8.414360e+00   2.171124e-01
  1.364740e-01   8.357590e+00   2.190268e-01
  1.367790e-01   8.292740e+00   2.179564e-01
  1.370830e-01   8.269050e+00   2.182418e-01
  1.373880e-01   8.369290e+00   2.176413e-01
  1.376930e-01   8.326220e+00   2.161583e-01
  1.379970e-01   8.315530e+00   2.188054e-01
  1.383020e-01   7.517070e+00   2.160732e-01
  1.386060e-01   7.581830e+00   2.172233e-01
  1.389110e-01   7.923230e+00   2.147610e-01
  1.392160e-01   7.490850e+00   2.165602e-01
  1.395200e-01   7.562580e+00   2.173440e-01
  1.398250e-01   7.606060e+00   2.142058e-01
  1.401300e-01   7.399780e+00   2.143832e-01
  1.404340e-01   7.186600e+00   2.134156e-01
  1.407390e-01   7.465280e+00   2.153837e-01
  1.410440e-01   7.007320e+00   2.139203e-01
  1.413480e-01   7.271650e+00   2.138053e-01
  1.416530e-01   7.037740e+00   2.144997e-01
  1.419570e-01   7.116940e+00   2.127093e-01
  1.422620e-01   6.762580e+00   2.139740e-01
  1.425670e-01   6.895030e+00   2.113784e-01
  1.428710e-01   6.757790e+00   2.120758e-01
  1.431760e-01   6.628480e+00   2.136287e-01
  1.434810e-01   6.636000e+00   2.119669e-01
  1.437850e-01   6.625010e+00   2.121988e-01
  1.440900e-01   6.376100e+00   2.104810e-01
  1.443940e-01   6.481300e+00   2.116000e-01
  1.446990e-01   6.301970e+00   2.118234e-01
  1.450040e-01   5.988910e+00   2.096434e-01
  1.453080e-01   5.777160e+00   2.108093e-01
  1.456130e-01   6.076050e+00   2.094188e-01
  1.459180e-01   5.952470e+00   2.108375e-01
  1.462220e-01   6.186340e+00   2.095848e-01
  1.465270e-01   5.803890e+00   2.089596e-01
  1.468310e-01   6.149680e+00   2.105556e-01
  1.471360e-01   5.990270e+00   2.080065e-01
  1.474410e-01   5.862990e+00   2.164594e-01
  1.477450e-01   5.480000e+00   2.182807e-01
  1.480500e-01   5.812720e+00   2.204122e-01
  1.483550e-01   5.337600e+00   2.253534e-01
  1.486590e-01   5.033500e+00   2.236855e-01
  1.489640e-01   5.135720e+00   2.284465e-01
  1.492690e-01   4.713240e+00   2.255242e-01
  1.495730e-01   4.871790e+00   2.280836e-01
  1.498780e-01   5.487920e+00   2.288179e-01
  1.501820e-01   5.056370e+00   2.276558e-01
  1.504870e-01   5.111130e+00   2.304959e-01
  1.507920e-01   4.819720e+00   2.289173e-01
  1.510960e-01   4.855580e+00   2.312440e-01
  1.514010e-01   4.540320e+00   2.285844e-01
  1.517060e-01   4.521190e+00   2.299741e-01
  1.520100e-01   4.685130e+00   2.306952e-01
  1.523150e-01   4.579480e+00   2.282686e-01
  1.526190e-01   4.357010e+00   2.217524e-01
  1.529240e-01   4.454940e+00   2.170315e-01
  1.532290e-01   4.233290e+00   2.154090e-01
  1.535330e-01   4.441020e+00   2.146681e-01
  1.538380e-01   4.388900e+00   2.113865e-01
  1.541430e-01   4.284120e+00   2.123581e-01
  1.544470e-01   4.334970e+00   2.095479e-01
  1.547520e-01   4.127510e+00   2.110227e-01
  1.550560e-01   4.005990e+00   2.100730e-01
  1.553610e-01   4.212570e+00   2.093982e-01
  1.556660e-01   4.164370e+00   2.105468e-01
  1.559700e-01   3.929410e+00   2.082134e-01
  1.562750e-01   3.837830e+00   2.101925e-01
  1.565800e-01   4.010660e+00   2.083017e-01
  1.568840e-01   4.118530e+00   2.084567e-01
  1.571890e-01   3.588110e+00   2.083147e-01
  1.574940e-01   3.851900e+00   2.060071e-01
  1.577980e-01   3.757250e+00   2.075671e-01
  1.581030e-01   3.452320e+00   2.051332e-01
  1.584070e-01   3.849560e+00   2.069078e-01
  1.587120e-01   3.805810e+00   2.070950e-01
  1.590170e-01   3.660900e+00   2.061619e-01
  1.593210e-01   3.623630e+00   2.065633e-01
  1.596260e-01   3.516730e+00   2.028471e-01
  1.599310e-01   3.532720e+00   2.059074e-01
  1.602350e-01   3.293490e+00   2.050307e-01
  1.605400e-01   3.294200e+00   2.044610e-01
  1.608440e-01   3.549720e+00   2.050906e-01
  1.611490e-01   3.734670e+00   2.026278e-01
  1.614540e-01   3.484450e+00   2.049078e-01
  1.617580e-01   3.519430e+00   2.025516e-01
  1.620630e-01   3.533010e+00   2.030002e-01
  1.623680e-01   3.198280e+00   2.023190e-01
  1.626720e-01   3.300690e+00   2.024462e-01
  1.629770e-01   3.201810e+00   2.036998e-01
  1.632810e-01   3.007510e+00   2.005227e-01
  1.635860e-01   3.171580e+00   2.018899e-01
  1.638910e-01   3.239610e+00   2.028767e-01
  1.641950e-01   3.309370e+00   2.008270e-01
  1.645000e-01   3.315210e+00   2.021515e-01
  1.648050e-01   3.275560e+00   1.999785e-01
  1.651090e-01   3.191540e+00   2.013611e-01
  1.654140e-01   3.006270e+00   2.004929e-01
  1.657190e-01   2.939930e+00   1.994766e-01
  1.660230e-01   3.018610e+00   2.013100e-01
  1.663280e-01   2.770220e+00   1.994819e-01
  1.666320e-01   3.076560e+00   2.004527e-01
  1.669370e-01   2.710820e+00   1.981801e-01
  1.672420e-01   2.658180e+00   1.987485e-01
  1.675460e-01   2.975520e+00   1.993482e-01
  1.678510e-01   2.731840e+00   1.993637e-01
  1.681560e-01   2.957170e+00   1.981466e-01
  1.684600e-01   2.964610e+00   1.982443e-01
  1.687650e-01   2.685700e+00   1.989108e-01
  1.690690e-01   2.978400e+00   1.981942e-01
  1.693740e-01   2.982340e+00   1.978494e-01
  1.696790e-01   2.624300e+00   1.983003e-01
  1.699830e-01   2.419690e+00   1.961750e-01
  1.702880e-01   2.984770e+00   1.980808e-01
  1.705930e-01   2.472040e+00   1.963368e-01
  1.708970e-01   2.909690e+00   1.971597e-01
  1.712020e-01   2.320920e+00   1.957620e-01
  1.715060e-01   2.523860e+00   1.972586e-01
  1.718110e-01   2.657250e+00   1.975468e-01
  1.721160e-01   2.567720e+00   1.940806e-01
  1.724200e-01   2.309820e+00   1.959659e-01
  1.727250e-01   2.372020e+00   1.947383e-01
  1.730300e-01   2.308490e+00   1.967557e-01
  1.733340e-01   2.445520e+00   1.957161e-01
  1.736390e-01   2.720170e+00   1.931353e-01
  1.739440e-01   2.199470e+00   1.965040e-01
  1.742480e-01   2.274790e+00   1.935063e-01
  1.745530e-01   2.765220e+00   1.953072e-01
  1.748570e-01   2.068700e+00   1.937192e-01
  1.751620e-01   2.093280e+00   1.938179e-01
  1.754670e-01   2.118060e+00   1.950699e-01
  1.757710e-01   2.461450e+00   1.925391e-01
  1.760760e-01   2.079550e+00   1.944713e-01
  1.763810e-01   2.152570e+00   1.920303e-01
  1.766850e-01   2.227760e+00   1.935898e-01
  1.769900e-01   1.693790e+00   1.944355e-01
  1.772940e-01   2.335770e+00   1.907279e-01
  1.775990e-01   1.941970e+00   1.931557e-01
  1.779040e-01   2.389870e+00   1.928316e-01
  1.782080e-01   2.077690e+00   1.925016e-01
  1.785130e-01   2.032030e+00   1.928397e-01
  1.788180e-01   2.372720e+00   1.911744e-01
  1.791220e-01   2.415140e+00   1.928122e-01
  1.794270e-01   1.967520e+00   1.914172e-01
  1.797310e-01   2.114850e+00   1.911672e-01
  1.800360e-01   2.324470e+00   1.916347e-01
  1.803410e-01   2.343150e+00   1.902522e-01
  1.806450e-01   2.384520e+00   1.920548e-01
  1.809500e-01   1.727460e+00   1.907639e-01
  1.812550e-01   1.883690e+00   1.905276e-01
  1.815590e-01   2.265310e+00   1.908412e-01
  1.818640e-01   2.065580e+00   1.898343e-01
  1.821690e-01   1.889810e+00   1.910273e-01
  1.824730e-01   2.064660e+00   1.897915e-01
  1.827780e-01   2.147980e+00   1.895512e-01
  1.830820e-01   1.757340e+00   1.892305e-01
  1.833870e-01   1.488940e+00   1.895923e-01
  1.836920e-01   2.132360e+00   1.891423e-01
  1.839960e-01   2.051290e+00   1.893355e-01
  1.843010e-01   2.037870e+00   1.888708e-01
  1.846060e-01   2.161470e+00   1.890497e-01
  1.849100e-01   1.792590e+00   1.890452e-01
  1.852150e-01   2.051870e+00   1.874165e-01
  1.855190e-01   1.760220e+00   1.887942e-01
  1.858240e-01   1.942310e+00   1.887002e-01
  1.861290e-01   2.162290e+00   1.874102e-01
  1.864330e-01   2.109490e+00   1.892305e-01
  1.867380e-01   2.106650e+00   1.865097e-01
  1.870430e-01   1.748840e+00   1.882966e-01
  1.873470e-01   2.103030e+00   1.875520e-01
  1.876520e-01   1.785650e+00   1.866730e-01
  1.879560e-01   1.796930e+00   1.875775e-01
  1.882610e-01   1.780910e+00   1.859030e-01
  1.885660e-01   1.563430e+00   1.875536e-01
  1.888700e-01   1.749060e+00   1.866874e-01
  1.891750e-01   1.798010e+00   1.861651e-01
  1.894800e-01   2.023390e+00   1.862183e-01
  1.897840e-01   1.642450e+00   1.855842e-01
  1.900890e-01   1.955420e+00   1.872810e-01
  1.903940e-01   1.478620e+00   1.853652e-01
  1.906980e-01   1.569680e+00   1.860607e-01
  1.910030e-01   1.955640e+00   1.867581e-01
  1.913070e-01   1.418370e+00   1.848611e-01
  1.916120e-01   1.785060e+00   1.855280e-01
  1.919170e-01   1.830830e+00   1.838180e-01
  1.922210e-01   1.465730e+00   1.854869e-01
  1.925260e-01   1.890610e+00   1.852217e-01
  1.928310e-01   1.958810e+00   1.851487e-01
  1.931350e-01   1.731450e+00   1.845334e-01
  1.934400e-01   1.776550e+00   1.840947e-01
  1.937440e-01   1.737780e+00   1.850011e-01
  1.940490e-01   2.125730e+00   1.843743e-01
  1.943540e-01   2.057470e+00   1.835468e-01
  1.946580e-01   1.362710e+00   1.836326e-01
  1.949630e-01   1.634240e+00   1.825879e-01
  1.952680e-01   2.140140e+00   1.836743e-01
  1.955720e-01   1.603420e+00   1.821132e-01
  1.958770e-01   1.559920e+00   1.829387e-01
  1.961810e-01   1.742440e+00   1.829420e-01
  1.964860e-01   1.522530e+00   1.817712e-01
  1.967910e-01   1.611690e+00   1.829470e-01
  1.970950e-01   1.896000e+00   1.810023e-01
  1.974000e-01   1.826000e+00   1.828366e-01
  1.977050e-01   1.713460e+00   1.818527e-01
  1.980090e-01   1.668190e+00   1.815398e-01
  1.983140e-01   2.061210e+00   1.825961e-01
  1.986190e-01   1.702510e+00   1.808584e-01
  1.989230e-01   1.660510e+00   1.829373e-01
  1.992280e-01   1.735530e+00   1.815162e-01
  1.995320e-01   1.570370e+00   1.808364e-01
  1.998370e-01   1.746550e+00   1.823884e-01
  2.001420e-01   1.535140e+00   1.805804e-01
  2.004460e-01   1.491370e+00   1.819143e-01
  2.007510e-01   1.855150e+00   1.807825e-01
  2.010560e-01   1.599370e+00   1.808196e-01
  2.013600e-01   1.531600e+00   1.812570e-01
  2.016650e-01   1.750000e+00   1.801572e-01
  2.019690e-01   1.396200e+00   1.812560e-01
  2.022740e-01   1.582760e+00   1.793702e-01
  2.025790e-01   1.903350e+00   1.809107e-01
  2.028830e-01   1.864380e+00   1.795848e-01
  2.031880e-01   1.478130e+00   1.806691e-01
  2.034930e-01   1.582130e+00   1.807947e-01
  2.037970e-01   1.723180e+00   1.790508e-01
  2.041020e-01   1.355340e+00   1.806901e-01
  2.044060e-01   1.468750e+00   1.781551e-01
  2.047110e-01   1.460810e+00   1.793767e-01
  2.050160e-01   1.468590e+00   1.787939e-01
  2.053200e-01   1.434130e+00   1.798789e-01
  2.056250e-01   1.821080e+00   1.795121e-01
  2.059300e-01   1.588200e+00   1.778279e-01
  2.062340e-01   1.480130e+00   1.794494e-01
  2.065390e-01   1.514340e+00   1.784147e-01
  2.068440e-01   1.186300e+00   1.778759e-01
  2.071480e-01   1.317210e+00   1.789870e-01
  2.074530e-01   1.655010e+00   1.775786e-01
  2.077570e-01   1.613770e+00   1.786620e-01
  2.080620e-01   1.924200e+00   1.781293e-01
  2.083670e-01   1.551760e+00   1.775493e-01
  2.086710e-01   1.550970e+00   1.779107e-01
  2.089760e-01   1.757820e+00   1.777452e-01
  2.092810e-01   1.744090e+00   1.778634e-01
  2.095850e-01   1.587970e+00   1.766873e-01
  2.098900e-01   1.586720e+00   1.766272e-01
  2.101940e-01   1.582230e+00   1.775304e-01
  2.104990e-01   1.542400e+00   1.769349e-01
  2.108040e-01   1.349800e+00   1.770550e-01
  2.111080e-01   1.422940e+00   1.761977e-01
  2.114130e-01   1.461880e+00   1.761680e-01
  2.117180e-01   1.255250e+00   1.776327e-01
  2.120220e-01   1.468070e+00   1.804335e-01
  2.123270e-01   1.462600e+00   1.841896e-01
  2.126310e-01   1.748540e+00   1.856138e-01
  2.129360e-01   1.481120e+00   1.880562e-01
  2.132410e-01   1.531870e+00   1.885177e-01
  2.135450e-01   1.311280e+00   1.879817e-01
  2.138500e-01   1.435570e+00   1.887235e-01
  2.141550e-01   1.505530e+00   1.890790e-01
  2.144590e-01   1.331900e+00   1.901450e-01
  2.147640e-01   1.325280e+00   1.901851e-01
  2.150690e-01   1.453650e+00   1.905065e-01
  2.153730e-01   1.202380e+00   1.906959e-01
  2.156780e-01   1.135390e+00   1.922906e-01
  2.159820e-01   1.385780e+00   1.913802e-01
  2.162870e-01   1.185610e+00   1.915289e-01
  2.165920e-01   1.554970e+00   1.933737e-01
  2.168960e-01   1.244090e+00   1.915546e-01
  2.172010e-01   1.489940e+00   1.870392e-01
  2.175060e-01   1.518700e+00   1.835612e-01
  2.178100e-01   1.187140e+00   1.819047e-01
  2.181150e-01   1.505530e+00   1.823787e-01
  2.184190e-01   1.842940e+00   1.795367e-01
  2.187240e-01   1.402120e+00   1.807809e-01
  2.190290e-01   1.331100e+00   1.786538e-01
  2.193330e-01   1.630610e+00   1.798692e-01
  2.196380e-01   1.344010e+00   1.796487e-01
  2.199430e-01   1.310210e+00   1.773631e-01
  2.202470e-01   1.267220e+00   1.793621e-01
  2.205520e-01   1.211960e+00   1.773112e-01
  2.208560e-01   1.237460e+00   1.785690e-01
  2.211610e-01   1.581960e+00   1.787060e-01
  2.214660e-01   1.528060e+00   1.755998e-01
  2.217700e-01   1.384510e+00   1.783818e-01
  2.220750e-01   1.393460e+00   1.763387e-01
  2.223800e-01   1.433540e+00   1.769269e-01
  2.226840e-01   1.004390e+00   1.763184e-01
  2.229890e-01   1.396150e+00   1.759735e-01
  2.232940e-01   1.364220e+00   1.769101e-01
  2.235980e-01   1.374280e+00   1.751368e-01
  2.239030e-01   1.397790e+00   1.754165e-01
  2.242070e-01   1.263230e+00   1.757084e-01
  2.245120e-01   1.239030e+00   1.752764e-01
  2.248170e-01   1.588070e+00   1.761846e-01
  2.251210e-01   1.282390e+00   1.741030e-01
  2.254260e-01   1.478800e+00   1.751378e-01
  2.257310e-01   1.136400e+00   1.743977e-01
  2.260350e-01   1.347550e+00   1.750157e-01
  2.263400e-01   1.283940e+00   1.743153e-01
  2.266440e-01   1.343030e+00   1.732420e-01
  2.269490e-01   1.321150e+00   1.744576e-01
  2.272540e-01   1.124600e+00   1.734578e-01
  2.275580e-01   9.505100e-01   1.736006e-01
  2.278630e-01   1.374490e+00   1.729520e-01
  2.281680e-01   1.144390e+00   1.734074e-01
  2.284720e-01   1.034520e+00   1.743261e-01
  2.287770e-01   1.472520e+00   1.723649e-01
  2.290810e-01   1.336990e+00   1.726268e-01
  2.293860e-01   1.099260e+00   1.720795e-01
  2.296910e-01   1.151190e+00   1.731367e-01
  2.299950e-01   1.269920e+00   1.732741e-01
  2.303000e-01   1.531590e+00   1.717365e-01
  2.306050e-01   1.562710e+00   1.718693e-01
  2.309090e-01   1.224170e+00   1.718033e-01
  2.312140e-01   1.399580e+00   1.729724e-01
  2.315190e-01   1.024320e+00   1.712167e-01
  2.318230e-01   1.229730e+00   1.705840e-01
  2.321280e-01   1.155040e+00   1.722637e-01
  2.324320e-01   1.140760e+00   1.709888e-01
  2.327370e-01   1.201680e+00   1.715950e-01
  2.330420e-01   9.690500e-01   1.703635e-01
  2.333460e-01   1.385100e+00   1.709804e-01
  2.336510e-01   8.994700e-01   1.718364e-01
  2.339560e-01   1.205080e+00   1.696002e-01
  2.342600e-01   1.220560e+00   1.709097e-01
  2.345650e-01   1.108340e+00   1.693999e-01
  2.348690e-01   1.065650e+00   1.706999e-01
  2.351740e-01   1.071230e+00   1.702055e-01
  2.354790e-01   1.341040e+00   1.694775e-01
  2.357830e-01   1.215030e+00   1.701077e-01
  2.360880e-01   1.280380e+00   1.691787e-01
  2.363930e-01   1.405780e+00   1.702908e-01
  2.366970e-01   1.235090e+00   1.684309e-01
  2.370020e-01   1.087660e+00   1.696551e-01
  2.373060e-01   8.579400e-01   1.703157e-01
  2.376110e-01   1.077950e+00   1.682837e-01
  2.379160e-01   1.468700e+00   1.694149e-01
  2.382200e-01   1.086710e+00   1.682964e-01
  2.385250e-01   1.197960e+00   1.689022e-01
  2.388300e-01   1.444610e+00   1.692810e-01
  2.391340e-01   1.384860e+00   1.675118e-01
  2.394390e-01   1.082080e+00   1.687770e-01
  2.397430e-01   1.165050e+00   1.673112e-01
  2.400480e-01   1.143420e+00   1.684205e-01
  2.403530e-01   1.282390e+00   1.684296e-01
  2.406570e-01   1.127530e+00   1.676030e-01
  2.409620e-01   1.449130e+00   1.688944e-01
  2.412670e-01   1.429380e+00   1.665290e-01
  2.415710e-01   1.089660e+00   1.678096e-01
  2.418760e-01   1.074840e+00   1.671986e-01
  2.421810e-01   1.118160e+00   1.668966e-01
  2.424850e-01   8.975400e-01   1.682404e-01
  2.427900e-01   1.320310e+00   1.666412e-01
  2.430940e-01   1.459210e+00   1.664910e-01
  2.433990e-01   1.207770e+00   1.667681e-01
  2.437040e-01   1.089830e+00   1.667588e-01
  2.440080e-01   9.049400e-01   1.668053e-01
  2.443130e-01   1.012310e+00   1.656827e-01
  2.446180e-01   1.074950e+00   1.660924e-01
  2.449220e-01   7.972500e-01   1.660138e-01
  2.452270e-01   1.339710e+00   1.664817e-01
  2.455310e-01   1.157230e+00   1.659903e-01
  2.458360e-01   7.796500e-01   1.654140e-01
  2.461410e-01   1.301970e+00   1.661652e-01
  2.464450e-01   9.095100e-01   1.651628e-01
  2.467500e-01   1.203830e+00   1.656974e-01
  2.470550e-01   1.337730e+00   1.651479e-01
  2.473590e-01   1.073900e+00   1.648132e-01
  2.476640e-01   1.021910e+00   1.647754e-01
  2.479680e-01   1.297030e+00   1.645922e-01
  2.482730e-01   1.106430e+00   1.649369e-01
  2.485780e-01   9.085000e-01   1.637940e-01
  2.488820e-01   1.020130e+00   1.646308e-01
  2.491870e-01   1.153040e+00   1.637942e-01
  2.494920e-01   1.308800e+00   1.640621e-01
  2.497960e-01   1.474050e+00   1.643978e-01
  2.501010e-01   1.309150e+00   1.631598e-01
  2.504060e-01   1.068430e+00   1.650481e-01
  2.507100e-01   1.034660e+00   1.629503e-01
  2.510150e-01   7.205900e-01   1.638619e-01
  2.513190e-01   1.175240e+00   1.637302e-01
  2.516240e-01   1.233390e+00   1.628264e-01
  2.519290e-01   9.577600e-01   1.648528e-01
  2.522330e-01   1.384810e+00   1.629133e-01
  2.525380e-01   8.524300e-01   1.634332e-01
  2.528430e-01   1.203670e+00   1.631910e-01
  2.531470e-01   8.546100e-01   1.635528e-01
  2.534520e-01   9.337300e-01   1.637923e-01
  2.537560e-01   1.002070e+00   1.618745e-01
  2.540610e-01   1.059890e+00   1.633121e-01
  2.543660e-01   9.541700e-01   1.627126e-01
  2.546700e-01   1.015450e+00   1.623314e-01
  2.549750e-01   1.139020e+00   1.634520e-01
  2.552800e-01   1.146560e+00   1.618541e-01
  2.555840e-01   9.416400e-01   1.627724e-01
  2.558890e-01   9.189100e-01   1.623535e-01
  2.561930e-01   1.120380e+00   1.620220e-01
  2.564980e-01   8.776600e-01   1.621762e-01
  2.568030e-01   7.992000e-01   1.618566e-01
  2.571070e-01   8.462300e-01   1.620842e-01
  2.574120e-01   9.224200e-01   1.616678e-01
  2.577170e-01   6.389000e-01   1.616554e-01
  2.580210e-01   8.681800e-01   1.616415e-01
  2.583260e-01   8.063700e-01   1.615237e-01
  2.586310e-01   1.208590e+00   1.619871e-01
  2.589350e-01   6.834900e-01   1.600207e-01
  2.592400e-01   6.612700e-01   1.617060e-01
  2.595440e-01   1.120300e+00   1.612761e-01
  2.598490e-01   1.067550e+00   1.610387e-01
  2.601540e-01   1.113260e+00   1.609469e-01
  2.604580e-01   6.856700e-01   1.603176e-01
  2.607630e-01   8.570100e-01   1.616393e-01
  2.610680e-01   4.215400e-01   1.595589e-01
  2.613720e-01   1.040000e+00   1.609726e-01
  2.616770e-01   7.918000e-01   1.607049e-01
  2.619810e-01   1.115280e+00   1.600890e-01
  2.622860e-01   6.236800e-01   1.609239e-01
  2.625910e-01   6.774600e-01   1.593674e-01
  2.628950e-01   7.235300e-01   1.601404e-01
  2.632000e-01   6.700700e-01   1.601845e-01
  2.635050e-01   1.019430e+00   1.599928e-01
  2.638090e-01   9.581600e-01   1.600929e-01
  2.641140e-01   9.907000e-01   1.585852e-01
  2.644180e-01   8.309400e-01   1.600212e-01
  2.647230e-01   6.786200e-01   1.595597e-01
  2.650280e-01   9.829100e-01   1.595392e-01
  2.653320e-01   8.079200e-01   1.588838e-01
  2.656370e-01   1.006220e+00   1.592687e-01
  2.659420e-01   7.632200e-01   1.595076e-01
  2.662460e-01   1.195610e+00   1.583511e-01
  2.665510e-01   5.774400e-01   1.588760e-01
  2.668560e-01   8.089500e-01   1.585408e-01
  2.671600e-01   1.027230e+00   1.594304e-01
  2.674650e-01   9.604600e-01   1.586301e-01
  2.677690e-01   9.045900e-01   1.580067e-01
  2.680740e-01   1.003890e+00   1.586402e-01
  2.683790e-01   9.003600e-01   1.585165e-01
  2.686830e-01   1.034500e+00   1.589139e-01
  2.689880e-01   6.115900e-01   1.575458e-01
  2.692930e-01   7.458500e-01   1.572652e-01
  2.695970e-01   5.876400e-01   1.581740e-01
  2.699020e-01   6.141600e-01   1.573851e-01
  2.702060e-01   8.864100e-01   1.579433e-01
  2.705110e-01   1.073720e+00   1.575233e-01
  2.708160e-01   1.015700e+00   1.574630e-01
  2.711200e-01   7.637700e-01   1.586464e-01
  2.714250e-01   1.190320e+00   1.562781e-01
  2.717300e-01   8.777800e-01   1.577069e-01
  2.720340e-01   7.535300e-01   1.565012e-01
  2.723390e-01   9.331300e-01   1.572421e-01
  2.726430e-01   6.187700e-01   1.582760e-01
  2.729480e-01   7.059700e-01   1.555695e-01
  2.732530e-01   7.641600e-01   1.571046e-01
  2.735570e-01   7.689900e-01   1.565811e-01
  2.738620e-01   8.323200e-01   1.564806e-01
  2.741670e-01   6.858000e-01   1.569720e-01
  2.744710e-01   8.040700e-01   1.557413e-01
  2.747760e-01   7.660600e-01   1.571586e-01
  2.750810e-01   7.023900e-01   1.558258e-01
  2.753850e-01   8.191500e-01   1.558692e-01
  2.756900e-01   7.275200e-01   1.558521e-01
  2.759940e-01   9.389500e-01   1.561738e-01
  2.762990e-01   7.861200e-01   1.567182e-01
  2.766040e-01   9.969200e-01   1.592954e-01
  2.769080e-01   9.524400e-01   1.618464e-01
  2.772130e-01   6.931600e-01   1.651221e-01
  2.775180e-01   7.494700e-01   1.704745e-01
  2.778220e-01   8.604900e-01   1.719022e-01
  2.781270e-01   7.715200e-01   1.736921e-01
  2.784310e-01   7.245300e-01   1.763183e-01
  2.787360e-01   8.108500e-01   1.772037e-01
  2.790410e-01   7.048800e-01   1.802074e-01
  2.793450e-01   9.794800e-01   1.807400e-01
  2.796500e-01   9.688500e-01   1.833498e-01
  2.799550e-01   6.807300e-01   1.858353e-01
  2.802590e-01   6.168500e-01   1.857879e-01
  2.805640e-01   5.004600e-01   1.877996e-01
  2.808680e-01   4.841400e-01   1.865030e-01
  2.811730e-01   5.249000e-01   1.898157e-01
  2.814780e-01   6.351100e-01   1.913631e-01
  2.817820e-01   7.501900e-01   1.887155e-01
  2.820870e-01   4.105100e-01   1.934396e-01
  2.823920e-01   9.899800e-01   1.913250e-01
  2.826960e-01   4.873500e-01   1.940750e-01
  2.830010e-01   7.700700e-01   1.944982e-01
  2.833060e-01   9.501800e-01   1.939673e-01
  2.836100e-01   1.134400e+00   1.967672e-01
  2.839150e-01   7.020000e-01   1.956727e-01
  2.842190e-01   6.468400e-01   1.974901e-01
  2.845240e-01   1.314720e+00   1.981928e-01
  2.848290e-01   6.050800e-01   1.975494e-01
  2.851330e-01   9.114400e-01   2.009332e-01
  2.854380e-01   4.129500e-01   1.986373e-01
  2.857430e-01   7.262500e-01   2.026238e-01
  2.860470e-01   5.619900e-01   2.003399e-01
  2.863520e-01   6.041200e-01   2.017473e-01
  2.866560e-01   1.083080e+00   2.041329e-01
  2.869610e-01   7.733200e-01   2.026567e-01
  2.872660e-01   6.443500e-01   2.052711e-01
  2.875700e-01   1.170130e+00   2.042001e-01
  2.878750e-01   1.111910e+00   2.070262e-01
  2.881800e-01   5.069200e-01   2.052530e-01
  2.884840e-01   5.515000e-01   2.070341e-01
  2.887890e-01   5.928000e-01   2.086963e-01
  2.890930e-01   6.718500e-01   2.071218e-01
  2.893980e-01   2.953800e-01   2.090794e-01
  2.897030e-01   1.009560e+00   2.077045e-01
  2.900070e-01   8.783500e-01   2.088312e-01
  2.903120e-01   1.192530e+00   2.110261e-01
  2.906170e-01   7.022100e-01   2.090617e-01
  2.909210e-01   8.131900e-01   2.112966e-01
  2.912260e-01   6.582100e-01   2.083869e-01
  2.915310e-01   8.588200e-01   2.128254e-01
  2.918350e-01   8.314800e-01   2.130741e-01
  2.921400e-01   9.814800e-01   2.108037e-01
  2.924440e-01   8.552000e-01   2.153177e-01
  2.927490e-01   4.861900e-01   2.119155e-01
  2.930540e-01   7.955100e-01   2.160992e-01
  2.933580e-01   7.194600e-01   2.138523e-01
  2.936630e-01   4.921300e-01   2.158418e-01
  2.939680e-01   5.779800e-01   2.179491e-01
  2.942720e-01   7.537100e-01   2.154518e-01
  2.945770e-01   6.240800e-01   2.192122e-01
  2.948810e-01   1.024780e+00   2.166227e-01
  2.951860e-01   8.187600e-01   2.188783e-01
  2.954910e-01   4.964600e-01   2.198524e-01
  2.957950e-01   8.283000e-01   2.200910e-01
  2.961000e-01   7.898700e-01   2.219693e-01
  2.964050e-01   9.548200e-01   2.188876e-01
  2.967090e-01   1.119020e+00   2.244636e-01
  2.970140e-01   6.969200e-01   2.221233e-01
  2.973180e-01   6.763900e-01   2.235391e-01
  2.976230e-01   5.483100e-01   2.235627e-01
  2.979280e-01   9.011900e-01   2.239699e-01
  2.982320e-01   6.224400e-01   2.266888e-01
  2.985370e-01   6.216500e-01   2.246165e-01
  2.988420e-01   8.833400e-01   2.268679e-01
  2.991460e-01   8.388800e-01   2.263734e-01
  2.994510e-01   8.650400e-01   2.287264e-01
  2.997560e-01   6.156900e-01   2.277375e-01
  3.000600e-01   1.117650e+00   2.281688e-01
  3.003650e-01   4.363300e-01   2.293459e-01
  3.006690e-01   1.011900e+00   2.309538e-01
  3.009740e-01   7.229300e-01   2.294085e-01
  3.012790e-01   7.298400e-01   2.333237e-01
  3.015830e-01   6.428300e-01   2.305785e-01
  3.018880e-01   5.160500e-01   2.333906e-01
  3.021930e-01   9.751200e-01   2.350757e-01
  3.024970e-01   8.745500e-01   2.320693e-01
  3.028020e-01   3.066600e-01   2.348090e-01
  3.031060e-01   5.697400e-01   2.341222e-01
  3.034110e-01   9.751500e-01   2.380813e-01
  3.037160e-01   7.609800e-01   2.368268e-01
  3.040200e-01   7.367300e-01   2.340196e-01
  3.043250e-01   6.692800e-01   2.383979e-01
  3.046300e-01   1.104360e+00   2.370310e-01
  3.049340e-01   6.349300e-01   2.377425e-01
  3.052390e-01   7.206400e-01   2.382784e-01
  3.055430e-01   8.759000e-01   2.377436e-01
  3.058480e-01   5.214000e-01   2.408528e-01
  3.061530e-01   2.873600e-01   2.405387e-01
  3.064570e-01   8.700500e-01   2.417392e-01
  3.067620e-01   6.882600e-01   2.406213e-01
  3.070670e-01   6.233100e-01   2.425504e-01
  3.073710e-01   6.313900e-01   2.425531e-01
  3.076760e-01   9.666600e-01   2.439850e-01
  3.079810e-01   6.126500e-01   2.429441e-01
  3.082850e-01   7.922700e-01   2.464744e-01
  3.085900e-01   8.799800e-01   2.463431e-01
  3.088940e-01   4.065600e-01   2.436826e-01
  3.091990e-01   8.395200e-01   2.475349e-01
  3.095040e-01   8.819700e-01   2.454746e-01
  3.098080e-01   5.693300e-01   2.498397e-01
  3.101130e-01   7.664200e-01   2.505557e-01
  3.104180e-01   5.536900e-01   2.476150e-01
  3.107220e-01   6.814400e-01   2.513004e-01
  3.110270e-01   6.795100e-01   2.469295e-01
  3.113310e-01   5.080400e-01   2.544285e-01
  3.116360e-01   8.769200e-01   2.531341e-01
  3.119410e-01   4.255100e-01   2.512867e-01
  3.122450e-01   2.899500e-01   2.551580e-01
  3.125500e-01   4.449100e-01   2.515756e-01
  3.128550e-01   4.972500e-01   2.577274e-01
  3.131590e-01   6.997500e-01   2.543051e-01
  3.134640e-01   1.055500e+00   2.569979e-01
  3.137680e-01   6.356000e-01   2.593321e-01
  3.140730e-01   6.476200e-01   2.518837e-01
  3.143780e-01   4.233600e-01   2.616200e-01
  3.146820e-01   3.963600e-01   2.545113e-01
  3.149870e-01   4.110000e-01   2.565564e-01
  3.152920e-01   8.505600e-01   2.609869e-01
  3.155960e-01   4.705700e-01   2.533988e-01
  3.159010e-01   1.725800e-01   2.606989e-01
  3.162060e-01   8.032700e-01   2.563402e-01
  3.165100e-01   6.619300e-01   2.591742e-01
  3.168150e-01   9.125900e-01   2.609099e-01
  3.171190e-01   5.671100e-01   2.576450e-01
  3.174240e-01   4.228000e-01   2.637052e-01
  3.177290e-01   4.611300e-01   2.592879e-01
  3.180330e-01   3.099000e-01   2.631945e-01
  3.183380e-01   9.645800e-01   2.634365e-01
  3.186430e-01   6.069000e-01   2.622211e-01
  3.189470e-01   1.071370e+00   2.687421e-01
  3.192520e-01   1.057570e+00   2.611928e-01
  3.195560e-01   5.896800e-01   2.677759e-01
  3.198610e-01   8.709300e-01   2.663339e-01
  3.201660e-01   6.706400e-01   2.670154e-01
  3.204700e-01  -4.420070e+00   2.744640e-01
  3.207750e-01   1.016300e+00   2.657580e-01
  3.210800e-01   4.147100e-01   2.729979e-01
  3.213840e-01   4.799000e-02   2.682787e-01
  3.216890e-01   9.413000e-02   2.711673e-01
  3.219930e-01   4.014700e-01   2.718843e-01
  3.222980e-01   4.925400e-01   2.719381e-01
  3.226030e-01   9.523300e-01   2.764925e-01
  3.229070e-01   5.020300e-01   2.712794e-01
  3.232120e-01   8.462700e-01   2.762210e-01
  3.235170e-01   1.143440e+00   2.756946e-01
  3.238210e-01   5.209600e-01   2.769787e-01
  3.241260e-01   5.576600e-01   2.809171e-01
  3.244310e-01   1.118170e+00   2.740270e-01
  3.247350e-01   7.193300e-01   2.811601e-01
  3.250400e-01   3.655700e-01   2.772417e-01
  3.253440e-01   4.022900e-01   2.820009e-01
  3.256490e-01   9.308700e-01   2.813656e-01
  3.259540e-01   6.850200e-01   2.821387e-01
  3.262580e-01   1.022960e+00   2.861139e-01
  3.265630e-01   4.442600e-01   2.808664e-01
  3.268680e-01   7.417500e-01   2.863113e-01
  3.271720e-01   2.069900e-01   2.834252e-01
  3.274770e-01   4.988200e-01   2.871244e-01
  3.277810e-01   8.819600e-01   2.912027e-01
  3.280860e-01   3.722400e-01   2.845551e-01
  3.283910e-01   7.205200e-01   2.916987e-01
  3.286950e-01   4.097700e-01   2.858003e-01
  3.290000e-01   1.139790e+00   2.944063e-01
  3.293050e-01   1.062380e+00   2.910133e-01
  3.296090e-01   3.892000e-01   2.901460e-01
  3.299140e-01   7.062700e-01   2.972413e-01
  3.302180e-01   3.665800e-01   2.905998e-01
  3.305230e-01   9.448000e-01   2.979496e-01
  3.308280e-01   5.136700e-01   2.945470e-01
  3.311320e-01   5.735900e-01   2.974700e-01
  3.314370e-01   2.857400e-01   3.003894e-01
  3.317420e-01   8.453900e-01   2.946106e-01
  3.320460e-01   1.205370e+00   3.035911e-01
  3.323510e-01   6.605000e-01   2.983995e-01
  3.326560e-01   7.369600e-01   3.020066e-01
  3.329600e-01   4.619800e-01   3.061642e-01
  3.332650e-01   9.039700e-01   2.990948e-01
  3.335690e-01   5.573900e-01   3.076584e-01
  3.338740e-01   6.062800e-01   3.025355e-01
  3.341790e-01   8.957800e-01   3.101120e-01
  3.344830e-01   8.449300e-01   3.051768e-01
  3.347880e-01   1.461200e-01   3.079590e-01
  3.350930e-01   2.058600e-01   3.135246e-01
  3.353970e-01   3.538700e-01   3.054143e-01
  3.357020e-01   4.981700e-01   3.158763e-01
  3.360060e-01   5.188200e-01   3.082904e-01
  3.363110e-01   4.070000e-01   3.148525e-01
  3.366160e-01   8.590400e-01   3.204563e-01
  3.369200e-01   1.623050e+00   3.108724e-01
  3.372250e-01   8.997100e-01   3.219127e-01
  3.375300e-01   4.257200e-01   3.121542e-01
  3.378340e-01   5.236100e-01   3.216276e-01
  3.381390e-01   5.932700e-01   3.214459e-01
  3.384430e-01   7.949800e-01   3.179942e-01
  3.387480e-01   6.523400e-01   3.280838e-01
  3.390530e-01   5.956100e-01   3.178265e-01
  3.393570e-01   1.365830e+00   3.275088e-01
  3.396620e-01   1.299870e+00   3.247793e-01
  3.399670e-01   6.125700e-01   3.264390e-01
  3.402710e-01   2.039900e-01   3.337817e-01
  3.405760e-01   3.637600e-01   3.215703e-01
  3.408810e-01   2.501600e-01   3.344178e-01
  3.411850e-01   6.159100e-01   3.286666e-01
  3.414900e-01   1.777500e-01   3.324882e-01
  3.417940e-01   6.828200e-01   3.386839e-01
  3.420990e-01   5.038500e-01   3.316176e-01
  3.424040e-01   9.895000e-02   3.404682e-01
  3.427080e-01   8.379300e-01   3.319010e-01
  3.430130e-01   1.190230e+00   3.418695e-01
  3.433180e-01   6.212100e-01   3.408404e-01
  3.436220e-01   4.641900e-01   3.390660e-01
  3.439270e-01   1.140280e+00   3.511157e-01
  3.442310e-01   3.729400e-01   3.354335e-01
  3.445360e-01   7.737500e-01   3.492432e-01
  3.448410e-01   4.073400e-01   3.446885e-01
  3.451450e-01   4.031600e-01   3.475900e-01
  3.454500e-01   1.209000e+00   3.595623e-01
  3.457550e-01   6.055700e-01   3.392610e-01
  3.460590e-01   5.516600e-01   3.573013e-01
  3.463640e-01   2.398600e-01   3.501482e-01
  3.466680e-01   5.390100e-01   3.566312e-01
  3.469730e-01   5.882500e-01   3.581449e-01
  3.472780e-01   7.371500e-01   3.539137e-01
  3.475820e-01  -1.589700e-01   3.669313e-01
  3.478870e-01   3.334000e-01   3.530517e-01
  3.481920e-01   8.118200e-01   3.657371e-01
  3.484960e-01   2.381900e-01   3.608981e-01
  3.488010e-01   5.595400e-01   3.635842e-01
  3.491060e-01   3.601900e-01   3.729330e-01
  3.494100e-01   4.536100e-01   3.534927e-01
  3.497150e-01   8.020900e-01   3.716567e-01
  3.500190e-01   1.038260e+00   3.606781e-01
  3.503240e-01   2.648000e-02   3.651985e-01
  3.506290e-01   9.871100e-01   3.690466e-01
  3.509330e-01   7.419400e-01   3.609145e-01
  3.512380e-01   1.584600e+00   3.716451e-01
  3.515430e-01  -6.777300e-01   3.582114e-01
  3.518470e-01  -9.584000e-02   3.706991e-01
  3.521520e-01   6.427500e-01   3.665159e-01
  3.524560e-01   1.198460e+00   3.684362e-01
  3.527610e-01   1.421980e+00   3.788462e-01
  3.530660e-01   7.180500e-01   3.659447e-01
  3.533700e-01   1.372000e-02   3.780817e-01
  3.536750e-01   5.588900e-01   3.711757e-01
  3.539800e-01   1.231630e+00   3.801546e-01
  3.542840e-01   6.748700e-01   3.859449e-01
  3.545890e-01   1.049350e+00   3.729068e-01
  3.548930e-01  -2.483700e-01   3.876995e-01
  3.551980e-01   3.375600e-01   3.764366e-01
  3.555030e-01   1.067640e+00   3.897706e-01
  3.558070e-01   1.468990e+00   3.884255e-01
  3.561120e-01   3.908700e-01   3.881905e-01
  3.564170e-01   1.322650e+00   4.020672e-01
  3.567210e-01   1.338830e+00   3.813800e-01
  3.570260e-01   1.424700e-01   4.021399e-01
  3.573300e-01   1.194120e+00   3.932227e-01
  3.576350e-01   1.239900e-01   3.997117e-01
  3.579400e-01   3.831700e-01   4.126462e-01
  3.582440e-01  -2.567000e-02   3.887723e-01
  3.585490e-01   1.143130e+00   4.151989e-01
  3.588540e-01   8.877100e-01   3.997919e-01
  3.591580e-01   8.719800e-01   4.117264e-01
  3.594630e-01   1.222450e+00   4.151916e-01
  3.597680e-01   5.825000e-01   4.089670e-01
  3.600720e-01   1.403910e+00   4.263093e-01
  3.603770e-01   7.159400e-01   4.054214e-01
  3.606810e-01  -2.280000e-01   4.275478e-01
  3.609860e-01   6.032000e-02   4.169486e-01
  3.612910e-01   1.355840e+00   4.246952e-01
  3.615950e-01  -1.378900e-01   4.401815e-01
  3.619000e-01   1.194710e+00   4.146295e-01
  3.622050e-01   1.363800e-01   4.393034e-01
  3.625090e-01   7.756100e-01   4.260292e-01
  3.628140e-01   6.139500e-01   4.405448e-01
  3.631180e-01   9.389200e-01   4.466239e-01
  3.634230e-01   6.542200e-01   4.275968e-01
  3.637280e-01   1.101810e+00   4.592534e-01
  3.640320e-01   9.007100e-01   4.327738e-01
  3.643370e-01   1.234140e+00   4.580818e-01
  3.646420e-01   9.409000e-02   4.495261e-01
  3.649460e-01   9.271400e-01   4.503129e-01
  3.652510e-01   6.043800e-01   4.759751e-01
  3.655550e-01   3.590600e-01   4.415256e-01
  3.658600e-01   7.732900e-01   4.732868e-01
  3.661650e-01   8.475600e-01   4.574205e-01
  3.664690e-01   1.139510e+00   4.725017e-01
  3.667740e-01   1.191690e+00   4.924035e-01
  3.670790e-01   5.654300e-01   4.542752e-01
  3.673830e-01   7.084000e-01   4.926661e-01
  3.676880e-01   1.026200e+00   4.679962e-01
  3.679930e-01   8.591000e-01   4.898997e-01
  3.682970e-01   7.267800e-01   4.906413e-01
  3.686020e-01   6.325100e-01   4.829153e-01
  3.689060e-01   4.577700e-01   5.184535e-01
  3.692110e-01   8.712300e-01   4.757218e-01
  3.695160e-01   1.758100e-01   5.163464e-01
  3.698200e-01   1.047310e+00   4.969015e-01
  3.701250e-01   3.754500e-01   5.081072e-01
  3.704300e-01   8.306700e-01   5.419527e-01
  3.707340e-01   2.831400e-01   4.930002e-01
  3.710390e-01   1.271030e+00   5.343104e-01
  3.713430e-01  -1.333100e-01   5.124918e-01
  3.716480e-01   2.391200e-01   5.344025e-01
  3.719530e-01   9.429900e-01   5.476068e-01
  3.722570e-01   8.157400e-01   5.173089e-01
  3.725620e-01   1.077710e+00   5.703095e-01
  3.728670e-01   4.597800e-01   5.214513e-01
  3.731710e-01   1.134990e+00   5.723896e-01
  3.734760e-01   2.988100e-01   5.486264e-01
  3.737800e-01   3.879600e-01   5.592518e-01
  3.740850e-01   1.205900e+00   6.009147e-01
  3.743900e-01   1.411540e+00   5.405145e-01
  3.746940e-01   1.737400e-01   5.964739e-01
  3.749990e-01  -2.638000e-02   5.662127e-01
  3.753040e-01   1.596540e+00   5.933213e-01
  3.756080e-01  -1.989000e-02   6.468975e-01
  3.759130e-01   1.414350e+00   5.537733e-01
  3.762180e-01  -7.795200e-01   6.426036e-01
  3.765220e-01  -5.857000e-02   5.750878e-01
  3.768270e-01   1.057180e+00   6.455827e-01
  3.771310e-01   2.135740e+00   6.239764e-01
  3.774360e-01  -5.129000e-02   6.237782e-01
  3.777410e-01  -7.942700e-01   6.835493e-01
  3.780450e-01   1.086450e+00   6.063504e-01
  3.783500e-01   1.117420e+00   6.891997e-01
  3.786550e-01   1.690570e+00   6.433588e-01
  3.789590e-01   1.116930e+00   6.819239e-01
  3.792640e-01  -4.560000e-01   7.366169e-01
  3.795680e-01  -1.095700e-01   6.374795e-01
  3.798730e-01   8.881000e-01   7.346276e-01
  3.801780e-01   7.599700e-01   6.789736e-01
  3.804820e-01  -2.234300e-01   7.218706e-01
  3.807870e-01   6.880500e-01   7.694909e-01
  3.810920e-01   1.534900e-01   6.984078e-01
  3.813960e-01  -2.896300e-01   8.468713e-01
  3.817010e-01  -6.239500e-01   6.912175e-01
  3.820050e-01   6.360700e-01   8.304783e-01
  3.823100e-01   6.998700e-01   7.746495e-01
  3.826150e-01   1.099720e+00   7.858830e-01
  3.829190e-01   2.750070e+00   9.823649e-01
  3.832240e-01  -4.148300e-01   7.168797e-01
  3.835290e-01   1.713300e+00   9.984671e-01
  3.838330e-01   1.020580e+00   7.811427e-01
  3.841380e-01   3.117900e-01   9.653621e-01
  3.844430e-01   9.638800e-01   1.007434e+00
  3.847470e-01   7.853900e-01   8.243536e-01
  3.850520e-01   2.554520e+00   1.149752e+00
  3.853560e-01   8.210600e-01   8.326861e-01
  3.856610e-01   1.878900e+00   1.213901e+00
  3.859660e-01   1.478670e+00   9.472160e-01
  3.862700e-01   1.478910e+00   1.142653e+00
  3.865750e-01   3.525000e-01   1.329294e+00
  3.868800e-01  -2.259100e-01   9.668635e-01
  3.871840e-01   1.305020e+00   1.429109e+00
  3.874890e-01   2.713800e-01   1.049174e+00
  3.877930e-01  -4.439900e-01   1.549790e+00
  3.880980e-01  -1.207970e+00   1.605371e+00
  3.884030e-01  -6.145800e-01   1.201713e+00
  3.887070e-01   1.289010e+00   1.822374e+00
  3.890120e-01   1.427020e+00   1.391878e+00
  3.893170e-01   0.000000e+00   0.000000e+00
  3.896210e-01  -8.325000e-02   1.664236e+00
header-file: .0000
image-file: .0000
angular-axis-file: /nas_data/SAXS_data/20160311Osipiuk/q20160304.dat
beamstop-mask-file: /nas_data/SAXS_data/20160311Osipiuk/fit2d_20160304.msk
detector-response-file: none
beam-center-x: 907.8000
beam-center-y: 905.1000
unit-time: 1.0000
channel-first: 9
channel-last: 1276
Exposure time [s]: .5861
Transmitted Beam: .4026
Incident Beam: .4026
Code: b1c
Concentration [mg/ml]: 1
Run Number: 488.5000
parent: b1c_avg481-496.dat
parent: b1c_avg400-430.dat
creator: datop
creator-version: v0.4 (r6669)
datop-operation: b1c_avg481-496.dat SUB b1c_avg400-430.dat
