5fcd-A.p  Dro:0.050  Ra:1.400  RGT:20.75  Vol: 34291.  Chi^2:******
  0.000000E+00  0.000000E+00  0.000000E+00  0.168062E-02
  0.200000E-02  0.000000E+00  0.000000E+00  0.167966E-02
  0.365561E-02  0.167170E+03  0.401836E+02  0.167741E-02
  0.396024E-02  0.149510E+03  0.305462E+02  0.167685E-02
  0.426487E-02  0.162070E+03  0.209345E+02  0.167624E-02
  0.456949E-02  0.135200E+03  0.178244E+02  0.167560E-02
  0.487412E-02  0.110680E+03  0.147739E+02  0.167491E-02
  0.517875E-02  0.141870E+03  0.128547E+02  0.167417E-02
  0.548338E-02  0.147000E+03  0.111966E+02  0.167339E-02
  0.578801E-02  0.105670E+03  0.951842E+01  0.167256E-02
  0.609264E-02  0.124720E+03  0.892281E+01  0.167170E-02
  0.639727E-02  0.112430E+03  0.785514E+01  0.167078E-02
  0.670190E-02  0.138030E+03  0.688575E+01  0.166983E-02
  0.700653E-02  0.131010E+03  0.641632E+01  0.166883E-02
  0.731116E-02  0.124562E+03  0.556416E+01  0.166778E-02
  0.761579E-02  0.126427E+03  0.534336E+01  0.166669E-02
  0.792042E-02  0.117151E+03  0.473583E+01  0.166556E-02
  0.822505E-02  0.125738E+03  0.433750E+01  0.166439E-02
  0.852968E-02  0.127110E+03  0.410479E+01  0.166317E-02
  0.883431E-02  0.130854E+03  0.373221E+01  0.166190E-02
  0.913894E-02  0.122797E+03  0.349877E+01  0.166060E-02
  0.944357E-02  0.119167E+03  0.319684E+01  0.165925E-02
  0.974820E-02  0.123076E+03  0.303218E+01  0.165786E-02
  0.100528E-01  0.124411E+03  0.286676E+01  0.165643E-02
  0.103575E-01  0.128698E+03  0.262141E+01  0.165495E-02
  0.106621E-01  0.127122E+03  0.250451E+01  0.165343E-02
  0.109667E-01  0.125428E+03  0.234540E+01  0.165187E-02
  0.112713E-01  0.125212E+03  0.222034E+01  0.165026E-02
  0.115760E-01  0.123615E+03  0.211248E+01  0.164861E-02
  0.118806E-01  0.121399E+03  0.195744E+01  0.164692E-02
  0.121852E-01  0.127375E+03  0.190426E+01  0.164519E-02
  0.124899E-01  0.124221E+03  0.179401E+01  0.164342E-02
  0.127945E-01  0.123579E+03  0.171919E+01  0.164160E-02
  0.130991E-01  0.123610E+03  0.162387E+01  0.163975E-02
  0.134038E-01  0.122808E+03  0.154561E+01  0.163785E-02
  0.137084E-01  0.125265E+03  0.149706E+01  0.163591E-02
  0.140130E-01  0.124327E+03  0.143057E+01  0.163392E-02
  0.143176E-01  0.120852E+03  0.136783E+01  0.163190E-02
  0.146223E-01  0.121268E+03  0.131397E+01  0.162984E-02
  0.149269E-01  0.121283E+03  0.125335E+01  0.162773E-02
  0.152315E-01  0.122273E+03  0.121660E+01  0.162559E-02
  0.155362E-01  0.121496E+03  0.116838E+01  0.162340E-02
  0.158408E-01  0.121423E+03  0.112086E+01  0.162117E-02
  0.161454E-01  0.123040E+03  0.109158E+01  0.161891E-02
  0.164500E-01  0.121230E+03  0.105005E+01  0.161660E-02
  0.167547E-01  0.122764E+03  0.101250E+01  0.161425E-02
  0.170593E-01  0.120571E+03  0.975397E+00  0.161186E-02
  0.173639E-01  0.120595E+03  0.956005E+00  0.160944E-02
  0.176686E-01  0.120681E+03  0.923240E+00  0.160697E-02
  0.179732E-01  0.119066E+03  0.899102E+00  0.160447E-02
  0.182778E-01  0.120342E+03  0.889010E+00  0.160192E-02
  0.185825E-01  0.121045E+03  0.887899E+00  0.159934E-02
  0.188871E-01  0.119621E+03  0.873602E+00  0.159672E-02
  0.191917E-01  0.119297E+03  0.859922E+00  0.159406E-02
  0.194963E-01  0.119735E+03  0.837459E+00  0.159136E-02
  0.198010E-01  0.119507E+03  0.822663E+00  0.158862E-02
  0.201056E-01  0.118681E+03  0.812922E+00  0.158584E-02
  0.204102E-01  0.118571E+03  0.797268E+00  0.158303E-02
  0.207149E-01  0.118238E+03  0.781822E+00  0.158018E-02
  0.210195E-01  0.118004E+03  0.762691E+00  0.157729E-02
  0.213241E-01  0.118290E+03  0.753741E+00  0.157437E-02
  0.216287E-01  0.116022E+03  0.740321E+00  0.157141E-02
  0.219334E-01  0.117289E+03  0.727763E+00  0.156841E-02
  0.222380E-01  0.117756E+03  0.712912E+00  0.156537E-02
  0.225426E-01  0.117337E+03  0.703540E+00  0.156230E-02
  0.228473E-01  0.117528E+03  0.691199E+00  0.155920E-02
  0.231519E-01  0.116512E+03  0.678794E+00  0.155605E-02
  0.234565E-01  0.116118E+03  0.657253E+00  0.155288E-02
  0.237612E-01  0.114191E+03  0.650942E+00  0.154966E-02
  0.240658E-01  0.115339E+03  0.642571E+00  0.154641E-02
  0.243704E-01  0.114474E+03  0.632081E+00  0.154313E-02
  0.246750E-01  0.114058E+03  0.611971E+00  0.153981E-02
  0.249797E-01  0.113983E+03  0.609186E+00  0.153646E-02
  0.252843E-01  0.115174E+03  0.607463E+00  0.153307E-02
  0.255889E-01  0.114099E+03  0.590997E+00  0.152965E-02
  0.258936E-01  0.113041E+03  0.589898E+00  0.152620E-02
  0.261982E-01  0.113450E+03  0.565581E+00  0.152271E-02
  0.265028E-01  0.113119E+03  0.569670E+00  0.151919E-02
  0.268075E-01  0.112854E+03  0.564105E+00  0.151564E-02
  0.271121E-01  0.111534E+03  0.552530E+00  0.151205E-02
  0.274167E-01  0.112617E+03  0.552480E+00  0.150843E-02
  0.277213E-01  0.111122E+03  0.534229E+00  0.150478E-02
  0.280260E-01  0.110820E+03  0.534061E+00  0.150110E-02
  0.283306E-01  0.111261E+03  0.533388E+00  0.149739E-02
  0.286352E-01  0.110124E+03  0.515543E+00  0.149364E-02
  0.289399E-01  0.110267E+03  0.521765E+00  0.148987E-02
  0.292445E-01  0.110761E+03  0.507248E+00  0.148606E-02
  0.295491E-01  0.110377E+03  0.503857E+00  0.148222E-02
  0.298537E-01  0.109536E+03  0.494498E+00  0.147836E-02
  0.301584E-01  0.109846E+03  0.485463E+00  0.147446E-02
  0.304630E-01  0.109333E+03  0.485555E+00  0.147053E-02
  0.307676E-01  0.108053E+03  0.476993E+00  0.146658E-02
  0.310723E-01  0.108130E+03  0.472211E+00  0.146259E-02
  0.313769E-01  0.108117E+03  0.462111E+00  0.145858E-02
  0.316815E-01  0.107451E+03  0.457370E+00  0.145453E-02
  0.319862E-01  0.107716E+03  0.456268E+00  0.145046E-02
  0.322908E-01  0.107573E+03  0.447891E+00  0.144636E-02
  0.325954E-01  0.106873E+03  0.442318E+00  0.144224E-02
  0.329000E-01  0.105935E+03  0.441339E+00  0.143808E-02
  0.332047E-01  0.106244E+03  0.435666E+00  0.143390E-02
  0.335093E-01  0.105341E+03  0.434357E+00  0.142970E-02
  0.338139E-01  0.105666E+03  0.421749E+00  0.142546E-02
  0.341186E-01  0.105462E+03  0.428438E+00  0.142120E-02
  0.344232E-01  0.104656E+03  0.418818E+00  0.141691E-02
  0.347278E-01  0.104032E+03  0.422113E+00  0.141260E-02
  0.350324E-01  0.103650E+03  0.416747E+00  0.140827E-02
  0.353371E-01  0.103681E+03  0.412456E+00  0.140390E-02
  0.356417E-01  0.103625E+03  0.408514E+00  0.139952E-02
  0.359463E-01  0.103117E+03  0.406165E+00  0.139510E-02
  0.362510E-01  0.102019E+03  0.406658E+00  0.139067E-02
  0.365556E-01  0.101456E+03  0.400339E+00  0.138621E-02
  0.368602E-01  0.102252E+03  0.400668E+00  0.138173E-02
  0.371649E-01  0.102293E+03  0.398230E+00  0.137722E-02
  0.374695E-01  0.100935E+03  0.390266E+00  0.137269E-02
  0.377741E-01  0.101616E+03  0.393466E+00  0.136814E-02
  0.380787E-01  0.100867E+03  0.388781E+00  0.136356E-02
  0.383834E-01  0.100080E+03  0.388947E+00  0.135897E-02
  0.386880E-01  0.994739E+02  0.386352E+00  0.135435E-02
  0.389926E-01  0.999055E+02  0.379859E+00  0.134971E-02
  0.392973E-01  0.100152E+03  0.384600E+00  0.134505E-02
  0.396019E-01  0.991691E+02  0.376800E+00  0.134037E-02
  0.399065E-01  0.982224E+02  0.377329E+00  0.133567E-02
  0.402112E-01  0.976065E+02  0.375546E+00  0.133094E-02
  0.405158E-01  0.975931E+02  0.371073E+00  0.132620E-02
  0.408204E-01  0.972569E+02  0.373930E+00  0.132144E-02
  0.411250E-01  0.961652E+02  0.365303E+00  0.131666E-02
  0.414297E-01  0.963133E+02  0.366432E+00  0.131186E-02
  0.417343E-01  0.964896E+02  0.365584E+00  0.130704E-02
  0.420389E-01  0.957366E+02  0.360664E+00  0.130221E-02
  0.423436E-01  0.954342E+02  0.365048E+00  0.129735E-02
  0.426482E-01  0.952340E+02  0.358507E+00  0.129248E-02
  0.429528E-01  0.945081E+02  0.360585E+00  0.128759E-02
  0.432574E-01  0.938553E+02  0.364124E+00  0.128269E-02
  0.435621E-01  0.943723E+02  0.371901E+00  0.127776E-02
  0.438667E-01  0.937773E+02  0.375220E+00  0.127282E-02
  0.441713E-01  0.934042E+02  0.371092E+00  0.126787E-02
  0.444760E-01  0.927136E+02  0.377113E+00  0.126290E-02
  0.447806E-01  0.920048E+02  0.371425E+00  0.125791E-02
  0.450852E-01  0.920493E+02  0.378466E+00  0.125291E-02
  0.453899E-01  0.914525E+02  0.375359E+00  0.124789E-02
  0.456945E-01  0.916802E+02  0.377705E+00  0.124286E-02
  0.459991E-01  0.908452E+02  0.377465E+00  0.123782E-02
  0.463037E-01  0.909414E+02  0.377753E+00  0.123276E-02
  0.466084E-01  0.893482E+02  0.378622E+00  0.122769E-02
  0.469130E-01  0.892367E+02  0.376207E+00  0.122260E-02
  0.472176E-01  0.892489E+02  0.377973E+00  0.121750E-02
  0.475223E-01  0.892260E+02  0.381114E+00  0.121239E-02
  0.478269E-01  0.883658E+02  0.378535E+00  0.120727E-02
  0.481315E-01  0.883971E+02  0.380607E+00  0.120214E-02
  0.484361E-01  0.880601E+02  0.375967E+00  0.119699E-02
  0.487408E-01  0.872708E+02  0.378931E+00  0.119183E-02
  0.490454E-01  0.860755E+02  0.376110E+00  0.118666E-02
  0.493500E-01  0.864552E+02  0.375099E+00  0.118149E-02
  0.496547E-01  0.865634E+02  0.380426E+00  0.117629E-02
  0.499593E-01  0.856024E+02  0.371451E+00  0.117110E-02
  0.502639E-01  0.852951E+02  0.375601E+00  0.116589E-02
  0.505686E-01  0.850689E+02  0.370269E+00  0.116067E-02
  0.508732E-01  0.845772E+02  0.370475E+00  0.115544E-02
  0.511778E-01  0.839766E+02  0.370784E+00  0.115021E-02
  0.514824E-01  0.832064E+02  0.370031E+00  0.114496E-02
  0.517871E-01  0.826485E+02  0.371685E+00  0.113971E-02
  0.520917E-01  0.830837E+02  0.362786E+00  0.113445E-02
  0.523963E-01  0.831163E+02  0.366351E+00  0.112918E-02
  0.527010E-01  0.824028E+02  0.369812E+00  0.112391E-02
  0.530056E-01  0.813454E+02  0.364127E+00  0.111863E-02
  0.533102E-01  0.809821E+02  0.366676E+00  0.111334E-02
  0.536149E-01  0.809987E+02  0.359102E+00  0.110804E-02
  0.539195E-01  0.809469E+02  0.365253E+00  0.110275E-02
  0.542241E-01  0.800495E+02  0.361382E+00  0.109744E-02
  0.545287E-01  0.798356E+02  0.356465E+00  0.109213E-02
  0.548334E-01  0.785634E+02  0.363321E+00  0.108681E-02
  0.551380E-01  0.788788E+02  0.356731E+00  0.108149E-02
  0.554426E-01  0.789205E+02  0.360541E+00  0.107617E-02
  0.557473E-01  0.779200E+02  0.353199E+00  0.107084E-02
  0.560519E-01  0.779612E+02  0.356562E+00  0.106551E-02
  0.563565E-01  0.772879E+02  0.353006E+00  0.106017E-02
  0.566611E-01  0.770675E+02  0.354040E+00  0.105484E-02
  0.569658E-01  0.764071E+02  0.355450E+00  0.104949E-02
  0.572704E-01  0.759149E+02  0.348793E+00  0.104415E-02
  0.575750E-01  0.759269E+02  0.352210E+00  0.103880E-02
  0.578797E-01  0.753161E+02  0.350701E+00  0.103346E-02
  0.581843E-01  0.749458E+02  0.349118E+00  0.102811E-02
  0.584889E-01  0.752454E+02  0.349934E+00  0.102276E-02
  0.587936E-01  0.745973E+02  0.345154E+00  0.101740E-02
  0.590982E-01  0.740262E+02  0.349847E+00  0.101205E-02
  0.594028E-01  0.734889E+02  0.344449E+00  0.100670E-02
  0.597074E-01  0.735499E+02  0.344918E+00  0.100135E-02
  0.600121E-01  0.729314E+02  0.345632E+00  0.995992E-03
  0.603167E-01  0.721646E+02  0.341500E+00  0.990640E-03
  0.606213E-01  0.720608E+02  0.344639E+00  0.985289E-03
  0.609260E-01  0.715826E+02  0.339409E+00  0.979937E-03
  0.612306E-01  0.718653E+02  0.340793E+00  0.974589E-03
  0.615352E-01  0.712438E+02  0.341580E+00  0.969241E-03
  0.618398E-01  0.708059E+02  0.337429E+00  0.963896E-03
  0.621445E-01  0.697742E+02  0.339843E+00  0.958552E-03
  0.624491E-01  0.706645E+02  0.336497E+00  0.953211E-03
  0.627537E-01  0.690576E+02  0.337267E+00  0.947873E-03
  0.630584E-01  0.690852E+02  0.338088E+00  0.942537E-03
  0.633630E-01  0.687945E+02  0.331413E+00  0.937206E-03
  0.636676E-01  0.679841E+02  0.334996E+00  0.931878E-03
  0.639723E-01  0.671744E+02  0.331436E+00  0.926552E-03
  0.642769E-01  0.674402E+02  0.333832E+00  0.921232E-03
  0.645815E-01  0.668503E+02  0.332928E+00  0.915917E-03
  0.648861E-01  0.667557E+02  0.330164E+00  0.910606E-03
  0.651908E-01  0.662997E+02  0.330908E+00  0.905299E-03
  0.654954E-01  0.659523E+02  0.326874E+00  0.899998E-03
  0.658000E-01  0.654481E+02  0.330425E+00  0.894703E-03
  0.661047E-01  0.648890E+02  0.326653E+00  0.889412E-03
  0.664093E-01  0.648790E+02  0.326434E+00  0.884129E-03
  0.667139E-01  0.645749E+02  0.325831E+00  0.878852E-03
  0.670186E-01  0.644274E+02  0.324693E+00  0.873579E-03
  0.673232E-01  0.631757E+02  0.325794E+00  0.868315E-03
  0.676278E-01  0.634059E+02  0.321384E+00  0.863059E-03
  0.679324E-01  0.630752E+02  0.323162E+00  0.857809E-03
  0.682371E-01  0.629882E+02  0.322168E+00  0.852565E-03
  0.685417E-01  0.620988E+02  0.319724E+00  0.847331E-03
  0.688463E-01  0.620423E+02  0.320982E+00  0.842105E-03
  0.691510E-01  0.616059E+02  0.317934E+00  0.836885E-03
  0.694556E-01  0.608355E+02  0.319360E+00  0.831675E-03
  0.697602E-01  0.606523E+02  0.316783E+00  0.826474E-03
  0.700648E-01  0.599039E+02  0.316927E+00  0.821282E-03
  0.703695E-01  0.596910E+02  0.318608E+00  0.816098E-03
  0.706741E-01  0.590408E+02  0.313072E+00  0.810925E-03
  0.709787E-01  0.592280E+02  0.316287E+00  0.805761E-03
  0.712834E-01  0.586403E+02  0.311889E+00  0.800606E-03
  0.715880E-01  0.582812E+02  0.313634E+00  0.795462E-03
  0.718926E-01  0.582438E+02  0.312938E+00  0.790329E-03
  0.721973E-01  0.576128E+02  0.311979E+00  0.785204E-03
  0.725019E-01  0.570851E+02  0.312507E+00  0.780092E-03
  0.728065E-01  0.567645E+02  0.308413E+00  0.774992E-03
  0.731111E-01  0.566103E+02  0.308432E+00  0.769902E-03
  0.734158E-01  0.563419E+02  0.311419E+00  0.764822E-03
  0.737204E-01  0.555975E+02  0.307127E+00  0.759756E-03
  0.740250E-01  0.554348E+02  0.308347E+00  0.754702E-03
  0.743297E-01  0.550580E+02  0.304691E+00  0.749658E-03
  0.746343E-01  0.546570E+02  0.306574E+00  0.744628E-03
  0.749389E-01  0.543488E+02  0.305271E+00  0.739610E-03
  0.752435E-01  0.541125E+02  0.303588E+00  0.734605E-03
  0.755482E-01  0.541120E+02  0.305735E+00  0.729612E-03
  0.758528E-01  0.536353E+02  0.303408E+00  0.724633E-03
  0.761574E-01  0.525226E+02  0.302115E+00  0.719668E-03
  0.764621E-01  0.527945E+02  0.300254E+00  0.714715E-03
  0.767667E-01  0.521403E+02  0.301634E+00  0.709776E-03
  0.770713E-01  0.522713E+02  0.300020E+00  0.704852E-03
  0.773760E-01  0.515368E+02  0.300952E+00  0.699941E-03
  0.776806E-01  0.511900E+02  0.299411E+00  0.695045E-03
  0.779852E-01  0.504229E+02  0.295947E+00  0.690164E-03
  0.782898E-01  0.506227E+02  0.299220E+00  0.685297E-03
  0.785945E-01  0.489127E+02  0.297838E+00  0.680443E-03
  0.788991E-01  0.496519E+02  0.296941E+00  0.675607E-03
  0.792037E-01  0.495654E+02  0.296125E+00  0.670785E-03
  0.795084E-01  0.493575E+02  0.293785E+00  0.665977E-03
  0.798130E-01  0.490154E+02  0.296863E+00  0.661186E-03
  0.801176E-01  0.482950E+02  0.291991E+00  0.656411E-03
  0.804222E-01  0.479880E+02  0.293022E+00  0.651651E-03
  0.807269E-01  0.477408E+02  0.290977E+00  0.646906E-03
  0.810315E-01  0.473471E+02  0.292393E+00  0.642179E-03
  0.813361E-01  0.468195E+02  0.293050E+00  0.637468E-03
  0.816408E-01  0.467161E+02  0.287450E+00  0.632772E-03
  0.819454E-01  0.469787E+02  0.290935E+00  0.628095E-03
  0.822500E-01  0.463345E+02  0.289258E+00  0.623434E-03
  0.825547E-01  0.451390E+02  0.289076E+00  0.618788E-03
  0.828593E-01  0.455538E+02  0.299897E+00  0.614161E-03
  0.831639E-01  0.454500E+02  0.300945E+00  0.609552E-03
  0.834685E-01  0.444320E+02  0.308557E+00  0.604960E-03
  0.837732E-01  0.451586E+02  0.310645E+00  0.600384E-03
  0.840778E-01  0.441359E+02  0.311280E+00  0.595827E-03
  0.843824E-01  0.440872E+02  0.315134E+00  0.591288E-03
  0.846871E-01  0.435888E+02  0.314572E+00  0.586765E-03
  0.849917E-01  0.429940E+02  0.321109E+00  0.582262E-03
  0.852963E-01  0.431401E+02  0.318929E+00  0.577777E-03
  0.856010E-01  0.420107E+02  0.321772E+00  0.573310E-03
  0.859056E-01  0.419828E+02  0.323676E+00  0.568862E-03
  0.862102E-01  0.420971E+02  0.320853E+00  0.564432E-03
  0.865148E-01  0.420922E+02  0.326214E+00  0.560022E-03
  0.868195E-01  0.414620E+02  0.322507E+00  0.555629E-03
  0.871241E-01  0.411220E+02  0.325552E+00  0.551256E-03
  0.874287E-01  0.407322E+02  0.324771E+00  0.546902E-03
  0.877334E-01  0.394691E+02  0.324919E+00  0.542566E-03
  0.880380E-01  0.399926E+02  0.311859E+00  0.538251E-03
  0.883426E-01  0.394782E+02  0.301616E+00  0.533955E-03
  0.886472E-01  0.393375E+02  0.301531E+00  0.529678E-03
  0.889519E-01  0.385838E+02  0.296704E+00  0.525420E-03
  0.892565E-01  0.382355E+02  0.293986E+00  0.521183E-03
  0.895611E-01  0.384494E+02  0.291425E+00  0.516965E-03
  0.898658E-01  0.381897E+02  0.286961E+00  0.512766E-03
  0.901704E-01  0.379064E+02  0.289690E+00  0.508589E-03
  0.904750E-01  0.377757E+02  0.282484E+00  0.504431E-03
  0.907797E-01  0.374390E+02  0.284724E+00  0.500292E-03
  0.910843E-01  0.362913E+02  0.283289E+00  0.496174E-03
  0.913889E-01  0.367072E+02  0.280626E+00  0.492077E-03
  0.916935E-01  0.358568E+02  0.282215E+00  0.488000E-03
  0.919982E-01  0.359601E+02  0.277587E+00  0.483943E-03
  0.923028E-01  0.361564E+02  0.281321E+00  0.479907E-03
  0.926074E-01  0.354297E+02  0.278043E+00  0.475892E-03
  0.929121E-01  0.348890E+02  0.276622E+00  0.471896E-03
  0.932167E-01  0.348314E+02  0.277030E+00  0.467923E-03
  0.935213E-01  0.347811E+02  0.274754E+00  0.463970E-03
  0.938259E-01  0.344712E+02  0.276257E+00  0.460038E-03
  0.941306E-01  0.341031E+02  0.274836E+00  0.456126E-03
  0.944352E-01  0.335894E+02  0.275112E+00  0.452237E-03
  0.947398E-01  0.338214E+02  0.271828E+00  0.448368E-03
  0.950445E-01  0.333771E+02  0.273382E+00  0.444519E-03
  0.953491E-01  0.328832E+02  0.272774E+00  0.440693E-03
  0.956537E-01  0.323509E+02  0.270133E+00  0.436888E-03
  0.959584E-01  0.324159E+02  0.269856E+00  0.433103E-03
  0.962630E-01  0.321729E+02  0.269763E+00  0.429341E-03
  0.965676E-01  0.318397E+02  0.271231E+00  0.425600E-03
  0.968722E-01  0.315812E+02  0.270173E+00  0.421881E-03
  0.971769E-01  0.311129E+02  0.266167E+00  0.418182E-03
  0.974815E-01  0.310782E+02  0.268065E+00  0.414506E-03
  0.977861E-01  0.307337E+02  0.265965E+00  0.410851E-03
  0.980908E-01  0.302013E+02  0.266896E+00  0.407216E-03
  0.983954E-01  0.302731E+02  0.266702E+00  0.403605E-03
  0.987000E-01  0.297483E+02  0.263863E+00  0.400015E-03
  0.990047E-01  0.294449E+02  0.265827E+00  0.396445E-03
  0.993093E-01  0.291506E+02  0.263188E+00  0.392899E-03
  0.996139E-01  0.291941E+02  0.264224E+00  0.389374E-03
  0.999185E-01  0.291425E+02  0.262393E+00  0.385870E-03
  0.100223E+00  0.286695E+02  0.262214E+00  0.382390E-03
  0.100528E+00  0.286384E+02  0.262484E+00  0.378925E-03
  0.100832E+00  0.280778E+02  0.260203E+00  0.375494E-03
  0.101137E+00  0.280953E+02  0.261887E+00  0.372073E-03
  0.101442E+00  0.276174E+02  0.258324E+00  0.368674E-03
  0.101746E+00  0.276094E+02  0.260064E+00  0.365308E-03
  0.102051E+00  0.266782E+02  0.260711E+00  0.361953E-03
  0.102356E+00  0.269866E+02  0.257174E+00  0.358620E-03
  0.102660E+00  0.267868E+02  0.259035E+00  0.355319E-03
  0.102965E+00  0.268083E+02  0.256663E+00  0.352030E-03
  0.103269E+00  0.264282E+02  0.258016E+00  0.348773E-03
  0.103574E+00  0.259393E+02  0.256129E+00  0.345527E-03
  0.103879E+00  0.255040E+02  0.255398E+00  0.342304E-03
  0.104183E+00  0.253633E+02  0.257367E+00  0.339112E-03
  0.104488E+00  0.252519E+02  0.254291E+00  0.335933E-03
  0.104793E+00  0.248638E+02  0.255184E+00  0.332775E-03
  0.105097E+00  0.247850E+02  0.252785E+00  0.329649E-03
  0.105402E+00  0.241229E+02  0.253137E+00  0.326535E-03
  0.105707E+00  0.240741E+02  0.254744E+00  0.323443E-03
  0.106011E+00  0.243755E+02  0.251788E+00  0.320382E-03
  0.106316E+00  0.240152E+02  0.252301E+00  0.317334E-03
  0.106620E+00  0.237868E+02  0.250257E+00  0.314317E-03
  0.106925E+00  0.239878E+02  0.250509E+00  0.311312E-03
  0.107230E+00  0.231285E+02  0.252323E+00  0.308329E-03
  0.107534E+00  0.229007E+02  0.250058E+00  0.305377E-03
  0.107839E+00  0.226755E+02  0.249635E+00  0.302438E-03
  0.108144E+00  0.233106E+02  0.248484E+00  0.299519E-03
  0.108448E+00  0.222185E+02  0.249004E+00  0.296632E-03
  0.108753E+00  0.224599E+02  0.247423E+00  0.293757E-03
  0.109057E+00  0.218536E+02  0.247943E+00  0.290913E-03
  0.109362E+00  0.217279E+02  0.248662E+00  0.288081E-03
  0.109667E+00  0.216561E+02  0.247051E+00  0.285271E-03
  0.109971E+00  0.209774E+02  0.246860E+00  0.282491E-03
  0.110276E+00  0.209688E+02  0.244673E+00  0.279723E-03
  0.110581E+00  0.209462E+02  0.244767E+00  0.276977E-03
  0.110885E+00  0.207861E+02  0.246383E+00  0.274261E-03
  0.111190E+00  0.202024E+02  0.244116E+00  0.271557E-03
  0.111494E+00  0.207864E+02  0.245391E+00  0.268883E-03
  0.111799E+00  0.200232E+02  0.242307E+00  0.266221E-03
  0.112104E+00  0.193387E+02  0.243528E+00  0.263581E-03
  0.112408E+00  0.196329E+02  0.242703E+00  0.260970E-03
  0.112713E+00  0.191229E+02  0.242379E+00  0.258372E-03
  0.113018E+00  0.194201E+02  0.242613E+00  0.255795E-03
  0.113322E+00  0.192047E+02  0.240444E+00  0.253247E-03
  0.113627E+00  0.187183E+02  0.242954E+00  0.250712E-03
  0.113931E+00  0.191865E+02  0.239752E+00  0.248206E-03
  0.114236E+00  0.185361E+02  0.241535E+00  0.245712E-03
  0.114541E+00  0.183473E+02  0.240203E+00  0.243240E-03
  0.114845E+00  0.181213E+02  0.239127E+00  0.240796E-03
  0.115150E+00  0.181834E+02  0.240293E+00  0.238364E-03
  0.115455E+00  0.177448E+02  0.238060E+00  0.235953E-03
  0.115759E+00  0.177544E+02  0.238027E+00  0.233571E-03
  0.116064E+00  0.173168E+02  0.237948E+00  0.231201E-03
  0.116369E+00  0.171894E+02  0.237313E+00  0.228851E-03
  0.116673E+00  0.171525E+02  0.238033E+00  0.226530E-03
  0.116978E+00  0.169175E+02  0.236829E+00  0.224221E-03
  0.117282E+00  0.162071E+02  0.237131E+00  0.221939E-03
  0.117587E+00  0.164672E+02  0.236102E+00  0.219671E-03
  0.117892E+00  0.163352E+02  0.234547E+00  0.217422E-03
  0.118196E+00  0.162573E+02  0.234258E+00  0.215200E-03
  0.118501E+00  0.164095E+02  0.235921E+00  0.212991E-03
  0.118806E+00  0.161397E+02  0.235060E+00  0.210801E-03
  0.119110E+00  0.153985E+02  0.234513E+00  0.208639E-03
  0.119415E+00  0.155348E+02  0.233728E+00  0.206488E-03
  0.119719E+00  0.154770E+02  0.233292E+00  0.204364E-03
  0.120024E+00  0.152612E+02  0.233228E+00  0.202253E-03
  0.120329E+00  0.147912E+02  0.231724E+00  0.200161E-03
  0.120633E+00  0.151394E+02  0.232958E+00  0.198095E-03
  0.120938E+00  0.148542E+02  0.231710E+00  0.196041E-03
  0.121243E+00  0.145587E+02  0.232590E+00  0.194006E-03
  0.121547E+00  0.145706E+02  0.231615E+00  0.191997E-03
  0.121852E+00  0.146392E+02  0.230384E+00  0.190000E-03
  0.122156E+00  0.139644E+02  0.229727E+00  0.188028E-03
  0.122461E+00  0.139556E+02  0.230469E+00  0.186069E-03
  0.122766E+00  0.142797E+02  0.231085E+00  0.184128E-03
  0.123070E+00  0.135931E+02  0.228665E+00  0.182212E-03
  0.123375E+00  0.138878E+02  0.229597E+00  0.180309E-03
  0.123680E+00  0.138079E+02  0.227627E+00  0.178424E-03
  0.123984E+00  0.135621E+02  0.230016E+00  0.176563E-03
  0.124289E+00  0.134318E+02  0.227717E+00  0.174715E-03
  0.124594E+00  0.128985E+02  0.227833E+00  0.172884E-03
  0.124898E+00  0.133318E+02  0.227620E+00  0.171078E-03
  0.125203E+00  0.126840E+02  0.227126E+00  0.169284E-03
  0.125507E+00  0.127133E+02  0.227032E+00  0.167513E-03
  0.125812E+00  0.127161E+02  0.226037E+00  0.165754E-03
  0.126117E+00  0.124538E+02  0.227801E+00  0.164013E-03
  0.126421E+00  0.122073E+02  0.225666E+00  0.162295E-03
  0.126726E+00  0.114267E+02  0.229547E+00  0.160589E-03
  0.127031E+00  0.119381E+02  0.235831E+00  0.158901E-03
  0.127335E+00  0.114762E+02  0.234656E+00  0.157235E-03
  0.127640E+00  0.114781E+02  0.240146E+00  0.155581E-03
  0.127944E+00  0.118465E+02  0.241016E+00  0.153949E-03
  0.128249E+00  0.114267E+02  0.243172E+00  0.152328E-03
  0.128554E+00  0.113287E+02  0.242679E+00  0.150725E-03
  0.128858E+00  0.113436E+02  0.240047E+00  0.149143E-03
  0.129163E+00  0.112482E+02  0.237531E+00  0.147573E-03
  0.129468E+00  0.114423E+02  0.232191E+00  0.146019E-03
  0.129772E+00  0.109802E+02  0.231956E+00  0.144487E-03
  0.130077E+00  0.108510E+02  0.230374E+00  0.142966E-03
  0.130381E+00  0.106746E+02  0.231597E+00  0.141466E-03
  0.130686E+00  0.105707E+02  0.231375E+00  0.139977E-03
  0.130991E+00  0.103977E+02  0.228107E+00  0.138504E-03
  0.131295E+00  0.102210E+02  0.230521E+00  0.137052E-03
  0.131600E+00  0.976366E+01  0.227556E+00  0.135611E-03
  0.131905E+00  0.967727E+01  0.227726E+00  0.134185E-03
  0.132209E+00  0.100826E+02  0.229042E+00  0.132780E-03
  0.132514E+00  0.955982E+01  0.225256E+00  0.131385E-03
  0.132819E+00  0.966099E+01  0.227729E+00  0.130006E-03
  0.133123E+00  0.959612E+01  0.225134E+00  0.128646E-03
  0.133428E+00  0.921743E+01  0.225157E+00  0.127298E-03
  0.133732E+00  0.941576E+01  0.224401E+00  0.125968E-03
  0.134037E+00  0.894352E+01  0.223398E+00  0.124649E-03
  0.134342E+00  0.952189E+01  0.225038E+00  0.123345E-03
  0.134646E+00  0.879636E+01  0.219993E+00  0.122060E-03
  0.134951E+00  0.869105E+01  0.220925E+00  0.120786E-03
  0.135256E+00  0.910592E+01  0.220066E+00  0.119525E-03
  0.135560E+00  0.873028E+01  0.220776E+00  0.118284E-03
  0.135865E+00  0.915795E+01  0.219952E+00  0.117052E-03
  0.136169E+00  0.841436E+01  0.217112E+00  0.115839E-03
  0.136474E+00  0.835759E+01  0.219027E+00  0.114636E-03
  0.136779E+00  0.829274E+01  0.217956E+00  0.113446E-03
  0.137083E+00  0.826905E+01  0.218242E+00  0.112275E-03
  0.137388E+00  0.836929E+01  0.217641E+00  0.111113E-03
  0.137693E+00  0.832622E+01  0.216158E+00  0.109965E-03
  0.137997E+00  0.831553E+01  0.218805E+00  0.108834E-03
  0.138302E+00  0.751707E+01  0.216073E+00  0.107713E-03
  0.138606E+00  0.758183E+01  0.217223E+00  0.106608E-03
  0.138911E+00  0.792323E+01  0.214761E+00  0.105513E-03
  0.139216E+00  0.749085E+01  0.216560E+00  0.104432E-03
  0.139520E+00  0.756258E+01  0.217344E+00  0.103366E-03
  0.139825E+00  0.760606E+01  0.214206E+00  0.102310E-03
  0.140130E+00  0.739978E+01  0.214383E+00  0.101267E-03
  0.140434E+00  0.718660E+01  0.213416E+00  0.100240E-03
  0.140739E+00  0.746528E+01  0.215384E+00  0.992214E-04
  0.141044E+00  0.700732E+01  0.213920E+00  0.982156E-04
  0.141348E+00  0.727165E+01  0.213805E+00  0.972253E-04
  0.141653E+00  0.703774E+01  0.214500E+00  0.962439E-04
  0.141957E+00  0.711694E+01  0.212709E+00  0.952777E-04
  0.142262E+00  0.676258E+01  0.213974E+00  0.943202E-04
  0.142567E+00  0.689503E+01  0.211378E+00  0.933746E-04
  0.142871E+00  0.675779E+01  0.212076E+00  0.924438E-04
  0.143176E+00  0.662848E+01  0.213629E+00  0.915215E-04
  0.143481E+00  0.663600E+01  0.211967E+00  0.906107E-04
  0.143785E+00  0.662501E+01  0.212199E+00  0.897142E-04
  0.144090E+00  0.637610E+01  0.210481E+00  0.888261E-04
  0.144394E+00  0.648130E+01  0.211600E+00  0.879520E-04
  0.144699E+00  0.630197E+01  0.211823E+00  0.870861E-04
  0.145004E+00  0.598891E+01  0.209643E+00  0.862311E-04
  0.145308E+00  0.577716E+01  0.210809E+00  0.853898E-04
  0.145613E+00  0.607605E+01  0.209419E+00  0.845564E-04
  0.145918E+00  0.595247E+01  0.210838E+00  0.837337E-04
  0.146222E+00  0.618634E+01  0.209585E+00  0.829242E-04
  0.146527E+00  0.580389E+01  0.208960E+00  0.821224E-04
  0.146831E+00  0.614968E+01  0.210556E+00  0.813336E-04
  0.147136E+00  0.599027E+01  0.208007E+00  0.805524E-04
  0.147441E+00  0.586299E+01  0.216459E+00  0.797813E-04
  0.147745E+00  0.548000E+01  0.218281E+00  0.790227E-04
  0.148050E+00  0.581272E+01  0.220412E+00  0.782715E-04
  0.148355E+00  0.533760E+01  0.225353E+00  0.775302E-04
  0.148659E+00  0.503350E+01  0.223686E+00  0.768010E-04
  0.148964E+00  0.513572E+01  0.228446E+00  0.760790E-04
  0.149269E+00  0.471324E+01  0.225524E+00  0.753665E-04
  0.149573E+00  0.487179E+01  0.228084E+00  0.746658E-04
  0.149878E+00  0.548792E+01  0.228818E+00  0.739720E-04
  0.150182E+00  0.505637E+01  0.227656E+00  0.732898E-04
  0.150487E+00  0.511113E+01  0.230496E+00  0.726144E-04
  0.150792E+00  0.481972E+01  0.228917E+00  0.719480E-04
  0.151096E+00  0.485558E+01  0.231244E+00  0.712927E-04
  0.151401E+00  0.454032E+01  0.228584E+00  0.706440E-04
  0.151706E+00  0.452119E+01  0.229974E+00  0.700040E-04
  0.152010E+00  0.468513E+01  0.230695E+00  0.693747E-04
  0.152315E+00  0.457948E+01  0.228269E+00  0.687517E-04
  0.152619E+00  0.435701E+01  0.221752E+00  0.681391E-04
  0.152924E+00  0.445494E+01  0.217031E+00  0.675327E-04
  0.153229E+00  0.423329E+01  0.215409E+00  0.669346E-04
  0.153533E+00  0.444102E+01  0.214668E+00  0.663464E-04
  0.153838E+00  0.438890E+01  0.211387E+00  0.657642E-04
  0.154143E+00  0.428412E+01  0.212358E+00  0.651899E-04
  0.154447E+00  0.433497E+01  0.209548E+00  0.646252E-04
  0.154752E+00  0.412751E+01  0.211023E+00  0.640664E-04
  0.155056E+00  0.400599E+01  0.210073E+00  0.635169E-04
  0.155361E+00  0.421257E+01  0.209398E+00  0.629731E-04
  0.155666E+00  0.416437E+01  0.210547E+00  0.624366E-04
  0.155970E+00  0.392941E+01  0.208213E+00  0.619093E-04
  0.156275E+00  0.383783E+01  0.210193E+00  0.613874E-04
  0.156580E+00  0.401066E+01  0.208302E+00  0.608726E-04
  0.156884E+00  0.411853E+01  0.208457E+00  0.603665E-04
  0.157189E+00  0.358811E+01  0.208315E+00  0.598657E-04
  0.157494E+00  0.385190E+01  0.206007E+00  0.593718E-04
  0.157798E+00  0.375725E+01  0.207567E+00  0.588863E-04
  0.158103E+00  0.345232E+01  0.205133E+00  0.584059E-04
  0.158407E+00  0.384956E+01  0.206908E+00  0.579336E-04
  0.158712E+00  0.380581E+01  0.207095E+00  0.574664E-04
  0.159017E+00  0.366090E+01  0.206162E+00  0.570056E-04
  0.159321E+00  0.362363E+01  0.206563E+00  0.565527E-04
  0.159626E+00  0.351673E+01  0.202847E+00  0.561046E-04
  0.159931E+00  0.353272E+01  0.205907E+00  0.556628E-04
  0.160235E+00  0.329349E+01  0.205031E+00  0.552286E-04
  0.160540E+00  0.329420E+01  0.204461E+00  0.547990E-04
  0.160844E+00  0.354972E+01  0.205091E+00  0.543767E-04
  0.161149E+00  0.373467E+01  0.202628E+00  0.539590E-04
  0.161454E+00  0.348445E+01  0.204908E+00  0.535470E-04
  0.161758E+00  0.351943E+01  0.202552E+00  0.531421E-04
  0.162063E+00  0.353301E+01  0.203000E+00  0.527415E-04
  0.162368E+00  0.319828E+01  0.202319E+00  0.523463E-04
  0.162672E+00  0.330069E+01  0.202446E+00  0.519579E-04
  0.162977E+00  0.320181E+01  0.203700E+00  0.515736E-04
  0.163281E+00  0.300751E+01  0.200523E+00  0.511958E-04
  0.163586E+00  0.317158E+01  0.201890E+00  0.508219E-04
  0.163891E+00  0.323961E+01  0.202877E+00  0.504531E-04
  0.164195E+00  0.330937E+01  0.200827E+00  0.500906E-04
  0.164500E+00  0.331521E+01  0.202152E+00  0.497318E-04
  0.164805E+00  0.327556E+01  0.199979E+00  0.493778E-04
  0.165109E+00  0.319154E+01  0.201361E+00  0.490299E-04
  0.165414E+00  0.300627E+01  0.200493E+00  0.486855E-04
  0.165719E+00  0.293993E+01  0.199477E+00  0.483458E-04
  0.166023E+00  0.301861E+01  0.201310E+00  0.480117E-04
  0.166328E+00  0.277022E+01  0.199482E+00  0.476811E-04
  0.166632E+00  0.307656E+01  0.200453E+00  0.473560E-04
  0.166937E+00  0.271082E+01  0.198180E+00  0.470342E-04
  0.167242E+00  0.265818E+01  0.198748E+00  0.467168E-04
  0.167546E+00  0.297552E+01  0.199348E+00  0.464046E-04
  0.167851E+00  0.273184E+01  0.199364E+00  0.460956E-04
  0.168156E+00  0.295717E+01  0.198147E+00  0.457907E-04
  0.168460E+00  0.296461E+01  0.198244E+00  0.454909E-04
  0.168765E+00  0.268570E+01  0.198911E+00  0.451941E-04
  0.169069E+00  0.297840E+01  0.198194E+00  0.449022E-04
  0.169374E+00  0.298234E+01  0.197849E+00  0.446132E-04
  0.169679E+00  0.262430E+01  0.198300E+00  0.443281E-04
  0.169983E+00  0.241969E+01  0.196175E+00  0.440476E-04
  0.170288E+00  0.298477E+01  0.198081E+00  0.437700E-04
  0.170593E+00  0.247204E+01  0.196337E+00  0.434960E-04
  0.170897E+00  0.290969E+01  0.197160E+00  0.432266E-04
  0.171202E+00  0.232092E+01  0.195762E+00  0.429597E-04
  0.171506E+00  0.252386E+01  0.197259E+00  0.426972E-04
  0.171811E+00  0.265725E+01  0.197547E+00  0.424372E-04
  0.172116E+00  0.256772E+01  0.194081E+00  0.421805E-04
  0.172420E+00  0.230982E+01  0.195966E+00  0.419279E-04
  0.172725E+00  0.237202E+01  0.194738E+00  0.416777E-04
  0.173030E+00  0.230849E+01  0.196756E+00  0.414307E-04
  0.173334E+00  0.244552E+01  0.195716E+00  0.411875E-04
  0.173639E+00  0.272017E+01  0.193135E+00  0.409466E-04
  0.173944E+00  0.219947E+01  0.196504E+00  0.407087E-04
  0.174248E+00  0.227479E+01  0.193506E+00  0.404744E-04
  0.174553E+00  0.276522E+01  0.195307E+00  0.402423E-04
  0.174857E+00  0.206870E+01  0.193719E+00  0.400137E-04
  0.175162E+00  0.209328E+01  0.193818E+00  0.397872E-04
  0.175467E+00  0.211806E+01  0.195070E+00  0.395633E-04
  0.175771E+00  0.246145E+01  0.192539E+00  0.393429E-04
  0.176076E+00  0.207955E+01  0.194471E+00  0.391243E-04
  0.176381E+00  0.215257E+01  0.192030E+00  0.389083E-04
  0.176685E+00  0.222776E+01  0.193590E+00  0.386955E-04
  0.176990E+00  0.169379E+01  0.194436E+00  0.384845E-04
  0.177294E+00  0.233577E+01  0.190728E+00  0.382766E-04
  0.177599E+00  0.194197E+01  0.193156E+00  0.380704E-04
  0.177904E+00  0.238987E+01  0.192832E+00  0.378665E-04
  0.178208E+00  0.207769E+01  0.192502E+00  0.376656E-04
  0.178513E+00  0.203203E+01  0.192840E+00  0.374662E-04
  0.178818E+00  0.237272E+01  0.191174E+00  0.372691E-04
  0.179122E+00  0.241514E+01  0.192812E+00  0.370748E-04
  0.179427E+00  0.196752E+01  0.191417E+00  0.368819E-04
  0.179731E+00  0.211485E+01  0.191167E+00  0.366918E-04
  0.180036E+00  0.232447E+01  0.191635E+00  0.365031E-04
  0.180341E+00  0.234315E+01  0.190252E+00  0.363164E-04
  0.180645E+00  0.238452E+01  0.192055E+00  0.361322E-04
  0.180950E+00  0.172746E+01  0.190764E+00  0.359494E-04
  0.181255E+00  0.188369E+01  0.190528E+00  0.357685E-04
  0.181559E+00  0.226531E+01  0.190841E+00  0.355900E-04
  0.181864E+00  0.206558E+01  0.189834E+00  0.354127E-04
  0.182169E+00  0.188981E+01  0.191027E+00  0.352372E-04
  0.182473E+00  0.206466E+01  0.189792E+00  0.350640E-04
  0.182778E+00  0.214798E+01  0.189551E+00  0.348920E-04
  0.183082E+00  0.175734E+01  0.189230E+00  0.347221E-04
  0.183387E+00  0.148894E+01  0.189592E+00  0.345533E-04
  0.183692E+00  0.213236E+01  0.189142E+00  0.343862E-04
  0.183996E+00  0.205129E+01  0.189335E+00  0.342211E-04
  0.184301E+00  0.203787E+01  0.188871E+00  0.340570E-04
  0.184606E+00  0.216147E+01  0.189050E+00  0.338944E-04
  0.184910E+00  0.179259E+01  0.189045E+00  0.337339E-04
  0.185215E+00  0.205187E+01  0.187417E+00  0.335742E-04
  0.185519E+00  0.176022E+01  0.188794E+00  0.334164E-04
  0.185824E+00  0.194231E+01  0.188700E+00  0.332595E-04
  0.186129E+00  0.216229E+01  0.187410E+00  0.331039E-04
  0.186433E+00  0.210949E+01  0.189230E+00  0.329502E-04
  0.186738E+00  0.210665E+01  0.186510E+00  0.327972E-04
  0.187043E+00  0.174884E+01  0.188297E+00  0.326455E-04
  0.187347E+00  0.210303E+01  0.187552E+00  0.324955E-04
  0.187652E+00  0.178565E+01  0.186673E+00  0.323462E-04
  0.187956E+00  0.179693E+01  0.187578E+00  0.321985E-04
  0.188261E+00  0.178091E+01  0.185903E+00  0.320516E-04
  0.188566E+00  0.156343E+01  0.187554E+00  0.319057E-04
  0.188870E+00  0.174906E+01  0.186687E+00  0.317614E-04
  0.189175E+00  0.179801E+01  0.186165E+00  0.316177E-04
  0.189480E+00  0.202339E+01  0.186218E+00  0.314750E-04
  0.189784E+00  0.164245E+01  0.185584E+00  0.313338E-04
  0.190089E+00  0.195542E+01  0.187281E+00  0.311932E-04
  0.190394E+00  0.147862E+01  0.185365E+00  0.310535E-04
  0.190698E+00  0.156968E+01  0.186061E+00  0.309152E-04
  0.191003E+00  0.195564E+01  0.186758E+00  0.307774E-04
  0.191307E+00  0.141837E+01  0.184861E+00  0.306409E-04
  0.191612E+00  0.178506E+01  0.185528E+00  0.305049E-04
  0.191917E+00  0.183083E+01  0.183818E+00  0.303698E-04
  0.192221E+00  0.146573E+01  0.185487E+00  0.302359E-04
  0.192526E+00  0.189061E+01  0.185222E+00  0.301025E-04
  0.192831E+00  0.195881E+01  0.185149E+00  0.299698E-04
  0.193135E+00  0.173145E+01  0.184533E+00  0.298385E-04
  0.193440E+00  0.177655E+01  0.184095E+00  0.297074E-04
  0.193744E+00  0.173778E+01  0.185001E+00  0.295776E-04
  0.194049E+00  0.212573E+01  0.184374E+00  0.294481E-04
  0.194354E+00  0.205747E+01  0.183547E+00  0.293193E-04
  0.194658E+00  0.136271E+01  0.183633E+00  0.291917E-04
  0.194963E+00  0.163424E+01  0.182588E+00  0.290644E-04
  0.195268E+00  0.214014E+01  0.183674E+00  0.289378E-04
  0.195572E+00  0.160342E+01  0.182113E+00  0.288122E-04
  0.195877E+00  0.155992E+01  0.182939E+00  0.286869E-04
  0.196181E+00  0.174244E+01  0.182942E+00  0.285627E-04
  0.196486E+00  0.152253E+01  0.181771E+00  0.284387E-04
  0.196791E+00  0.161169E+01  0.182947E+00  0.283153E-04
  0.197095E+00  0.189600E+01  0.181002E+00  0.281929E-04
  0.197400E+00  0.182600E+01  0.182837E+00  0.280707E-04
  0.197705E+00  0.171346E+01  0.181853E+00  0.279491E-04
  0.198009E+00  0.166819E+01  0.181540E+00  0.278284E-04
  0.198314E+00  0.206121E+01  0.182596E+00  0.277079E-04
  0.198619E+00  0.170251E+01  0.180858E+00  0.275880E-04
  0.198923E+00  0.166051E+01  0.182937E+00  0.274689E-04
  0.199228E+00  0.173553E+01  0.181516E+00  0.273500E-04
  0.199532E+00  0.157037E+01  0.180836E+00  0.272320E-04
  0.199837E+00  0.174655E+01  0.182388E+00  0.271141E-04
  0.200142E+00  0.153514E+01  0.180580E+00  0.269966E-04
  0.200446E+00  0.149137E+01  0.181914E+00  0.268800E-04
  0.200751E+00  0.185515E+01  0.180783E+00  0.267635E-04
  0.201056E+00  0.159937E+01  0.180820E+00  0.266474E-04
  0.201360E+00  0.153160E+01  0.181257E+00  0.265322E-04
  0.201665E+00  0.175000E+01  0.180157E+00  0.264170E-04
  0.201969E+00  0.139620E+01  0.181256E+00  0.263026E-04
  0.202274E+00  0.158276E+01  0.179370E+00  0.261883E-04
  0.202579E+00  0.190335E+01  0.180911E+00  0.260745E-04
  0.202883E+00  0.186438E+01  0.179585E+00  0.259614E-04
  0.203188E+00  0.147813E+01  0.180669E+00  0.258484E-04
  0.203493E+00  0.158213E+01  0.180795E+00  0.257357E-04
  0.203797E+00  0.172318E+01  0.179051E+00  0.256239E-04
  0.204102E+00  0.135534E+01  0.180690E+00  0.255121E-04
  0.204406E+00  0.146875E+01  0.178155E+00  0.254011E-04
  0.204711E+00  0.146081E+01  0.179377E+00  0.252900E-04
  0.205016E+00  0.146859E+01  0.178794E+00  0.251794E-04
  0.205320E+00  0.143413E+01  0.179879E+00  0.250695E-04
  0.205625E+00  0.182108E+01  0.179512E+00  0.249597E-04
  0.205930E+00  0.158820E+01  0.177828E+00  0.248502E-04
  0.206234E+00  0.148013E+01  0.179449E+00  0.247414E-04
  0.206539E+00  0.151434E+01  0.178415E+00  0.246327E-04
  0.206844E+00  0.118630E+01  0.177876E+00  0.245243E-04
  0.207148E+00  0.131721E+01  0.178987E+00  0.244166E-04
  0.207453E+00  0.165501E+01  0.177579E+00  0.243090E-04
  0.207757E+00  0.161377E+01  0.178662E+00  0.242020E-04
  0.208062E+00  0.192420E+01  0.178129E+00  0.240950E-04
  0.208367E+00  0.155176E+01  0.177549E+00  0.239884E-04
  0.208671E+00  0.155097E+01  0.177911E+00  0.238824E-04
  0.208976E+00  0.175782E+01  0.177745E+00  0.237764E-04
  0.209281E+00  0.174409E+01  0.177863E+00  0.236708E-04
  0.209585E+00  0.158797E+01  0.176687E+00  0.235658E-04
  0.209890E+00  0.158672E+01  0.176627E+00  0.234608E-04
  0.210194E+00  0.158223E+01  0.177530E+00  0.233565E-04
  0.210499E+00  0.154240E+01  0.176935E+00  0.232521E-04
  0.210804E+00  0.134980E+01  0.177055E+00  0.231481E-04
  0.211108E+00  0.142294E+01  0.176198E+00  0.230447E-04
  0.211413E+00  0.146188E+01  0.176168E+00  0.229413E-04
  0.211718E+00  0.125525E+01  0.177633E+00  0.228382E-04
  0.212022E+00  0.146807E+01  0.180433E+00  0.227358E-04
  0.212327E+00  0.146260E+01  0.184190E+00  0.226334E-04
  0.212631E+00  0.174854E+01  0.185614E+00  0.225316E-04
  0.212936E+00  0.148112E+01  0.188056E+00  0.224299E-04
  0.213241E+00  0.153187E+01  0.188518E+00  0.223284E-04
  0.213545E+00  0.131128E+01  0.187982E+00  0.222277E-04
  0.213850E+00  0.143557E+01  0.188723E+00  0.221269E-04
  0.214155E+00  0.150553E+01  0.189079E+00  0.220264E-04
  0.214459E+00  0.133190E+01  0.190145E+00  0.219266E-04
  0.214764E+00  0.132528E+01  0.190185E+00  0.218268E-04
  0.215069E+00  0.145365E+01  0.190506E+00  0.217274E-04
  0.215373E+00  0.120238E+01  0.190696E+00  0.216286E-04
  0.215678E+00  0.113539E+01  0.192291E+00  0.215298E-04
  0.215982E+00  0.138578E+01  0.191380E+00  0.214317E-04
  0.216287E+00  0.118561E+01  0.191529E+00  0.213336E-04
  0.216592E+00  0.155497E+01  0.193374E+00  0.212358E-04
  0.216896E+00  0.124409E+01  0.191555E+00  0.211387E-04
  0.217201E+00  0.148994E+01  0.187039E+00  0.210416E-04
  0.217506E+00  0.151870E+01  0.183561E+00  0.209449E-04
  0.217810E+00  0.118714E+01  0.181905E+00  0.208488E-04
  0.218115E+00  0.150553E+01  0.182379E+00  0.207527E-04
  0.218419E+00  0.184294E+01  0.179537E+00  0.206573E-04
  0.218724E+00  0.140212E+01  0.180781E+00  0.205620E-04
  0.219029E+00  0.133110E+01  0.178654E+00  0.204669E-04
  0.219333E+00  0.163061E+01  0.179869E+00  0.203726E-04
  0.219638E+00  0.134401E+01  0.179649E+00  0.202782E-04
  0.219943E+00  0.131021E+01  0.177363E+00  0.201842E-04
  0.220247E+00  0.126722E+01  0.179362E+00  0.200909E-04
  0.220552E+00  0.121196E+01  0.177311E+00  0.199976E-04
  0.220856E+00  0.123746E+01  0.178569E+00  0.199049E-04
  0.221161E+00  0.158196E+01  0.178706E+00  0.198123E-04
  0.221466E+00  0.152806E+01  0.175600E+00  0.197201E-04
  0.221770E+00  0.138451E+01  0.178382E+00  0.196285E-04
  0.222075E+00  0.139346E+01  0.176339E+00  0.195370E-04
  0.222380E+00  0.143354E+01  0.176927E+00  0.194459E-04
  0.222684E+00  0.100439E+01  0.176318E+00  0.193554E-04
  0.222989E+00  0.139615E+01  0.175974E+00  0.192650E-04
  0.223294E+00  0.136422E+01  0.176910E+00  0.191750E-04
  0.223598E+00  0.137428E+01  0.175137E+00  0.190857E-04
  0.223903E+00  0.139779E+01  0.175417E+00  0.189964E-04
  0.224207E+00  0.126323E+01  0.175708E+00  0.189079E-04
  0.224512E+00  0.123903E+01  0.175276E+00  0.188194E-04
  0.224817E+00  0.158807E+01  0.176185E+00  0.187313E-04
  0.225121E+00  0.128239E+01  0.174103E+00  0.186439E-04
  0.225426E+00  0.147880E+01  0.175138E+00  0.185567E-04
  0.225731E+00  0.113640E+01  0.174398E+00  0.184698E-04
  0.226035E+00  0.134755E+01  0.175016E+00  0.183836E-04
  0.226340E+00  0.128394E+01  0.174315E+00  0.182975E-04
  0.226644E+00  0.134303E+01  0.173242E+00  0.182121E-04
  0.226949E+00  0.132115E+01  0.174458E+00  0.181269E-04
  0.227254E+00  0.112460E+01  0.173458E+00  0.180420E-04
  0.227558E+00  0.950510E+00  0.173601E+00  0.179579E-04
  0.227863E+00  0.137449E+01  0.172952E+00  0.178739E-04
  0.228168E+00  0.114439E+01  0.173407E+00  0.177903E-04
  0.228472E+00  0.103452E+01  0.174326E+00  0.177073E-04
  0.228777E+00  0.147252E+01  0.172365E+00  0.176246E-04
  0.229081E+00  0.133699E+01  0.172627E+00  0.175425E-04
  0.229386E+00  0.109926E+01  0.172079E+00  0.174606E-04
  0.229691E+00  0.115119E+01  0.173137E+00  0.173791E-04
  0.229995E+00  0.126992E+01  0.173274E+00  0.172983E-04
  0.230300E+00  0.153159E+01  0.171736E+00  0.172177E-04
  0.230605E+00  0.156271E+01  0.171869E+00  0.171375E-04
  0.230909E+00  0.122417E+01  0.171803E+00  0.170580E-04
  0.231214E+00  0.139958E+01  0.172972E+00  0.169786E-04
  0.231519E+00  0.102432E+01  0.171217E+00  0.168997E-04
  0.231823E+00  0.122973E+01  0.170584E+00  0.168215E-04
  0.232128E+00  0.115504E+01  0.172264E+00  0.167435E-04
  0.232432E+00  0.114076E+01  0.170989E+00  0.166662E-04
  0.232737E+00  0.120168E+01  0.171595E+00  0.165891E-04
  0.233042E+00  0.969050E+00  0.170364E+00  0.165125E-04
  0.233346E+00  0.138510E+01  0.170980E+00  0.164365E-04
  0.233651E+00  0.899470E+00  0.171836E+00  0.163607E-04
  0.233956E+00  0.120508E+01  0.169600E+00  0.162854E-04
  0.234260E+00  0.122056E+01  0.170910E+00  0.162108E-04
  0.234565E+00  0.110834E+01  0.169400E+00  0.161365E-04
  0.234869E+00  0.106565E+01  0.170700E+00  0.160628E-04
  0.235174E+00  0.107123E+01  0.170206E+00  0.159893E-04
  0.235479E+00  0.134104E+01  0.169478E+00  0.159163E-04
  0.235783E+00  0.121503E+01  0.170108E+00  0.158440E-04
  0.236088E+00  0.128038E+01  0.169179E+00  0.157720E-04
  0.236393E+00  0.140578E+01  0.170291E+00  0.157004E-04
  0.236697E+00  0.123509E+01  0.168431E+00  0.156295E-04
  0.237002E+00  0.108766E+01  0.169655E+00  0.155589E-04
  0.237306E+00  0.857940E+00  0.170316E+00  0.154889E-04
  0.237611E+00  0.107795E+01  0.168284E+00  0.154193E-04
  0.237916E+00  0.146870E+01  0.169415E+00  0.153500E-04
  0.238220E+00  0.108671E+01  0.168296E+00  0.152815E-04
  0.238525E+00  0.119796E+01  0.168902E+00  0.152133E-04
  0.238830E+00  0.144461E+01  0.169281E+00  0.151455E-04
  0.239134E+00  0.138486E+01  0.167512E+00  0.150784E-04
  0.239439E+00  0.108208E+01  0.168777E+00  0.150116E-04
  0.239743E+00  0.116505E+01  0.167311E+00  0.149455E-04
  0.240048E+00  0.114342E+01  0.168421E+00  0.148796E-04
  0.240353E+00  0.128239E+01  0.168430E+00  0.148142E-04
  0.240657E+00  0.112753E+01  0.167603E+00  0.147495E-04
  0.240962E+00  0.144913E+01  0.168894E+00  0.146851E-04
  0.241267E+00  0.142938E+01  0.166529E+00  0.146212E-04
  0.241571E+00  0.108966E+01  0.167810E+00  0.145580E-04
  0.241876E+00  0.107484E+01  0.167199E+00  0.144950E-04
  0.242181E+00  0.111816E+01  0.166897E+00  0.144326E-04
  0.242485E+00  0.897540E+00  0.168240E+00  0.143708E-04
  0.242790E+00  0.132031E+01  0.166641E+00  0.143093E-04
  0.243094E+00  0.145921E+01  0.166491E+00  0.142485E-04
  0.243399E+00  0.120777E+01  0.166768E+00  0.141879E-04
  0.243704E+00  0.108983E+01  0.166759E+00  0.141279E-04
  0.244008E+00  0.904940E+00  0.166805E+00  0.140685E-04
  0.244313E+00  0.101231E+01  0.165683E+00  0.140094E-04
  0.244618E+00  0.107495E+01  0.166092E+00  0.139508E-04
  0.244922E+00  0.797250E+00  0.166014E+00  0.138929E-04
  0.245227E+00  0.133971E+01  0.166482E+00  0.138352E-04
  0.245531E+00  0.115723E+01  0.165990E+00  0.137782E-04
  0.245836E+00  0.779650E+00  0.165414E+00  0.137216E-04
  0.246141E+00  0.130197E+01  0.166165E+00  0.136654E-04
  0.246445E+00  0.909510E+00  0.165163E+00  0.136098E-04
  0.246750E+00  0.120383E+01  0.165697E+00  0.135546E-04
  0.247055E+00  0.133773E+01  0.165148E+00  0.134998E-04
  0.247359E+00  0.107390E+01  0.164813E+00  0.134457E-04
  0.247664E+00  0.102191E+01  0.164775E+00  0.133919E-04
  0.247968E+00  0.129703E+01  0.164592E+00  0.133388E-04
  0.248273E+00  0.110643E+01  0.164937E+00  0.132860E-04
  0.248578E+00  0.908500E+00  0.163794E+00  0.132336E-04
  0.248882E+00  0.102013E+01  0.164631E+00  0.131819E-04
  0.249187E+00  0.115304E+01  0.163794E+00  0.131305E-04
  0.249492E+00  0.130880E+01  0.164062E+00  0.130795E-04
  0.249796E+00  0.147405E+01  0.164398E+00  0.130293E-04
  0.250101E+00  0.130915E+01  0.163160E+00  0.129793E-04
  0.250406E+00  0.106843E+01  0.165048E+00  0.129298E-04
  0.250710E+00  0.103466E+01  0.162950E+00  0.128809E-04
  0.251015E+00  0.720590E+00  0.163862E+00  0.128323E-04
  0.251319E+00  0.117524E+01  0.163730E+00  0.127844E-04
  0.251624E+00  0.123339E+01  0.162826E+00  0.127368E-04
  0.251929E+00  0.957760E+00  0.164853E+00  0.126896E-04
  0.252233E+00  0.138481E+01  0.162913E+00  0.126430E-04
  0.252538E+00  0.852430E+00  0.163433E+00  0.125968E-04
  0.252843E+00  0.120367E+01  0.163191E+00  0.125510E-04
  0.253147E+00  0.854610E+00  0.163553E+00  0.125058E-04
  0.253452E+00  0.933730E+00  0.163792E+00  0.124609E-04
  0.253756E+00  0.100207E+01  0.161875E+00  0.124166E-04
  0.254061E+00  0.105989E+01  0.163312E+00  0.123726E-04
  0.254366E+00  0.954170E+00  0.162713E+00  0.123290E-04
  0.254670E+00  0.101545E+01  0.162331E+00  0.122860E-04
  0.254975E+00  0.113902E+01  0.163452E+00  0.122433E-04
  0.255280E+00  0.114656E+01  0.161854E+00  0.122011E-04
  0.255584E+00  0.941640E+00  0.162772E+00  0.121594E-04
  0.255889E+00  0.918910E+00  0.162354E+00  0.121180E-04
  0.256193E+00  0.112038E+01  0.162022E+00  0.120772E-04
  0.256498E+00  0.877660E+00  0.162176E+00  0.120367E-04
  0.256803E+00  0.799200E+00  0.161857E+00  0.119966E-04
  0.257107E+00  0.846230E+00  0.162084E+00  0.119570E-04
  0.257412E+00  0.922420E+00  0.161668E+00  0.119178E-04
  0.257717E+00  0.638900E+00  0.161655E+00  0.118789E-04
  0.258021E+00  0.868180E+00  0.161641E+00  0.118406E-04
  0.258326E+00  0.806370E+00  0.161524E+00  0.118026E-04
  0.258631E+00  0.120859E+01  0.161987E+00  0.117650E-04
  0.258935E+00  0.683490E+00  0.160021E+00  0.117280E-04
  0.259240E+00  0.661270E+00  0.161706E+00  0.116912E-04
  0.259544E+00  0.112030E+01  0.161276E+00  0.116550E-04
  0.259849E+00  0.106755E+01  0.161039E+00  0.116190E-04
  0.260154E+00  0.111326E+01  0.160947E+00  0.115835E-04
  0.260458E+00  0.685670E+00  0.160318E+00  0.115484E-04
  0.260763E+00  0.857010E+00  0.161639E+00  0.115137E-04
  0.261068E+00  0.421540E+00  0.159559E+00  0.114793E-04
  0.261372E+00  0.104000E+01  0.160973E+00  0.114454E-04
  0.261677E+00  0.791800E+00  0.160705E+00  0.114119E-04
  0.261981E+00  0.111528E+01  0.160089E+00  0.113788E-04
  0.262286E+00  0.623680E+00  0.160924E+00  0.113459E-04
  0.262591E+00  0.677460E+00  0.159367E+00  0.113135E-04
  0.262895E+00  0.723530E+00  0.160140E+00  0.112815E-04
  0.263200E+00  0.670070E+00  0.160185E+00  0.112498E-04
  0.263505E+00  0.101943E+01  0.159993E+00  0.112184E-04
  0.263809E+00  0.958160E+00  0.160093E+00  0.111875E-04
  0.264114E+00  0.990700E+00  0.158585E+00  0.111568E-04
  0.264418E+00  0.830940E+00  0.160021E+00  0.111266E-04
  0.264723E+00  0.678620E+00  0.159560E+00  0.110967E-04
  0.265028E+00  0.982910E+00  0.159539E+00  0.110671E-04
  0.265332E+00  0.807920E+00  0.158884E+00  0.110379E-04
  0.265637E+00  0.100622E+01  0.159269E+00  0.110090E-04
  0.265942E+00  0.763220E+00  0.159508E+00  0.109804E-04
  0.266246E+00  0.119561E+01  0.158351E+00  0.109522E-04
  0.266551E+00  0.577440E+00  0.158876E+00  0.109243E-04
  0.266856E+00  0.808950E+00  0.158541E+00  0.108967E-04
  0.267160E+00  0.102723E+01  0.159430E+00  0.108694E-04
  0.267465E+00  0.960460E+00  0.158630E+00  0.108425E-04
  0.267769E+00  0.904590E+00  0.158007E+00  0.108159E-04
  0.268074E+00  0.100389E+01  0.158640E+00  0.107895E-04
  0.268379E+00  0.900360E+00  0.158517E+00  0.107635E-04
  0.268683E+00  0.103450E+01  0.158914E+00  0.107378E-04
  0.268988E+00  0.611590E+00  0.157546E+00  0.107124E-04
  0.269293E+00  0.745850E+00  0.157265E+00  0.106872E-04
  0.269597E+00  0.587640E+00  0.158174E+00  0.106625E-04
  0.269902E+00  0.614160E+00  0.157385E+00  0.106379E-04
  0.270206E+00  0.886410E+00  0.157943E+00  0.106137E-04
  0.270511E+00  0.107372E+01  0.157523E+00  0.105898E-04
  0.270816E+00  0.101570E+01  0.157463E+00  0.105661E-04
  0.271120E+00  0.763770E+00  0.158646E+00  0.105427E-04
  0.271425E+00  0.119032E+01  0.156278E+00  0.105196E-04
  0.271730E+00  0.877780E+00  0.157707E+00  0.104967E-04
  0.272034E+00  0.753530E+00  0.156501E+00  0.104742E-04
  0.272339E+00  0.933130E+00  0.157242E+00  0.104518E-04
  0.272643E+00  0.618770E+00  0.158276E+00  0.104298E-04
  0.272948E+00  0.705970E+00  0.155569E+00  0.104079E-04
  0.273253E+00  0.764160E+00  0.157105E+00  0.103864E-04
  0.273557E+00  0.768990E+00  0.156581E+00  0.103651E-04
  0.273862E+00  0.832320E+00  0.156481E+00  0.103440E-04
  0.274167E+00  0.685800E+00  0.156972E+00  0.103231E-04
  0.274471E+00  0.804070E+00  0.155741E+00  0.103025E-04
  0.274776E+00  0.766060E+00  0.157159E+00  0.102821E-04
  0.275081E+00  0.702390E+00  0.155826E+00  0.102619E-04
  0.275385E+00  0.819150E+00  0.155869E+00  0.102420E-04
  0.275690E+00  0.727520E+00  0.155852E+00  0.102223E-04
  0.275994E+00  0.938950E+00  0.156174E+00  0.102028E-04
  0.276299E+00  0.786120E+00  0.156718E+00  0.101835E-04
  0.276604E+00  0.996920E+00  0.159295E+00  0.101644E-04
  0.276908E+00  0.952440E+00  0.161846E+00  0.101456E-04
  0.277213E+00  0.693160E+00  0.165122E+00  0.101268E-04
  0.277518E+00  0.749470E+00  0.170475E+00  0.101083E-04
  0.277822E+00  0.860490E+00  0.171902E+00  0.100901E-04
  0.278127E+00  0.771520E+00  0.173692E+00  0.100719E-04
  0.278431E+00  0.724530E+00  0.176318E+00  0.100541E-04
  0.278736E+00  0.810850E+00  0.177204E+00  0.100363E-04
  0.279041E+00  0.704880E+00  0.180207E+00  0.100187E-04
  0.279345E+00  0.979480E+00  0.180740E+00  0.100014E-04
  0.279650E+00  0.968850E+00  0.183350E+00  0.998413E-05
  0.279955E+00  0.680730E+00  0.185835E+00  0.996707E-05
  0.280259E+00  0.616850E+00  0.185788E+00  0.995023E-05
  0.280564E+00  0.500460E+00  0.187800E+00  0.993349E-05
  0.280868E+00  0.484140E+00  0.186503E+00  0.991697E-05
  0.281173E+00  0.524900E+00  0.189816E+00  0.990054E-05
  0.281478E+00  0.635110E+00  0.191363E+00  0.988427E-05
  0.281782E+00  0.750190E+00  0.188716E+00  0.986820E-05
  0.282087E+00  0.410510E+00  0.193440E+00  0.985222E-05
  0.282392E+00  0.989980E+00  0.191325E+00  0.983639E-05
  0.282696E+00  0.487350E+00  0.194075E+00  0.982074E-05
  0.283001E+00  0.770070E+00  0.194498E+00  0.980518E-05
  0.283306E+00  0.950180E+00  0.193967E+00  0.978974E-05
  0.283610E+00  0.113440E+01  0.196767E+00  0.977449E-05
  0.283915E+00  0.702000E+00  0.195673E+00  0.975931E-05
  0.284219E+00  0.646840E+00  0.197490E+00  0.974429E-05
  0.284524E+00  0.131472E+01  0.198193E+00  0.972935E-05
  0.284829E+00  0.605080E+00  0.197549E+00  0.971452E-05
  0.285133E+00  0.911440E+00  0.200933E+00  0.969986E-05
  0.285438E+00  0.412950E+00  0.198637E+00  0.968525E-05
  0.285743E+00  0.726250E+00  0.202624E+00  0.967074E-05
  0.286047E+00  0.561990E+00  0.200340E+00  0.965639E-05
  0.286352E+00  0.604120E+00  0.201747E+00  0.964209E-05
  0.286656E+00  0.108308E+01  0.204133E+00  0.962793E-05
  0.286961E+00  0.773320E+00  0.202657E+00  0.961381E-05
  0.287266E+00  0.644350E+00  0.205271E+00  0.959978E-05
  0.287570E+00  0.117013E+01  0.204200E+00  0.958589E-05
  0.287875E+00  0.111191E+01  0.207026E+00  0.957203E-05
  0.288180E+00  0.506920E+00  0.205253E+00  0.955825E-05
  0.288484E+00  0.551500E+00  0.207034E+00  0.954460E-05
  0.288789E+00  0.592800E+00  0.208696E+00  0.953097E-05
  0.289093E+00  0.671850E+00  0.207122E+00  0.951746E-05
  0.289398E+00  0.295380E+00  0.209079E+00  0.950397E-05
  0.289703E+00  0.100956E+01  0.207704E+00  0.949055E-05
  0.290007E+00  0.878350E+00  0.208831E+00  0.947723E-05
  0.290312E+00  0.119253E+01  0.211026E+00  0.946393E-05
  0.290617E+00  0.702210E+00  0.209062E+00  0.945068E-05
  0.290921E+00  0.813190E+00  0.211297E+00  0.943754E-05
  0.291226E+00  0.658210E+00  0.208387E+00  0.942440E-05
  0.291531E+00  0.858820E+00  0.212825E+00  0.941131E-05
  0.291835E+00  0.831480E+00  0.213074E+00  0.939831E-05
  0.292140E+00  0.981480E+00  0.210804E+00  0.938531E-05
  0.292444E+00  0.855200E+00  0.215318E+00  0.937240E-05
  0.292749E+00  0.486190E+00  0.211916E+00  0.935949E-05
  0.293054E+00  0.795510E+00  0.216099E+00  0.934661E-05
  0.293358E+00  0.719460E+00  0.213852E+00  0.933381E-05
  0.293663E+00  0.492130E+00  0.215842E+00  0.932101E-05
  0.293968E+00  0.577980E+00  0.217949E+00  0.930823E-05
  0.294272E+00  0.753710E+00  0.215452E+00  0.929553E-05
  0.294577E+00  0.624080E+00  0.219212E+00  0.928281E-05
  0.294881E+00  0.102478E+01  0.216623E+00  0.927016E-05
  0.295186E+00  0.818760E+00  0.218878E+00  0.925749E-05
  0.295491E+00  0.496460E+00  0.219852E+00  0.924484E-05
  0.295795E+00  0.828300E+00  0.220091E+00  0.923225E-05
  0.296100E+00  0.789870E+00  0.221969E+00  0.921963E-05
  0.296405E+00  0.954820E+00  0.218888E+00  0.920703E-05
  0.296709E+00  0.111902E+01  0.224464E+00  0.919448E-05
  0.297014E+00  0.696920E+00  0.222123E+00  0.918190E-05
  0.297318E+00  0.676390E+00  0.223539E+00  0.916937E-05
  0.297623E+00  0.548310E+00  0.223563E+00  0.915680E-05
  0.297928E+00  0.901190E+00  0.223970E+00  0.914424E-05
  0.298232E+00  0.622440E+00  0.226689E+00  0.913172E-05
  0.298537E+00  0.621650E+00  0.224616E+00  0.911915E-05
  0.298842E+00  0.883340E+00  0.226868E+00  0.910659E-05
  0.299146E+00  0.838880E+00  0.226373E+00  0.909406E-05
  0.299451E+00  0.865040E+00  0.228726E+00  0.908148E-05
  0.299756E+00  0.615690E+00  0.227738E+00  0.906889E-05
  0.300060E+00  0.111765E+01  0.228169E+00  0.905634E-05
  0.300365E+00  0.436330E+00  0.229346E+00  0.904373E-05
  0.300669E+00  0.101190E+01  0.230954E+00  0.903115E-05
  0.300974E+00  0.722930E+00  0.229408E+00  0.901851E-05
  0.301279E+00  0.729840E+00  0.233324E+00  0.900585E-05
  0.301583E+00  0.642830E+00  0.230578E+00  0.899322E-05
  0.301888E+00  0.516050E+00  0.233391E+00  0.898053E-05
  0.302193E+00  0.975120E+00  0.235076E+00  0.896782E-05
  0.302497E+00  0.874550E+00  0.232069E+00  0.895514E-05
  0.302802E+00  0.306660E+00  0.234809E+00  0.894238E-05
  0.303106E+00  0.569740E+00  0.234122E+00  0.892965E-05
  0.303411E+00  0.975150E+00  0.238081E+00  0.891685E-05
  0.303716E+00  0.760980E+00  0.236827E+00  0.890403E-05
  0.304020E+00  0.736730E+00  0.234020E+00  0.889122E-05
  0.304325E+00  0.669280E+00  0.238398E+00  0.887835E-05
  0.304630E+00  0.110436E+01  0.237031E+00  0.886544E-05
  0.304934E+00  0.634930E+00  0.237742E+00  0.885255E-05
  0.305239E+00  0.720640E+00  0.238278E+00  0.883959E-05
  0.305543E+00  0.875900E+00  0.237744E+00  0.882663E-05
  0.305848E+00  0.521400E+00  0.240853E+00  0.881361E-05
  0.306153E+00  0.287360E+00  0.240539E+00  0.880055E-05
  0.306457E+00  0.870050E+00  0.241739E+00  0.878749E-05
  0.306762E+00  0.688260E+00  0.240621E+00  0.877436E-05
  0.307067E+00  0.623310E+00  0.242550E+00  0.876119E-05
  0.307371E+00  0.631390E+00  0.242553E+00  0.874803E-05
  0.307676E+00  0.966660E+00  0.243985E+00  0.873479E-05
  0.307981E+00  0.612650E+00  0.242944E+00  0.872151E-05
  0.308285E+00  0.792270E+00  0.246474E+00  0.870823E-05
  0.308590E+00  0.879980E+00  0.246343E+00  0.869486E-05
  0.308894E+00  0.406560E+00  0.243683E+00  0.868150E-05
  0.309199E+00  0.839520E+00  0.247535E+00  0.866805E-05
  0.309504E+00  0.881970E+00  0.245475E+00  0.865456E-05
  0.309808E+00  0.569330E+00  0.249840E+00  0.864106E-05
  0.310113E+00  0.766420E+00  0.250556E+00  0.862748E-05
  0.310418E+00  0.553690E+00  0.247615E+00  0.861385E-05
  0.310722E+00  0.681440E+00  0.251300E+00  0.860021E-05
  0.311027E+00  0.679510E+00  0.246929E+00  0.858649E-05
  0.311331E+00  0.508040E+00  0.254429E+00  0.857276E-05
  0.311636E+00  0.876920E+00  0.253134E+00  0.855894E-05
  0.311941E+00  0.425510E+00  0.251287E+00  0.854508E-05
  0.312245E+00  0.289950E+00  0.255158E+00  0.853121E-05
  0.312550E+00  0.444910E+00  0.251576E+00  0.851725E-05
  0.312855E+00  0.497250E+00  0.257727E+00  0.850325E-05
  0.313159E+00  0.699750E+00  0.254305E+00  0.848924E-05
  0.313464E+00  0.105550E+01  0.256998E+00  0.847514E-05
  0.313768E+00  0.635600E+00  0.259332E+00  0.846104E-05
  0.314073E+00  0.647620E+00  0.251884E+00  0.844684E-05
  0.314378E+00  0.423360E+00  0.261620E+00  0.843260E-05
  0.314682E+00  0.396360E+00  0.254511E+00  0.841836E-05
  0.314987E+00  0.411000E+00  0.256556E+00  0.840403E-05
  0.315292E+00  0.850560E+00  0.260987E+00  0.838965E-05
  0.315596E+00  0.470570E+00  0.253399E+00  0.837526E-05
  0.315901E+00  0.172580E+00  0.260699E+00  0.836079E-05
  0.316206E+00  0.803270E+00  0.256340E+00  0.834626E-05
  0.316510E+00  0.661930E+00  0.259174E+00  0.833174E-05
  0.316815E+00  0.912590E+00  0.260910E+00  0.831713E-05
  0.317119E+00  0.567110E+00  0.257645E+00  0.830251E-05
  0.317424E+00  0.422800E+00  0.263705E+00  0.828780E-05
  0.317729E+00  0.461130E+00  0.259288E+00  0.827304E-05
  0.318033E+00  0.309900E+00  0.263194E+00  0.825829E-05
  0.318338E+00  0.964580E+00  0.263437E+00  0.824343E-05
  0.318643E+00  0.606900E+00  0.262221E+00  0.822854E-05
  0.318947E+00  0.107137E+01  0.268742E+00  0.821364E-05
  0.319252E+00  0.105757E+01  0.261193E+00  0.819865E-05
  0.319556E+00  0.589680E+00  0.267776E+00  0.818366E-05
  0.319861E+00  0.870930E+00  0.266334E+00  0.816857E-05
  0.320166E+00  0.670640E+00  0.267015E+00  0.815344E-05
  0.320470E+00 -0.442007E+01  0.274464E+00  0.813831E-05
  0.320775E+00  0.101630E+01  0.265758E+00  0.812309E-05
  0.321080E+00  0.414710E+00  0.272998E+00  0.810782E-05
  0.321384E+00  0.479900E-01  0.268279E+00  0.809255E-05
  0.321689E+00  0.941300E-01  0.271167E+00  0.807720E-05
  0.321993E+00  0.401470E+00  0.271884E+00  0.806185E-05
  0.322298E+00  0.492540E+00  0.271938E+00  0.804641E-05
  0.322603E+00  0.952330E+00  0.276492E+00  0.803092E-05
  0.322907E+00  0.502030E+00  0.271279E+00  0.801545E-05
  0.323212E+00  0.846270E+00  0.276221E+00  0.799988E-05
  0.323517E+00  0.114344E+01  0.275695E+00  0.798428E-05
  0.323821E+00  0.520960E+00  0.276979E+00  0.796868E-05
  0.324126E+00  0.557660E+00  0.280917E+00  0.795300E-05
  0.324431E+00  0.111817E+01  0.274027E+00  0.793728E-05
  0.324735E+00  0.719330E+00  0.281160E+00  0.792157E-05
  0.325040E+00  0.365570E+00  0.277242E+00  0.790578E-05
  0.325344E+00  0.402290E+00  0.282001E+00  0.789000E-05
  0.325649E+00  0.930870E+00  0.281366E+00  0.787414E-05
  0.325954E+00  0.685020E+00  0.282139E+00  0.785823E-05
  0.326258E+00  0.102296E+01  0.286114E+00  0.784235E-05
  0.326563E+00  0.444260E+00  0.280866E+00  0.782638E-05
  0.326868E+00  0.741750E+00  0.286311E+00  0.781038E-05
  0.327172E+00  0.206990E+00  0.283425E+00  0.779440E-05
  0.327477E+00  0.498820E+00  0.287124E+00  0.777834E-05
  0.327781E+00  0.881960E+00  0.291203E+00  0.776230E-05
  0.328086E+00  0.372240E+00  0.284555E+00  0.774617E-05
  0.328391E+00  0.720520E+00  0.291699E+00  0.773002E-05
  0.328695E+00  0.409770E+00  0.285800E+00  0.771389E-05
  0.329000E+00  0.113979E+01  0.294406E+00  0.769767E-05
  0.329305E+00  0.106238E+01  0.291013E+00  0.768143E-05
  0.329609E+00  0.389200E+00  0.290146E+00  0.766522E-05
  0.329914E+00  0.706270E+00  0.297241E+00  0.764892E-05
  0.330218E+00  0.366580E+00  0.290600E+00  0.763265E-05
  0.330523E+00  0.944800E+00  0.297950E+00  0.761631E-05
  0.330828E+00  0.513670E+00  0.294547E+00  0.759994E-05
  0.331132E+00  0.573590E+00  0.297470E+00  0.758360E-05
  0.331437E+00  0.285740E+00  0.300389E+00  0.756718E-05
  0.331742E+00  0.845390E+00  0.294611E+00  0.755075E-05
  0.332046E+00  0.120537E+01  0.303591E+00  0.753435E-05
  0.332351E+00  0.660500E+00  0.298399E+00  0.751787E-05
  0.332656E+00  0.736960E+00  0.302007E+00  0.750138E-05
  0.332960E+00  0.461980E+00  0.306164E+00  0.748493E-05
  0.333265E+00  0.903970E+00  0.299095E+00  0.746840E-05
  0.333569E+00  0.557390E+00  0.307658E+00  0.745192E-05
  0.333874E+00  0.606280E+00  0.302536E+00  0.743537E-05
  0.334179E+00  0.895780E+00  0.310112E+00  0.741880E-05
  0.334483E+00  0.844930E+00  0.305177E+00  0.740228E-05
  0.334788E+00  0.146120E+00  0.307959E+00  0.738569E-05
  0.335093E+00  0.205860E+00  0.313525E+00  0.736910E-05
  0.335397E+00  0.353870E+00  0.305414E+00  0.735255E-05
  0.335702E+00  0.498170E+00  0.315876E+00  0.733594E-05
  0.336006E+00  0.518820E+00  0.308290E+00  0.731937E-05
  0.336311E+00  0.407000E+00  0.314852E+00  0.730275E-05
  0.336616E+00  0.859040E+00  0.320456E+00  0.728612E-05
  0.336920E+00  0.162305E+01  0.310872E+00  0.726954E-05
  0.337225E+00  0.899710E+00  0.321913E+00  0.725290E-05
  0.337530E+00  0.425720E+00  0.312154E+00  0.723627E-05
  0.337834E+00  0.523610E+00  0.321628E+00  0.721968E-05
  0.338139E+00  0.593270E+00  0.321446E+00  0.720305E-05
  0.338443E+00  0.794980E+00  0.317994E+00  0.718646E-05
  0.338748E+00  0.652340E+00  0.328084E+00  0.716983E-05
  0.339053E+00  0.595610E+00  0.317827E+00  0.715320E-05
  0.339357E+00  0.136583E+01  0.327509E+00  0.713662E-05
  0.339662E+00  0.129987E+01  0.324779E+00  0.712000E-05
  0.339967E+00  0.612570E+00  0.326439E+00  0.710338E-05
  0.340271E+00  0.203990E+00  0.333782E+00  0.708682E-05
  0.340576E+00  0.363760E+00  0.321570E+00  0.707021E-05
  0.340881E+00  0.250160E+00  0.334418E+00  0.705362E-05
  0.341185E+00  0.615910E+00  0.328667E+00  0.703708E-05
  0.341490E+00  0.177750E+00  0.332488E+00  0.702051E-05
  0.341794E+00  0.682820E+00  0.338684E+00  0.700400E-05
  0.342099E+00  0.503850E+00  0.331618E+00  0.698745E-05
  0.342404E+00  0.989500E-01  0.340468E+00  0.697091E-05
  0.342708E+00  0.837930E+00  0.331901E+00  0.695444E-05
  0.343013E+00  0.119023E+01  0.341869E+00  0.693793E-05
  0.343318E+00  0.621210E+00  0.340840E+00  0.692144E-05
  0.343622E+00  0.464190E+00  0.339066E+00  0.690503E-05
  0.343927E+00  0.114028E+01  0.351116E+00  0.688858E-05
  0.344231E+00  0.372940E+00  0.335433E+00  0.687220E-05
  0.344536E+00  0.773750E+00  0.349243E+00  0.685579E-05
  0.344841E+00  0.407340E+00  0.344689E+00  0.683940E-05
  0.345145E+00  0.403160E+00  0.347590E+00  0.682309E-05
  0.345450E+00  0.120900E+01  0.359562E+00  0.680675E-05
  0.345755E+00  0.605570E+00  0.339261E+00  0.679043E-05
  0.346059E+00  0.551660E+00  0.357301E+00  0.677420E-05
  0.346364E+00  0.239860E+00  0.350148E+00  0.675794E-05
  0.346668E+00  0.539010E+00  0.356631E+00  0.674176E-05
  0.346973E+00  0.588250E+00  0.358145E+00  0.672555E-05
  0.347278E+00  0.737150E+00  0.353914E+00  0.670938E-05
  0.347582E+00 -0.158970E+00  0.366931E+00  0.669329E-05
  0.347887E+00  0.333400E+00  0.353052E+00  0.667718E-05
  0.348192E+00  0.811820E+00  0.365737E+00  0.666110E-05
  0.348496E+00  0.238190E+00  0.360898E+00  0.664511E-05
  0.348801E+00  0.559540E+00  0.363584E+00  0.662910E-05
  0.349106E+00  0.360190E+00  0.372933E+00  0.661312E-05
  0.349410E+00  0.453610E+00  0.353493E+00  0.659724E-05
  0.349715E+00  0.802090E+00  0.371657E+00  0.658133E-05
  0.350019E+00  0.103826E+01  0.360678E+00  0.656552E-05
  0.350324E+00  0.264800E-01  0.365198E+00  0.654970E-05
  0.350629E+00  0.987110E+00  0.369047E+00  0.653391E-05
  0.350933E+00  0.741940E+00  0.360915E+00  0.651822E-05
  0.351238E+00  0.158460E+01  0.371645E+00  0.650252E-05
  0.351543E+00 -0.677730E+00  0.358211E+00  0.648686E-05
  0.351847E+00 -0.958400E-01  0.370699E+00  0.647129E-05
  0.352152E+00  0.642750E+00  0.366516E+00  0.645572E-05
  0.352456E+00  0.119846E+01  0.368436E+00  0.644024E-05
  0.352761E+00  0.142198E+01  0.378846E+00  0.642475E-05
  0.353066E+00  0.718050E+00  0.365945E+00  0.640932E-05
  0.353370E+00  0.137200E-01  0.378082E+00  0.639398E-05
  0.353675E+00  0.558890E+00  0.371176E+00  0.637863E-05
  0.353980E+00  0.123163E+01  0.380155E+00  0.636334E-05
  0.354284E+00  0.674870E+00  0.385945E+00  0.634815E-05
  0.354589E+00  0.104935E+01  0.372907E+00  0.633295E-05
  0.354893E+00 -0.248370E+00  0.387699E+00  0.631786E-05
  0.355198E+00  0.337560E+00  0.376437E+00  0.630277E-05
  0.355503E+00  0.106764E+01  0.389771E+00  0.628773E-05
  0.355807E+00  0.146899E+01  0.388425E+00  0.627279E-05
  0.356112E+00  0.390870E+00  0.388190E+00  0.625786E-05
  0.356417E+00  0.132265E+01  0.402067E+00  0.624299E-05
  0.356721E+00  0.133883E+01  0.381380E+00  0.622821E-05
  0.357026E+00  0.142470E+00  0.402140E+00  0.621345E-05
  0.357330E+00  0.119412E+01  0.393223E+00  0.619879E-05
  0.357635E+00  0.123990E+00  0.399712E+00  0.618413E-05
  0.357940E+00  0.383170E+00  0.412646E+00  0.616954E-05
  0.358244E+00 -0.256700E-01  0.388772E+00  0.615505E-05
  0.358549E+00  0.114313E+01  0.415199E+00  0.614058E-05
  0.358854E+00  0.887710E+00  0.399792E+00  0.612616E-05
  0.359158E+00  0.871980E+00  0.411726E+00  0.611185E-05
  0.359463E+00  0.122245E+01  0.415192E+00  0.609756E-05
  0.359768E+00  0.582500E+00  0.408967E+00  0.608333E-05
  0.360072E+00  0.140391E+01  0.426309E+00  0.606920E-05
  0.360377E+00  0.715940E+00  0.405421E+00  0.605510E-05
  0.360681E+00 -0.228000E+00  0.427548E+00  0.604110E-05
  0.360986E+00  0.603200E-01  0.416949E+00  0.602712E-05
  0.361291E+00  0.135584E+01  0.424695E+00  0.601321E-05
  0.361595E+00 -0.137890E+00  0.440182E+00  0.599941E-05
  0.361900E+00  0.119471E+01  0.414629E+00  0.598563E-05
  0.362205E+00  0.136380E+00  0.439303E+00  0.597191E-05
  0.362509E+00  0.775610E+00  0.426029E+00  0.595830E-05
  0.362814E+00  0.613950E+00  0.440545E+00  0.594472E-05
  0.363118E+00  0.938920E+00  0.446624E+00  0.593125E-05
  0.363423E+00  0.654220E+00  0.427597E+00  0.591781E-05
  0.363728E+00  0.110181E+01  0.459253E+00  0.590443E-05
  0.364032E+00  0.900710E+00  0.432774E+00  0.589117E-05
  0.364337E+00  0.123414E+01  0.458082E+00  0.587793E-05
  0.364642E+00  0.940900E-01  0.449526E+00  0.586476E-05
  0.364946E+00  0.927140E+00  0.450313E+00  0.585171E-05
  0.365251E+00  0.604380E+00  0.475975E+00  0.583868E-05
  0.365555E+00  0.359060E+00  0.441526E+00  0.582577E-05
  0.365860E+00  0.773290E+00  0.473287E+00  0.581289E-05
  0.366165E+00  0.847560E+00  0.457421E+00  0.580008E-05
  0.366469E+00  0.113951E+01  0.472502E+00  0.578738E-05
  0.366774E+00  0.119169E+01  0.492403E+00  0.577472E-05
  0.367079E+00  0.565430E+00  0.454275E+00  0.576213E-05
  0.367383E+00  0.708400E+00  0.492666E+00  0.574965E-05
  0.367688E+00  0.102620E+01  0.467996E+00  0.573721E-05
  0.367993E+00  0.859100E+00  0.489900E+00  0.572485E-05
  0.368297E+00  0.726780E+00  0.490641E+00  0.571260E-05
  0.368602E+00  0.632510E+00  0.482915E+00  0.570038E-05
  0.368906E+00  0.457770E+00  0.518454E+00  0.568829E-05
  0.369211E+00  0.871230E+00  0.475722E+00  0.567623E-05
  0.369516E+00  0.175810E+00  0.516346E+00  0.566424E-05
  0.369820E+00  0.104731E+01  0.496901E+00  0.565237E-05
  0.370125E+00  0.375450E+00  0.508107E+00  0.564055E-05
  0.370430E+00  0.830670E+00  0.541953E+00  0.562880E-05
  0.370734E+00  0.283140E+00  0.493000E+00  0.561716E-05
  0.371039E+00  0.127103E+01  0.534310E+00  0.560557E-05
  0.371343E+00 -0.133310E+00  0.512492E+00  0.559409E-05
  0.371648E+00  0.239120E+00  0.534403E+00  0.558266E-05
  0.371953E+00  0.942990E+00  0.547607E+00  0.557130E-05
  0.372257E+00  0.815740E+00  0.517309E+00  0.556006E-05
  0.372562E+00  0.107771E+01  0.570310E+00  0.554886E-05
  0.372867E+00  0.459780E+00  0.521451E+00  0.553774E-05
  0.373171E+00  0.113499E+01  0.572390E+00  0.552674E-05
  0.373476E+00  0.298810E+00  0.548626E+00  0.551577E-05
  0.373780E+00  0.387960E+00  0.559252E+00  0.550493E-05
  0.374085E+00  0.120590E+01  0.600915E+00  0.549413E-05
  0.374390E+00  0.141154E+01  0.540515E+00  0.548341E-05
  0.374694E+00  0.173740E+00  0.596474E+00  0.547280E-05
  0.374999E+00 -0.263800E-01  0.566213E+00  0.546224E-05
  0.375304E+00  0.159654E+01  0.593321E+00  0.545176E-05
  0.375608E+00 -0.198900E-01  0.646898E+00  0.544139E-05
  0.375913E+00  0.141435E+01  0.553773E+00  0.543107E-05
  0.376218E+00 -0.779520E+00  0.642604E+00  0.542083E-05
  0.376522E+00 -0.585700E-01  0.575088E+00  0.541070E-05
  0.376827E+00  0.105718E+01  0.645583E+00  0.540063E-05
  0.377131E+00  0.213574E+01  0.623976E+00  0.539066E-05
  0.377436E+00 -0.512900E-01  0.623778E+00  0.538074E-05
  0.377741E+00 -0.794270E+00  0.683549E+00  0.537091E-05
  0.378045E+00  0.108645E+01  0.606350E+00  0.536119E-05
  0.378350E+00  0.111742E+01  0.689200E+00  0.535151E-05
  0.378655E+00  0.169057E+01  0.643359E+00  0.534192E-05
  0.378959E+00  0.111693E+01  0.681924E+00  0.533245E-05
  0.379264E+00 -0.456000E+00  0.736617E+00  0.532302E-05
  0.379568E+00 -0.109570E+00  0.637479E+00  0.531370E-05
  0.379873E+00  0.888100E+00  0.734628E+00  0.530444E-05
  0.380178E+00  0.759970E+00  0.678974E+00  0.529526E-05
  0.380482E+00 -0.223430E+00  0.721871E+00  0.528619E-05
  0.380787E+00  0.688050E+00  0.769491E+00  0.527717E-05
  0.381092E+00  0.153490E+00  0.698408E+00  0.526823E-05
  0.381396E+00 -0.289630E+00  0.846871E+00  0.525941E-05
  0.381701E+00 -0.623950E+00  0.691218E+00  0.525063E-05
  0.382005E+00  0.636070E+00  0.830478E+00  0.524197E-05
  0.382310E+00  0.699870E+00  0.774649E+00  0.523336E-05
  0.382615E+00  0.109972E+01  0.785883E+00  0.522483E-05
  0.382919E+00  0.275007E+01  0.982365E+00  0.521641E-05
  0.383224E+00 -0.414830E+00  0.716880E+00  0.520804E-05
  0.383529E+00  0.171330E+01  0.998467E+00  0.519975E-05
  0.383833E+00  0.102058E+01  0.781143E+00  0.519156E-05
  0.384138E+00  0.311790E+00  0.965362E+00  0.518344E-05
  0.384443E+00  0.963880E+00  0.100743E+01  0.517539E-05
  0.384747E+00  0.785390E+00  0.824354E+00  0.516744E-05
  0.385052E+00  0.255452E+01  0.114975E+01  0.515955E-05
  0.385356E+00  0.821060E+00  0.832686E+00  0.515176E-05
  0.385661E+00  0.187890E+01  0.121390E+01  0.514403E-05
  0.385966E+00  0.147867E+01  0.947216E+00  0.513638E-05
  0.386270E+00  0.147891E+01  0.114265E+01  0.512883E-05
  0.386575E+00  0.352500E+00  0.132929E+01  0.512133E-05
  0.386880E+00 -0.225910E+00  0.966863E+00  0.511391E-05
  0.387184E+00  0.130502E+01  0.142911E+01  0.510660E-05
  0.387489E+00  0.271380E+00  0.104917E+01  0.509934E-05
  0.387793E+00 -0.443990E+00  0.154979E+01  0.509218E-05
  0.388098E+00 -0.120797E+01  0.160537E+01  0.508507E-05
  0.388403E+00 -0.614580E+00  0.120171E+01  0.507805E-05
  0.388707E+00  0.128901E+01  0.182237E+01  0.507112E-05
  0.389012E+00  0.142702E+01  0.139188E+01  0.506425E-05
  0.389317E+00  0.505746E-05  0.000000E+00  0.505746E-05
  0.389621E+00 -0.832500E-01  0.166424E+01  0.505076E-05
