#   DataFileName=pten_0125.tif
#   DataFileType=.tif
#   
#   DataFilePath=F:shang:PTENtiffs20140320:
#   
#   Processed on=Mon, Dec 15, 2014,2:47:18 PM
#   Units=Arbitrary
#   SampleThickness=1
#   SampleTransmission=1
#   CorrectionFactor=1
#   SampleMeasurementTime=1
#   EmptyMeasurementTime=1
#   BackgroundMeasTime=1
#   SampleI0=1
#   EmptyI0=1
#   CalibrationFormula=1*((Sa2D))
#   CurrentMaskFileName=pten_0002_mask.hdf
#   QvectorMaxNumPnts=0
#   QvectorNumberPoints=512
#   CircularAverage=1
#   PolarizationCorrection=None
#   UncertainityCalculationMethod=OldNikaMethod

0.0055887937	2277.5	464.88269	0.00065750489
0.0062462986	1916.5325	90.647881	0.00065750536
0.0069038039	1487.8967	58.859631	0.00065750489
0.0075613088	1126.4493	42.274563	0.00065750489
0.0082188137	879.08972	31.700569	0.00065750536
0.008876319	698.1731	23.876892	0.00065750536
0.0095338244	572.12091	18.882721	0.00065750536
0.01019133	476.51874	15.167707	0.00065750442
0.010848834	405.77295	12.352961	0.00065750536
0.01150634	351.62125	10.460073	0.00065750536
0.012163845	307.58209	8.8132563	0.00065750536
0.01282135	276.39532	7.7254663	0.00065750442
0.013478855	249.39262	6.7750583	0.00065750536
0.01413636	228.2599	6.0172553	0.00065750536
0.014793865	211.12106	5.4602213	0.00065750536
0.015451371	196.32681	4.9313331	0.00065750536
0.016108876	184.61722	4.561573	0.00065750442
0.016766381	174.82983	4.2204261	0.00065750442
0.017423885	166.12749	3.9113138	0.00065750629
0.018081391	158.86932	3.6916375	0.00065750442
0.018738896	152.44785	3.4469614	0.00065750629
0.019396402	147.80638	3.3017476	0.00065750442
0.020053906	142.17656	3.1226833	0.00065750442
0.020711411	138.43581	2.9697382	0.00065750629
0.021368917	134.57938	2.8620934	0.00065750442
0.022026422	131.05186	2.7243392	0.00065750442
0.022683926	128.75243	2.6464031	0.00065750629
0.023341432	126.23412	2.556057	0.00065750442
0.023998937	124.13677	2.4645631	0.00065750629
0.024656443	121.94984	2.4046147	0.00065750442
0.025313947	120.17557	2.3226926	0.00065750442
0.025971452	118.19692	2.2613385	0.00065750629
0.026628958	116.8857	2.2124894	0.00065750442
0.027286462	115.68283	2.1455872	0.00065750442
0.027943967	114.21524	2.1111176	0.00065750629
0.028601473	113.14845	2.0528371	0.00065750442
0.029258978	111.82408	2.0090668	0.00065750629
0.029916484	110.3159	1.9636739	0.00065750442
0.030573988	109.64146	1.9185206	0.00065750442
0.031231493	108.86187	1.8967661	0.00065750629
0.031888999	107.72237	1.849327	0.00065750629
0.032546505	107.40242	1.8222121	0.00065750256
0.033204008	106.39396	1.7963333	0.00065750629
0.033861514	105.69053	1.7537307	0.00065750629
0.03451902	104.92996	1.7356237	0.00065750256
0.035176523	104.53539	1.7052369	0.00065750629
0.035834029	104.14241	1.6834419	0.00065750629
0.036491536	103.27735	1.6588724	0.00065750256
0.037149038	102.82415	1.6274198	0.00065750629
0.037806544	102.10597	1.6104152	0.00065750629
0.038464051	101.42604	1.5807341	0.00065750256
0.039121553	100.87103	1.5588874	0.00065750629
0.03977906	100.29153	1.5427632	0.00065750629
0.040436566	99.579033	1.5082532	0.00065750256
0.041094068	99.187317	1.5009434	0.00065750629
0.041751575	98.704086	1.474509	0.00065750629
0.042409081	98.464447	1.4608575	0.00065750629
0.043066587	97.942177	1.4467537	0.00065750256
0.04372409	97.387024	1.420535	0.00065750629
0.044381596	96.654907	1.4046358	0.00065750629
0.045039102	96.402313	1.3861148	0.00065750256
0.045696605	96.069374	1.3722789	0.00065750629
0.046354111	95.697227	1.3614186	0.00065750629
0.047011618	95.136131	1.3382205	0.00065750256
0.04766912	94.637413	1.3259685	0.00065750629
0.048326626	94.184158	1.3058475	0.00065750629
0.048984133	93.664825	1.2918359	0.00065750256
0.049641635	93.301376	1.2805055	0.00065750629
0.050299142	92.962112	1.2607417	0.00065750629
0.050956648	92.698242	1.2547423	0.00065750256
0.05161415	92.147659	1.2350186	0.00065750629
0.052271657	91.784683	1.2233603	0.00065750629
0.052929163	91.100197	1.2088799	0.00065750629
0.053586669	91.114693	1.1956726	0.00065750256
0.054244172	90.623886	1.1870874	0.00065750629
0.054901678	90.30616	1.1732026	0.00065750629
0.055559184	89.891571	1.1601081	0.00065750256
0.056216687	89.615791	1.1530017	0.00065750629
0.056874193	89.213173	1.1363118	0.00065750629
0.0575317	88.948471	1.1304671	0.00065750256
0.058189202	88.362221	1.1132588	0.00065750629
0.058846708	87.377075	1.0986689	0.00065750629
0.059504215	87.541893	1.1231623	0.00065750256
0.060161717	87.257805	1.1242465	0.00065750629
0.060819224	87.064316	1.1311817	0.00065750629
0.06147673	86.731529	1.127715	0.00065750256
0.062134232	86.613625	1.127517	0.00065751001
0.062791742	86.19194	1.1288394	0.00065749884
0.063449241	86.039825	1.1224278	0.00065750629
0.064106748	85.63401	1.1206676	0.00065750629
0.064764254	85.122604	1.1131175	0.00065750629
0.06542176	84.947403	1.1100674	0.00065750629
0.066079266	84.718834	1.1109763	0.00065750629
0.066736773	84.513908	1.1039313	0.00065749884
0.067394271	84.19146	1.1002829	0.00065750629
0.068051778	83.764473	1.0947027	0.00065750629
0.068709284	83.489616	1.0893446	0.00065750629
0.06936679	83.251663	1.087815	0.00065750629
0.070024297	82.755455	1.076563	0.00065750629
0.070681803	82.487762	1.0755404	0.00065750629
0.071339309	82.323906	1.0712209	0.00065749884
0.071996808	82.09623	1.0648382	0.00065750629
0.072654314	81.734108	1.062647	0.00065750629
0.073311821	81.568939	1.0557809	0.00065750629
0.073969327	81.24202	1.0528733	0.00065750629
0.074626833	81.140343	1.0506735	0.00065750629
0.075284339	80.841644	1.0420986	0.00065749884
0.075941838	80.607353	1.0419391	0.00065750629
0.076599345	80.336533	1.0331013	0.00065750629
0.077256851	80.272232	1.0338999	0.00065750629
0.077914357	80.065277	1.0292727	0.00065750629
0.078571863	79.475464	1.0181628	0.00065750629
0.07922937	79.379494	1.0174346	0.00065750629
0.079886876	79.080261	1.010038	0.00065749884
0.080544375	78.777451	1.0025786	0.00065750629
0.081201881	78.322121	0.99597746	0.00065750629
0.081859387	78.22821	0.98927945	0.00065750629
0.082516894	78.02668	0.98625785	0.00065750629
0.0831744	77.826836	0.97959304	0.00065750629
0.083831906	77.716537	0.97635037	0.00065749884
0.084489405	77.341667	0.97003472	0.00065750629
0.085146911	77.487053	0.96768093	0.00065750629
0.085804418	77.090294	0.96438205	0.00065750629
0.086461924	76.831367	0.95785069	0.00065750629
0.08711943	76.763969	0.9562676	0.00065750629
0.087776937	76.801582	0.95733064	0.00065749884
0.088434435	76.630417	0.94975257	0.00065750629
0.089091942	76.574242	0.95037121	0.00065750629
0.089749448	76.48597	0.94701731	0.00065750629
0.090406954	76.049049	0.94153535	0.00065750629
0.091064461	76.016495	0.93940598	0.00065750629
0.091721967	75.890472	0.93471342	0.00065750629
0.092379473	75.74707	0.9344368	0.00065749884
0.093036972	75.506264	0.92780226	0.00065750629
0.093694478	75.509979	0.92847896	0.00065750629
0.094351985	75.432953	0.92487878	0.00065750629
0.095009491	75.148346	0.9203521	0.00065750629
0.095666997	75.119995	0.9200049	0.00065750629
0.096324503	74.778191	0.91206443	0.00065749884
0.096982002	75.059273	0.91596979	0.00065750629
0.097639509	74.788834	0.91138107	0.00065750629
0.098297015	74.624298	0.90775985	0.00065750629
0.098954521	74.531364	0.90649521	0.00065750629
0.099612027	74.348785	0.90042007	0.00065750629
0.10026953	74.466331	0.9029038	0.00065750629
0.10092704	74.12751	0.89793795	0.00065749884
0.10158454	74.017799	0.89405435	0.00065750629
0.10224205	74.222145	0.89580405	0.00065750629
0.10289955	73.965309	0.89114785	0.00065750629
0.10355706	73.648201	0.88687688	0.00065750629
0.10421456	73.598206	0.8857612	0.00065750629
0.10487207	73.709953	0.88391107	0.00065749884
0.10552957	73.746864	0.88543671	0.00065750629
0.10618708	73.215218	0.87552667	0.00065750629
0.10684458	73.243912	0.87681073	0.00065750629
0.10750209	73.407364	0.87700969	0.00065750629
0.10815959	73.094154	0.87171382	0.00065750629
0.1088171	72.951828	0.87088394	0.00065749884
0.1094746	73.05175	0.86867905	0.00065750629
0.11013211	72.723236	0.86306572	0.00065750629
0.11078961	72.636566	0.86410862	0.00065750629
0.11144712	72.587769	0.85982466	0.00065750629
0.11210462	72.898216	0.86374444	0.00065750629
0.11276213	72.616051	0.85943651	0.00065750629
0.11341964	72.611839	0.85692942	0.00065749884
0.11407714	72.507812	0.85629821	0.00065750629
0.11473464	72.339546	0.85300338	0.00065750629
0.11539215	72.353004	0.85162413	0.00065750629
0.11604965	72.5112	0.85254174	0.00065750629
0.11670716	72.289536	0.84923154	0.00065750629
0.11736467	72.36116	0.84925282	0.00065749884
0.11802217	72.199234	0.84601343	0.00065750629
0.11867967	72.071175	0.84399152	0.00065750629
0.11933718	72.146355	0.84336972	0.00065750629
0.11999469	72.232101	0.84350806	0.00065750629
0.12065219	71.918701	0.83996284	0.00065750629
0.1213097	71.978516	0.83934575	0.00065750629
0.1219672	71.744308	0.83513963	0.00065749884
0.1226247	71.888634	0.83574456	0.00065750629
0.12328221	71.689308	0.83303326	0.00065750629
0.12393972	71.603447	0.83074665	0.00065750629
0.12459722	71.656784	0.83181345	0.00065749884
0.12525472	71.545334	0.82856804	0.00065751374
0.12591223	71.453484	0.82667327	0.00065749884
0.12656973	71.540588	0.82663047	0.00065751374
0.12722725	71.321571	0.82300174	0.00065749884
0.12788475	71.384689	0.824444	0.00065749884
0.12854224	71.274124	0.82119775	0.00065751374
0.12919976	71.330818	0.82070774	0.00065749884
0.12985726	71.385208	0.82187778	0.00065751374
0.13051477	71.222473	0.81789273	0.00065749884
0.13117227	71.249008	0.81846738	0.00065751374
0.13182978	71.200897	0.81694496	0.00065749884
0.13248728	71.134224	0.81361341	0.00065749884
0.13314478	70.989761	0.81345224	0.00065751374
0.13380229	71.205421	0.81501442	0.00065749884
0.13445979	71.03064	0.8111034	0.00065751374
0.13511731	71.034912	0.81078225	0.00065749884
0.13577481	70.950203	0.80902523	0.00065751374
0.13643232	71.080093	0.81050634	0.00065749884
0.13708982	71.108505	0.80962062	0.00065749884
0.13774732	70.957893	0.80764413	0.00065751374
0.13840483	70.946396	0.80532533	0.00065749884
0.13906233	70.802162	0.8035326	0.00065751374
0.13971984	70.813942	0.80382174	0.00065749884
0.14037734	70.721748	0.8013826	0.00065749884
0.14103484	70.696877	0.80104929	0.00065751374
0.14169236	71.006134	0.80249536	0.00065749884
0.14234985	70.64006	0.79891962	0.00065751374
0.14300737	70.558388	0.79840451	0.00065749884
0.14366487	70.576828	0.7959677	0.00065751374
0.14432238	70.559395	0.79658204	0.00065749884
0.14497988	70.548134	0.79503757	0.00065749884
0.14563738	70.685173	0.79577386	0.00065751374
0.14629489	70.526047	0.79499066	0.00065749884
0.14695239	70.273964	0.78924614	0.00065751374
0.1476099	70.444054	0.79210609	0.00065749884
0.1482674	70.351105	0.78976393	0.00065751374
0.14892492	70.377312	0.78926277	0.00065749884
0.14958242	70.244476	0.78956258	0.00065749884
0.15023991	70.291542	0.78627628	0.00065751374
0.15089743	70.408516	0.78901756	0.00065749884
0.15155493	70.409782	0.78735262	0.00065751374
0.15221244	70.277542	0.78543204	0.00065749884
0.15286994	70.248802	0.78886408	0.00065751374
0.15352745	70.331818	0.79029471	0.00065749884
0.15418495	70.245476	0.79573023	0.00065749884
0.15484245	70.255615	0.79604948	0.00065751374
0.15549996	70.149635	0.79674327	0.00065749884
0.15615746	69.837234	0.79883111	0.00065751374
0.15681498	70.126122	0.80418986	0.00065749884
0.15747248	69.992241	0.80944258	0.00065749884
0.15812998	70.115517	0.81403166	0.00065751374
0.15878749	69.787971	0.81308341	0.00065749884
0.15944499	70.173904	0.82278967	0.00065751374
0.1601025	69.797905	0.81922621	0.00065749884
0.16076	69.842117	0.82372648	0.00065751374
0.16141751	69.711006	0.82447702	0.00065749884
0.16207501	69.857521	0.8276583	0.00065749884
0.16273251	69.904068	0.83337283	0.00065751374
0.16339003	69.714249	0.83040208	0.00065749884
0.16404752	69.843292	0.8351447	0.00065751374
0.16470504	69.650681	0.83595496	0.00065749884
0.16536254	69.680939	0.83517593	0.00065751374
0.16602005	69.824272	0.84180605	0.00065749884
0.16667755	69.758102	0.8410694	0.00065749884
0.16733505	69.701416	0.84222442	0.00065751374
0.16799256	69.502647	0.84247142	0.00065749884
0.16865006	69.800766	0.84546417	0.00065751374
0.16930757	69.949051	0.85126626	0.00065749884
0.16996507	69.789757	0.84920192	0.00065749884
0.17062257	69.694046	0.85017997	0.00065751374
0.17128009	69.756477	0.8513217	0.00065749884
0.17193758	69.689812	0.85247833	0.00065751374
0.1725951	69.664154	0.85491937	0.00065749884
0.1732526	69.631172	0.85278249	0.00065751374
0.17391011	69.689949	0.8568505	0.00065749884
0.17456761	69.466347	0.85435951	0.00065749884
0.17522511	69.427551	0.85608667	0.00065751374
0.17588262	69.390396	0.85673648	0.00065749884
0.17654012	69.660187	0.85856372	0.00065751374
0.17719764	69.412781	0.85937417	0.00065749884
0.17785513	69.413506	0.85885668	0.00065751374
0.17851265	69.31739	0.85957766	0.00065749884
0.17917015	69.294342	0.86134744	0.00065749884
0.17982765	69.450676	0.86089963	0.00065751374
0.18048516	69.3116	0.86363268	0.00065749884
0.18114266	69.188057	0.86042517	0.00065751374
0.18180017	69.364311	0.86475962	0.00065749884
0.18245767	68.9841	0.86135924	0.00065749884
0.18311517	69.247276	0.8633005	0.00065751374
0.18377268	69.374489	0.86840278	0.00065749884
0.18443018	69.008293	0.86327797	0.00065751374
0.1850877	69.465744	0.86974955	0.00065749884
0.18574519	69.283646	0.86924279	0.00065751374
0.18640271	69.175461	0.86699897	0.00065749884
0.18706021	69.137611	0.86953473	0.00065749884
0.18771771	69.337326	0.87053311	0.00065751374
0.18837522	69.061142	0.86919188	0.00065749884
0.18903272	69.245758	0.87220651	0.00065751374
0.18969023	69.172546	0.86990529	0.00065749884
0.19034773	69.171776	0.87398273	0.00065751374
0.19100524	69.037033	0.87033719	0.00065749884
0.19166274	69.026222	0.87277085	0.00065749884
0.19232024	69.017677	0.87106287	0.00065751374
0.19297776	69.106964	0.87449116	0.00065749884
0.19363526	69.115326	0.87593037	0.00065751374
0.19429277	69.005753	0.87223321	0.00065749884
0.19495027	68.882477	0.87459636	0.00065751374
0.19560778	69.071243	0.87495023	0.00065749884
0.19626528	68.807205	0.87469888	0.00065749884
0.19692278	68.907578	0.87512678	0.00065751374
0.19758029	69.157608	0.8770299	0.00065749884
0.19823779	69.13028	0.88108701	0.00065751374
0.19889531	68.899933	0.87601924	0.00065749884
0.1995528	68.758217	0.87471235	0.00065749884
0.2002103	68.958107	0.88039559	0.00065751374
0.20086782	68.78466	0.87490731	0.00065749884
0.20152532	68.885681	0.87968606	0.00065751374
0.20218283	69.140442	0.88200486	0.00065749884
0.20284033	68.806564	0.87910581	0.00065751374
0.20349784	68.917648	0.88182163	0.00065749884
0.20415534	68.878235	0.87823135	0.00065749884
0.20481284	68.903198	0.88257647	0.00065751374
0.20547035	68.846359	0.88112581	0.00065749884
0.20612785	68.85276	0.88164115	0.00065751374
0.20678537	68.853287	0.88302445	0.00065749884
0.20744286	68.73101	0.87835568	0.00065751374
0.20810038	68.695168	0.88252193	0.00065749884
0.20875788	68.828758	0.88234711	0.00065749884
0.20941538	68.7201	0.88204193	0.00065751374
0.21007289	68.61248	0.88277191	0.00065749884
0.21073039	68.593246	0.88041371	0.00065751374
0.2113879	68.851654	0.88592249	0.00065749884
0.2120454	68.440033	0.87844718	0.00065749884
0.2127029	68.63884	0.88428277	0.00065751374
0.21336041	68.454002	0.88131666	0.00065749884
0.21401791	68.594398	0.88312417	0.00065751374
0.21467543	68.597046	0.88425821	0.00065749884
0.21533293	68.61335	0.88292915	0.00065751374
0.21599044	68.431908	0.88352525	0.00065749884
0.21664794	68.76667	0.88681263	0.00065749884
0.21730544	68.468559	0.88304228	0.00065751374
0.21796295	68.661102	0.88737243	0.00065749884
0.21862045	68.586273	0.88426632	0.00065751374
0.21927796	68.548347	0.88658178	0.00065749884
0.21993546	68.499329	0.88624442	0.00065751374
0.22059298	68.672119	0.88707042	0.00065749884
0.22125047	68.654251	0.88921684	0.00065749884
0.22190797	68.532364	0.88519132	0.00065751374
0.22256549	68.298233	0.88579524	0.00065749884
0.22322299	68.510948	0.88587594	0.00065751374
0.2238805	68.51461	0.88778055	0.00065749884
0.224538	68.38726	0.88777161	0.00065749884
0.2251955	68.265587	0.88366407	0.00065751374
0.22585301	68.272697	0.88606042	0.00065749884
0.22651051	68.562027	0.88832039	0.00065751374
0.22716802	68.152534	0.88479906	0.00065749884
0.22782552	68.365402	0.88898724	0.00065751374
0.22848304	68.225769	0.88426059	0.00065749884
0.22914053	68.250633	0.88787025	0.00065749884
0.22979803	68.355118	0.88720483	0.00065751374
0.23045555	68.44088	0.88951755	0.00065749884
0.23111305	68.513741	0.89242643	0.00065751374
0.23177056	68.43351	0.88897145	0.00065749884
0.23242806	68.468727	0.89146203	0.00065751374
0.23308557	68.387665	0.8878516	0.00065749884
0.23374307	68.396767	0.89196277	0.00065749884
0.23440057	68.298569	0.89083368	0.00065751374
0.23505808	68.172264	0.88550305	0.00065749884
0.23571558	68.198845	0.88983572	0.00065751374
0.2363731	68.323212	0.88971829	0.00065749884
0.2370306	68.128616	0.88922226	0.00065751374
0.23768811	68.10424	0.8888284	0.00065749884
0.23834561	68.347015	0.8901037	0.00065749884
0.23900311	68.24295	0.89231199	0.00065751374
0.23966062	68.267548	0.88891798	0.00065749884
0.24031812	68.05732	0.88889754	0.00065751374
0.24097563	68.398224	0.89380765	0.00065749884
0.24163313	68.030815	0.88764334	0.00065749884
0.24229063	68.270271	0.89289838	0.00065751374
0.24294814	68.155785	0.88980424	0.00065749884
0.24360564	68.168465	0.89149058	0.00065751374
0.24426316	68.174248	0.89149004	0.00065749884
0.24492066	68.072052	0.88946939	0.00065751374
0.24557817	67.982773	0.89234936	0.00065749884
0.24623567	67.919601	0.8864187	0.00065749884
0.24689317	68.057137	0.89148426	0.00065751374
0.24755068	68.323578	0.89374846	0.00065749884
0.24820818	68.086418	0.89156199	0.00065751374
0.24886569	67.965569	0.89173961	0.00065749884
0.24952319	68.331451	0.89339292	0.00065749884
0.25018069	67.984528	0.89145136	0.00065749884
0.25083819	68.036728	0.89129335	0.00065752864
0.25149572	68.041443	0.8922745	0.00065749884
0.25215322	67.816628	0.89070594	0.00065749884
0.25281072	68.162842	0.89240962	0.00065749884
0.25346822	67.796623	0.88967609	0.00065752864
0.25412574	67.912262	0.8907336	0.00065749884
0.25478324	68.026558	0.89330906	0.00065749884
0.25544074	67.707939	0.89035416	0.00065749884
0.25609824	67.970016	0.8897326	0.00065749884
0.25675574	68.030464	0.89498228	0.00065752864
0.25741327	67.954086	0.89112884	0.00065749884
0.25807077	67.92421	0.89250386	0.00065749884
0.25872827	67.839478	0.89223808	0.00065749884
0.25938576	67.766716	0.88951343	0.00065749884
0.26004326	68.073662	0.89726049	0.00065752864
0.26070079	67.897644	0.88977689	0.00065749884
0.26135829	67.957886	0.894647	0.00065749884
0.26201579	68.139671	0.89641899	0.00065749884
0.26267329	68.197823	0.89679611	0.00065749884
0.26333079	67.788612	0.89303792	0.00065752864
0.26398832	67.801239	0.89019674	0.00065749884
0.26464581	67.654961	0.89197415	0.00065749884
0.26530331	67.66153	0.89005178	0.00065749884
0.26596081	67.933815	0.89417529	0.00065752864
0.26661834	67.80851	0.89547843	0.00065749884
0.26727584	67.68985	0.88927096	0.00065749884
0.26793334	67.731224	0.89305717	0.00065749884
0.26859084	67.605957	0.88993698	0.00065749884
0.26924834	68.018082	0.89691758	0.00065752864
0.26990587	67.652321	0.89310437	0.00065749884
0.27056336	67.854942	0.89275044	0.00065749884
0.27122086	67.767593	0.89447027	0.00065749884
0.27187836	67.811935	0.89319015	0.00065749884
0.27253586	67.654251	0.89266324	0.00065752864
0.27319339	67.782814	0.89670432	0.00065749884
0.27385089	67.829002	0.89279562	0.00065749884
0.27450839	67.53476	0.89147478	0.00065749884
0.27516589	67.683205	0.89149457	0.00065749884
0.27582338	67.808151	0.89672571	0.00065752864
0.27648091	67.683571	0.89343905	0.00065749884
0.27713841	67.577461	0.89110726	0.00065749884
0.27779591	67.454002	0.89290154	0.00065749884
0.27845341	67.441162	0.88915533	0.00065752864
0.27911094	67.707642	0.89531827	0.00065749884
0.27976844	67.559853	0.89180601	0.00065749884
0.28042594	67.554237	0.89282143	0.00065749884
0.28108343	67.73484	0.89669764	0.00065749884
0.28174093	67.524376	0.89094967	0.00065752864
0.28239846	67.531746	0.89314848	0.00065749884
0.28305596	67.262878	0.88897079	0.00065749884
0.28371346	67.577797	0.89352322	0.00065749884
0.28437096	67.553703	0.89563477	0.00065749884
0.28502846	67.451073	0.88928592	0.00065752864
0.28568599	67.507187	0.89384049	0.00065749884
0.28634349	67.558975	0.89374322	0.00065749884
0.28700098	67.572327	0.89478153	0.00065749884
0.28765848	67.479431	0.89472878	0.00065749884
0.28831598	67.564743	0.89132708	0.00065752864
0.28897351	67.351562	0.89319038	0.00065749884
0.28963101	67.354546	0.8905713	0.00065749884
0.29028851	67.080017	0.888574	0.00065749884
0.29094601	67.237175	0.89120334	0.00065752864
0.29160354	67.149605	0.88824987	0.00065749884
0.29226103	67.13176	0.89098084	0.00065749884
0.29291853	67.732994	0.89564192	0.00065749884
0.29357603	67.124207	0.88970602	0.00065749884
0.29423353	67.177971	0.89041859	0.00065752864
0.29489106	67.098862	0.88835615	0.00065749884
0.29554856	66.953064	0.88939285	0.00065749884
0.29620606	67.145401	0.88765085	0.00065749884
0.29686356	67.361122	0.8942613	0.00065749884
0.29752105	67.243233	0.89144033	0.00065752864
0.29817858	67.140999	0.89024144	0.00065749884
0.29883608	66.995941	0.889727	0.00065749884
0.29949358	67.145233	0.88873649	0.00065749884
0.30015108	66.867409	0.88849026	0.00065752864
0.30080861	67.216728	0.8900727	0.00065749884
0.30146611	67.030525	0.89034331	0.00065749884
0.30212361	66.941383	0.8894732	0.00065749884
0.30278111	67.053146	0.8880623	0.00065749884
0.3034386	67.081398	0.8923583	0.00065752864
0.30409613	67.009277	0.88662636	0.00065749884
0.30475363	66.984795	0.8906005	0.00065749884
0.30541113	66.905174	0.89072347	0.00065749884
0.30606863	66.764153	0.89074248	0.00065749884
0.30672613	66.58094	0.89444894	0.00065752864
0.30738366	66.422112	0.8934446	0.00065749884
0.30804116	66.713631	0.90476251	0.00065749884
0.30869865	66.785118	0.90975684	0.00065749884
0.30935615	66.722412	0.91101819	0.00065749884
0.31001365	66.623291	0.91826463	0.00065752864
0.31067118	66.795509	0.92168951	0.00065749884
0.31132868	66.668861	0.92774725	0.00065749884
0.31198618	66.605736	0.93029791	0.00065749884
0.31264368	66.617935	0.93633187	0.00065752864
0.31330121	66.476021	0.94370508	0.00065749884
0.3139587	66.521683	0.94482952	0.00065749884
0.3146162	66.585838	0.95532858	0.00065749884
0.3152737	66.654686	0.96077669	0.00065749884
0.3159312	66.724724	0.9694708	0.00065752864
0.31658873	66.550903	0.97742152	0.00065749884
0.31724623	66.409363	0.97555315	0.00065749884
0.31790373	66.544006	0.99076843	0.00065749884
0.31856123	66.638153	0.99593049	0.00065749884
0.31921872	66.14122	1.0006468	0.00065752864
0.31987625	66.034843	1.0064361	0.00065749884
0.32053375	66.02124	1.014271	0.00065749884
0.32119125	66.314079	1.0331341	0.00065749884
0.32184875	66.451279	1.038427	0.00065749884
0.32250625	66.434761	1.0543861	0.00065752864
0.32316378	66.503723	1.0653207	0.00065749884
0.32382128	66.131737	1.0723741	0.00065749884
0.32447878	66.208252	1.0909648	0.00065749884
0.32513627	66.297752	1.0982701	0.00065752864
0.3257938	66.329247	1.1198883	0.00065749884
0.3264513	66.39119	1.1339387	0.00065749884
0.3271088	66.272263	1.1533009	0.00065749884
0.3277663	66.284096	1.1763507	0.00065749884
0.3284238	66.019913	1.1830822	0.00065752864
0.32908133	66.097214	1.2185994	0.00065749884
0.32973883	66.125526	1.2382082	0.00065749884
0.33039632	65.601189	1.2629601	0.00065749884
0.33105382	66.167709	1.3097997	0.00065749884
0.33171132	65.654022	1.3332274	0.00065752864
0.33236885	65.563736	1.3890083	0.00065749884
0.33302635	65.605812	1.4323126	0.00065749884
0.33368385	65.178802	1.5080513	0.00065749884
0.33434135	65.434914	1.6026539	0.00065749884
0.33499885	64.417961	1.7130792	0.00065752864
0.33565637	62.065361	1.8964572	0.00065749884
0.33631387	55.705608	2.1983387	0.00065749884
