#   DataFileName=pten_0105.tif
#   DataFileType=.tif
#   
#   DataFilePath=F:shang:PTENtiffs20140320:
#   
#   Processed on=Mon, Dec 15, 2014,2:40:24 PM
#   Units=Arbitrary
#   SampleThickness=1
#   SampleTransmission=1
#   CorrectionFactor=1
#   SampleMeasurementTime=1
#   EmptyMeasurementTime=1
#   BackgroundMeasTime=1
#   SampleI0=1
#   EmptyI0=1
#   CalibrationFormula=1*((Sa2D))
#   CurrentMaskFileName=pten_0002_mask.hdf
#   QvectorMaxNumPnts=0
#   QvectorNumberPoints=512
#   CircularAverage=1
#   PolarizationCorrection=None
#   UncertainityCalculationMethod=OldNikaMethod

0.0055887937	2253.5833	459.9957	0.00065750489
0.0062462986	1892.425	89.507591	0.00065750536
0.0069038039	1455.8842	57.593231	0.00065750489
0.0075613088	1098.0465	41.208607	0.00065750489
0.0082188137	850.19116	30.658463	0.00065750536
0.008876319	669.54034	22.897675	0.00065750536
0.0095338244	542.66992	17.91069	0.00065750536
0.01019133	447.08713	14.23088	0.00065750442
0.010848834	377.11771	11.4806	0.00065750536
0.01150634	323.00354	9.6087446	0.00065750536
0.012163845	280.4097	8.0346708	0.00065750536
0.01282135	249.07422	6.9618173	0.00065750442
0.013478855	221.34096	6.0129976	0.00065750536
0.01413636	200.73177	5.2915716	0.00065750536
0.014793865	183.22141	4.7386503	0.00065750536
0.015451371	168.41136	4.2301507	0.00065750536
0.016108876	156.75458	3.8731334	0.00065750442
0.016766381	146.73193	3.542136	0.00065750442
0.017423885	138.77438	3.2673101	0.00065750629
0.018081391	131.00323	3.0441141	0.00065750442
0.018738896	125.01534	2.8266904	0.00065750629
0.019396402	120.96407	2.7021329	0.00065750442
0.020053906	116.16209	2.5513158	0.00065750442
0.020711411	112.35251	2.4101965	0.00065750629
0.021368917	108.20715	2.3012357	0.00065750442
0.022026422	105.56828	2.1945796	0.00065750442
0.022683926	102.74018	2.1117418	0.00065750629
0.023341432	100.04961	2.0258584	0.00065750442
0.023998937	98.526604	1.9561083	0.00065750629
0.024656443	96.568817	1.9041495	0.00065750442
0.025313947	94.767281	1.8316135	0.00065750442
0.025971452	93.587112	1.7905043	0.00065750629
0.026628958	92.176994	1.7447864	0.00065750442
0.027286462	90.716545	1.6825331	0.00065750442
0.027943967	89.557228	1.6553465	0.00065750629
0.028601473	88.227455	1.6006982	0.00065750442
0.029258978	87.795677	1.5773646	0.00065750629
0.029916484	87.189484	1.5520127	0.00065750442
0.030573988	86.20974	1.508509	0.00065750442
0.031231493	85.72374	1.4936162	0.00065750629
0.031888999	84.972298	1.4587642	0.00065750629
0.032546505	84.492805	1.4335223	0.00065750256
0.033204008	83.610321	1.4116588	0.00065750629
0.033861514	83.306992	1.3823189	0.00065750629
0.03451902	82.737343	1.3685403	0.00065750256
0.035176523	82.431343	1.3446636	0.00065750629
0.035834029	82.209305	1.3288972	0.00065750629
0.036491536	81.732452	1.3128114	0.00065750256
0.037149038	81.609718	1.2916542	0.00065750629
0.037806544	81.156967	1.2800074	0.00065750629
0.038464051	80.656303	1.2570355	0.00065750256
0.039121553	80.359688	1.2418995	0.00065750629
0.03977906	79.740181	1.226626	0.00065750629
0.040436566	79.500801	1.2041422	0.00065750256
0.041094068	79.528053	1.2034512	0.00065750629
0.041751575	79.263557	1.1840929	0.00065750629
0.042409081	78.99472	1.1719967	0.00065750629
0.043066587	78.702377	1.1625527	0.00065750256
0.04372409	78.539787	1.1456198	0.00065750629
0.044381596	78.467163	1.1403224	0.00065750629
0.045039102	78.199921	1.1243926	0.00065750256
0.045696605	78.081818	1.1153401	0.00065750629
0.046354111	77.651283	1.1046913	0.00065750629
0.047011618	77.452118	1.0894703	0.00065750256
0.04766912	77.02375	1.0791825	0.00065750629
0.048326626	77.07132	1.0685807	0.00065750629
0.048984133	76.998291	1.0619689	0.00065750256
0.049641635	76.81955	1.0543023	0.00065750629
0.050299142	76.410706	1.0362732	0.00065750629
0.050956648	76.43972	1.0346706	0.00065750256
0.05161415	76.225258	1.0216168	0.00065750629
0.052271657	76.039436	1.0134983	0.00065750629
0.052929163	75.998947	1.0084895	0.00065750629
0.053586669	75.958839	0.996786	0.00065750256
0.054244172	75.718254	0.99183774	0.00065750629
0.054901678	75.37384	0.97921085	0.00065750629
0.055559184	75.568619	0.97526109	0.00065750256
0.056216687	75.225792	0.96785903	0.00065750629
0.056874193	75.332413	0.95951182	0.00065750629
0.0575317	75.177681	0.95545065	0.00065750256
0.058189202	74.897781	0.94362283	0.00065750629
0.058846708	74.161896	0.93250281	0.00065750629
0.059504215	74.359833	0.95403647	0.00065750256
0.060161717	74.194557	0.95593691	0.00065750629
0.060819224	74.191597	0.96393299	0.00065750629
0.06147673	74.127808	0.96383667	0.00065750256
0.062134232	73.86409	0.96154624	0.00065751001
0.062791742	73.97496	0.96883577	0.00065749884
0.063449241	74.284035	0.96906817	0.00065750629
0.064106748	74.003258	0.96845913	0.00065750629
0.064764254	73.8396	0.96557361	0.00065750629
0.06542176	73.616119	0.96199334	0.00065750629
0.066079266	73.55735	0.96460813	0.00065750629
0.066736773	73.661324	0.96217346	0.00065749884
0.067394271	73.52536	0.96088952	0.00065750629
0.068051778	73.41452	0.95944095	0.00065750629
0.068709284	73.212463	0.95525163	0.00065750629
0.06936679	73.136757	0.95564777	0.00065750629
0.070024297	73.046204	0.95025545	0.00065750629
0.070681803	72.995583	0.95177388	0.00065750629
0.071339309	72.746361	0.94659519	0.00065749884
0.071996808	72.970055	0.94646603	0.00065750629
0.072654314	73.010651	0.94923091	0.00065750629
0.073311821	72.689056	0.94084483	0.00065750629
0.073969327	72.370338	0.93789864	0.00065750629
0.074626833	72.572601	0.93973118	0.00065750629
0.075284339	72.456963	0.93401486	0.00065749884
0.075941838	72.392815	0.9357571	0.00065750629
0.076599345	72.244087	0.92903513	0.00065750629
0.077256851	72.154449	0.92934346	0.00065750629
0.077914357	72.025948	0.92592359	0.00065750629
0.078571863	71.775314	0.91951597	0.00065750629
0.07922937	71.746674	0.9196015	0.00065750629
0.079886876	71.647636	0.91510588	0.00065749884
0.080544375	71.525108	0.91028005	0.00065750629
0.081201881	71.498703	0.90920806	0.00065750629
0.081859387	71.321289	0.90193397	0.00065750629
0.082516894	71.393196	0.90241045	0.00065750629
0.0831744	71.368027	0.89829707	0.00065750629
0.083831906	71.142677	0.89376307	0.00065749884
0.084489405	71.191757	0.89290118	0.00065750629
0.085146911	71.141922	0.88844115	0.00065750629
0.085804418	71.015182	0.88838363	0.00065750629
0.086461924	70.962074	0.88467866	0.00065750629
0.08711943	71.197083	0.8869195	0.00065750629
0.087776937	71.108139	0.88636196	0.00065749884
0.088434435	70.972198	0.87962496	0.00065750629
0.089091942	71.037582	0.8816551	0.00065750629
0.089749448	71.310898	0.88294172	0.00065750629
0.090406954	71.061462	0.8797856	0.00065750629
0.091064461	70.955254	0.87685955	0.00065750629
0.091721967	70.984528	0.87428874	0.00065750629
0.092379473	70.890121	0.87452012	0.00065749884
0.093036972	71.034729	0.87285709	0.00065750629
0.093694478	70.779861	0.87031686	0.00065750629
0.094351985	70.887405	0.86914599	0.00065750629
0.095009491	70.777115	0.866817	0.00065750629
0.095666997	70.800812	0.86710721	0.00065750629
0.096324503	70.685211	0.86214256	0.00065749884
0.096982002	70.886375	0.86504567	0.00065750629
0.097639509	70.524506	0.85941565	0.00065750629
0.098297015	70.469223	0.85721582	0.00065750629
0.098954521	70.702812	0.8599301	0.00065750629
0.099612027	70.627457	0.85535204	0.00065750629
0.10026953	70.8918	0.85956252	0.00065750629
0.10092704	70.750847	0.85703492	0.00065749884
0.10158454	70.642548	0.85328496	0.00065750629
0.10224205	70.726875	0.8536188	0.00065750629
0.10289955	70.827988	0.85334885	0.00065750629
0.10355706	70.741447	0.85187346	0.00065750629
0.10421456	70.482475	0.84826308	0.00065750629
0.10487207	70.520996	0.84566998	0.00065749884
0.10552957	70.568687	0.84727818	0.00065750629
0.10618708	70.48806	0.84291464	0.00065750629
0.10684458	70.374748	0.84246367	0.00065750629
0.10750209	70.509422	0.8423875	0.00065750629
0.10815959	70.504906	0.84083468	0.00065750629
0.1088171	70.406013	0.84049249	0.00065749884
0.1094746	70.536621	0.83877087	0.00065750629
0.11013211	70.412819	0.83564603	0.00065750629
0.11078961	70.422585	0.83777034	0.00065750629
0.11144712	70.43721	0.83435065	0.00065750629
0.11210462	70.577286	0.83624452	0.00065750629
0.11276213	70.561562	0.83512086	0.00065750629
0.11341964	70.290108	0.82952952	0.00065749884
0.11407714	70.263039	0.82978803	0.00065750629
0.11473464	70.402252	0.83015949	0.00065750629
0.11539215	70.301605	0.82747835	0.00065750629
0.11604965	70.280617	0.826316	0.00065750629
0.11670716	70.377174	0.82676578	0.00065750629
0.11736467	70.175484	0.82360107	0.00065749884
0.11802217	70.306877	0.82383919	0.00065750629
0.11867967	70.145775	0.82144409	0.00065750629
0.11933718	70.111641	0.81958455	0.00065750629
0.11999469	70.183693	0.81958723	0.00065750629
0.12065219	70.141998	0.81921214	0.00065750629
0.1213097	70.130402	0.81779486	0.00065750629
0.1219672	70.05542	0.81548011	0.00065749884
0.1226247	70.273956	0.81697309	0.00065750629
0.12328221	70.424248	0.81833327	0.00065750629
0.12393972	70.266388	0.81523401	0.00065750629
0.12459722	70.336884	0.8164916	0.00065749884
0.12525472	70.396729	0.81526601	0.00065751374
0.12591223	70.383484	0.81429398	0.00065749884
0.12656973	70.181442	0.81092596	0.00065751374
0.12722725	70.172707	0.8097446	0.00065749884
0.12788475	69.92984	0.80764139	0.00065749884
0.12854224	70.056023	0.80716312	0.00065751374
0.12919976	70.045273	0.80591673	0.00065749884
0.12985726	70.138252	0.80752128	0.00065751374
0.13051477	70.035873	0.80426627	0.00065749884
0.13117227	70.045525	0.80464244	0.00065751374
0.13182978	69.917717	0.80222207	0.00065749884
0.13248728	70.072342	0.80146796	0.00065749884
0.13314478	69.899818	0.80096287	0.00065751374
0.13380229	70.083847	0.80217689	0.00065749884
0.13445979	70.185158	0.80144876	0.00065751374
0.13511731	70.135361	0.80051476	0.00065749884
0.13577481	69.984917	0.79801834	0.00065751374
0.13643232	70.180992	0.80025411	0.00065749884
0.13708982	70.039795	0.79745263	0.00065749884
0.13774732	69.937294	0.79602766	0.00065751374
0.13840483	69.96624	0.79419935	0.00065749884
0.13906233	69.911255	0.79342192	0.00065751374
0.13971984	69.958252	0.79410869	0.00065749884
0.14037734	70.030304	0.79354739	0.00065749884
0.14103484	70.008598	0.79325062	0.00065751374
0.14169236	69.761017	0.78842336	0.00065749884
0.14234985	69.919548	0.79077071	0.00065751374
0.14300737	69.889755	0.79083854	0.00065749884
0.14366487	69.617401	0.78514725	0.00065751374
0.14432238	69.749428	0.78743792	0.00065749884
0.14497988	69.632332	0.78471702	0.00065749884
0.14563738	69.747025	0.78521216	0.00065751374
0.14629489	69.724014	0.78594989	0.00065749884
0.14695239	69.642029	0.78214884	0.00065751374
0.1476099	69.847389	0.78539699	0.00065749884
0.1482674	69.901451	0.78471607	0.00065751374
0.14892492	69.846306	0.78330773	0.00065749884
0.14958242	69.877953	0.78544283	0.00065749884
0.15023991	69.767769	0.78041738	0.00065751374
0.15089743	69.713425	0.78122818	0.00065749884
0.15155493	69.587349	0.7781558	0.00065751374
0.15221244	69.559578	0.77740794	0.00065749884
0.15286994	69.691048	0.7826007	0.00065751374
0.15352745	69.621216	0.78230983	0.00065749884
0.15418495	69.481972	0.7870813	0.00065749884
0.15484245	69.706764	0.78983057	0.00065751374
0.15549996	69.711174	0.79176325	0.00065749884
0.15615746	69.655762	0.79675531	0.00065751374
0.15681498	69.677673	0.79904717	0.00065749884
0.15747248	69.63488	0.80530977	0.00065749884
0.15812998	69.494812	0.80682534	0.00065751374
0.15878749	69.463959	0.80930847	0.00065749884
0.15944499	69.350014	0.81312954	0.00065751374
0.1601025	69.430084	0.81490904	0.00065749884
0.16076	69.410629	0.81863737	0.00065751374
0.16141751	69.321587	0.81987131	0.00065749884
0.16207501	69.499718	0.82341909	0.00065749884
0.16273251	69.649513	0.83033824	0.00065751374
0.16339003	69.293137	0.82538599	0.00065749884
0.16404752	69.396484	0.82980204	0.00065751374
0.16470504	69.610199	0.83546913	0.00065749884
0.16536254	69.424652	0.83210421	0.00065751374
0.16602005	69.324562	0.83578151	0.00065749884
0.16667755	69.531326	0.83833516	0.00065749884
0.16733505	69.713684	0.84237206	0.00065751374
0.16799256	69.621658	0.84391403	0.00065749884
0.16865006	69.49501	0.84176069	0.00065751374
0.16930757	69.442833	0.84510571	0.00065749884
0.16996507	69.519547	0.84591401	0.00065749884
0.17062257	69.360565	0.84611189	0.00065751374
0.17128009	69.339294	0.84623027	0.00065749884
0.17193758	69.31842	0.84793538	0.00065751374
0.1725951	69.351654	0.85108435	0.00065749884
0.1732526	69.302383	0.84875578	0.00065751374
0.17391011	69.349052	0.85265911	0.00065749884
0.17456761	69.273636	0.85198951	0.00065749884
0.17522511	69.316101	0.85471249	0.00065751374
0.17588262	69.112045	0.8532998	0.00065749884
0.17654012	69.067749	0.85126185	0.00065751374
0.17719764	69.202332	0.85676867	0.00065749884
0.17785513	69.520058	0.86017501	0.00065751374
0.17851265	69.220818	0.8583802	0.00065749884
0.17917015	69.156517	0.85963422	0.00065749884
0.17982765	69.128761	0.85690928	0.00065751374
0.18048516	69.09005	0.86087215	0.00065749884
0.18114266	69.085373	0.85914814	0.00065751374
0.18180017	69.192108	0.86261266	0.00065749884
0.18245767	69.260521	0.86481082	0.00065749884
0.18311517	69.139725	0.86195964	0.00065751374
0.18377268	69.075684	0.86466241	0.00065749884
0.18443018	69.158844	0.8651613	0.00065751374
0.1850877	69.118668	0.86540395	0.00065749884
0.18574519	68.836929	0.86363816	0.00065751374
0.18640271	69.162743	0.86683941	0.00065749884
0.18706021	69.087791	0.86890817	0.00065749884
0.18771771	69.132881	0.86796635	0.00065751374
0.18837522	69.106766	0.86976612	0.00065749884
0.18903272	69.151199	0.87101543	0.00065751374
0.18969023	68.855927	0.86592352	0.00065749884
0.19034773	68.847382	0.86988401	0.00065751374
0.19100524	68.911636	0.86875635	0.00065749884
0.19166274	69.110634	0.87383819	0.00065749884
0.19232024	68.874161	0.86925161	0.00065751374
0.19297776	68.903763	0.87191981	0.00065749884
0.19363526	68.898811	0.87318647	0.00065751374
0.19429277	68.82122	0.8699007	0.00065749884
0.19495027	68.956795	0.87554002	0.00065751374
0.19560778	68.85125	0.87216353	0.00065749884
0.19626528	68.916451	0.87608767	0.00065749884
0.19692278	69.142906	0.87811542	0.00065751374
0.19758029	69.070282	0.87592244	0.00065749884
0.19823779	68.752762	0.87627542	0.00065751374
0.19889531	68.816032	0.87495255	0.00065749884
0.1995528	68.808548	0.87535274	0.00065749884
0.2002103	68.926491	0.87999195	0.00065751374
0.20086782	68.684837	0.87363762	0.00065749884
0.20152532	68.702057	0.87734109	0.00065751374
0.20218283	68.691132	0.87627321	0.00065749884
0.20284033	68.854721	0.87972111	0.00065751374
0.20349784	68.699905	0.87903553	0.00065749884
0.20415534	68.820679	0.87749755	0.00065749884
0.20481284	68.5662	0.8782599	0.00065751374
0.20547035	68.805077	0.88059753	0.00065749884
0.20612785	68.832756	0.88138503	0.00065751374
0.20678537	68.851974	0.88300759	0.00065749884
0.20744286	68.73983	0.87846845	0.00065751374
0.20810038	68.557686	0.88075566	0.00065749884
0.20875788	68.656204	0.88013494	0.00065749884
0.20941538	68.659142	0.8812595	0.00065751374
0.21007289	68.776855	0.8848868	0.00065749884
0.21073039	68.702797	0.8818199	0.00065751374
0.2113879	68.589737	0.88255233	0.00065749884
0.2120454	68.565407	0.88005638	0.00065749884
0.2127029	68.675682	0.88475752	0.00065751374
0.21336041	68.689705	0.88435125	0.00065749884
0.21401791	68.675621	0.88416988	0.00065751374
0.21467543	68.634262	0.88473797	0.00065749884
0.21533293	68.541809	0.88200873	0.00065751374
0.21599044	68.743622	0.88754994	0.00065749884
0.21664794	68.490273	0.88324881	0.00065749884
0.21730544	68.204094	0.87963146	0.00065751374
0.21796295	68.619339	0.88683277	0.00065749884
0.21862045	68.622009	0.88472706	0.00065751374
0.21927796	68.624794	0.8875705	0.00065749884
0.21993546	68.390022	0.88483018	0.00065751374
0.22059298	68.565491	0.88569307	0.00065749884
0.22125047	68.200302	0.88333726	0.00065749884
0.22190797	68.40007	0.88348246	0.00065751374
0.22256549	68.561646	0.8892116	0.00065749884
0.22322299	68.448921	0.88507384	0.00065751374
0.2238805	68.361313	0.88579422	0.00065749884
0.224538	68.525444	0.88956541	0.00065749884
0.2251955	68.310989	0.88425183	0.00065751374
0.22585301	68.379654	0.88744849	0.00065749884
0.22651051	68.233337	0.88406175	0.00065751374
0.22716802	68.132477	0.88453865	0.00065749884
0.22782552	68.278152	0.88785267	0.00065751374
0.22848304	68.512512	0.88797706	0.00065749884
0.22914053	68.395668	0.88975692	0.00065749884
0.22979803	68.137131	0.88437539	0.00065751374
0.23045555	68.271118	0.8873111	0.00065749884
0.23111305	68.083138	0.88681751	0.00065751374
0.23177056	68.05619	0.88406998	0.00065749884
0.23242806	68.187996	0.88780695	0.00065751374
0.23308557	67.962921	0.88233733	0.00065749884
0.23374307	68.313095	0.89087152	0.00065749884
0.23440057	68.130653	0.88864356	0.00065751374
0.23505808	68.140541	0.88509095	0.00065749884
0.23571558	68.160194	0.88933146	0.00065751374
0.2363731	68.148384	0.88744164	0.00065749884
0.2370306	68.167976	0.88973588	0.00065751374
0.23768811	68.044624	0.88805038	0.00065749884
0.23834561	68.111603	0.88703781	0.00065749884
0.23900311	68.253548	0.89245063	0.00065751374
0.23966062	68.365036	0.89018744	0.00065749884
0.24031812	68.244629	0.89134401	0.00065751374
0.24097563	68.024757	0.88892734	0.00065749884
0.24163313	68.145729	0.88914269	0.00065749884
0.24229063	68.008385	0.88947314	0.00065751374
0.24294814	67.98568	0.88758343	0.00065749884
0.24360564	67.977081	0.88898772	0.00065751374
0.24426316	67.826439	0.88694179	0.00065749884
0.24492066	68.075981	0.8895207	0.00065751374
0.24557817	68.038078	0.89307541	0.00065749884
0.24623567	67.939194	0.88667434	0.00065749884
0.24689317	67.90065	0.88943446	0.00065751374
0.24755068	68.0924	0.89072436	0.00065749884
0.24820818	67.82476	0.88813561	0.00065751374
0.24886569	67.807022	0.88965946	0.00065749884
0.24952319	67.800003	0.88644445	0.00065749884
0.25018069	67.87706	0.89004225	0.00065749884
0.25083819	67.832672	0.88862032	0.00065752864
0.25149572	67.960274	0.89121002	0.00065749884
0.25215322	67.811279	0.89063567	0.00065749884
0.25281072	67.925781	0.88930595	0.00065749884
0.25346822	68.012741	0.8925122	0.00065752864
0.25412574	68.136765	0.89367807	0.00065749884
0.25478324	67.88929	0.89150649	0.00065749884
0.25544074	67.740967	0.89078844	0.00065749884
0.25609824	67.916206	0.88902831	0.00065749884
0.25675574	67.621323	0.88959974	0.00065752864
0.25741327	67.810493	0.88924581	0.00065749884
0.25807077	67.957008	0.8929348	0.00065749884
0.25872827	67.836014	0.89219266	0.00065749884
0.25938576	67.813751	0.89013082	0.00065749884
0.26004326	67.536308	0.89017779	0.00065752864
0.26070079	67.673019	0.88683319	0.00065749884
0.26135829	67.662216	0.89075464	0.00065749884
0.26201579	67.697823	0.89060616	0.00065749884
0.26267329	67.767937	0.89114314	0.00065749884
0.26333079	67.742622	0.89243209	0.00065752864
0.26398832	67.591103	0.88743776	0.00065749884
0.26464581	67.526161	0.89027601	0.00065749884
0.26530331	67.909325	0.89331132	0.00065749884
0.26596081	67.667709	0.89067256	0.00065752864
0.26661834	67.62278	0.89302564	0.00065749884
0.26727584	67.539177	0.88729149	0.00065749884
0.26793334	67.573189	0.89097345	0.00065749884
0.26859084	67.516891	0.8887645	0.00065749884
0.26924834	67.561989	0.89090323	0.00065752864
0.26990587	67.683861	0.89352071	0.00065749884
0.27056336	67.585075	0.88919997	0.00065749884
0.27122086	67.643204	0.89282846	0.00065749884
0.27187836	67.555862	0.88981736	0.00065749884
0.27253586	67.627434	0.89230949	0.00065752864
0.27319339	67.529228	0.89334959	0.00065749884
0.27385089	67.92498	0.89405894	0.00065749884
0.27450839	67.571526	0.89196008	0.00065749884
0.27516589	67.379074	0.88748878	0.00065749884
0.27582338	67.484261	0.89244235	0.00065752864
0.27648091	67.448685	0.89033854	0.00065749884
0.27713841	67.47348	0.88973612	0.00065749884
0.27779591	67.53846	0.89401954	0.00065749884
0.27845341	67.389709	0.88847703	0.00065752864
0.27911094	67.501839	0.89259684	0.00065749884
0.27976844	67.34745	0.88900214	0.00065749884
0.28042594	67.120003	0.8870824	0.00065749884
0.28108343	67.257271	0.89037538	0.00065749884
0.28174093	67.327644	0.88835388	0.00065752864
0.28239846	67.273918	0.88973856	0.00065749884
0.28305596	67.35878	0.89023823	0.00065749884
0.28371346	67.316261	0.89006501	0.00065749884
0.28437096	67.246262	0.89155871	0.00065749884
0.28502846	67.289238	0.88715237	0.00065752864
0.28568599	67.140251	0.88898212	0.00065749884
0.28634349	67.204582	0.88905489	0.00065749884
0.28700098	67.264595	0.8907066	0.00065749884
0.28765848	67.296059	0.89229739	0.00065749884
0.28831598	67.184822	0.88631511	0.00065752864
0.28897351	67.333275	0.89294779	0.00065749884
0.28963101	67.361542	0.89066374	0.00065749884
0.29028851	67.252327	0.8908565	0.00065749884
0.29094601	67.300072	0.89203697	0.00065752864
0.29160354	67.332634	0.89067096	0.00065749884
0.29226103	67.223183	0.89219415	0.00065749884
0.29291853	67.238678	0.88911694	0.00065749884
0.29357603	66.994904	0.88799214	0.00065749884
0.29423353	66.978394	0.88777322	0.00065752864
0.29489106	67.007713	0.88714945	0.00065749884
0.29554856	66.927299	0.88905054	0.00065749884
0.29620606	66.886749	0.88423151	0.00065749884
0.29686356	67.031723	0.88988835	0.00065749884
0.29752105	67.083832	0.88932705	0.00065752864
0.29817858	66.971344	0.88799191	0.00065749884
0.29883608	66.989594	0.88964266	0.00065749884
0.29949358	67.030136	0.88721299	0.00065749884
0.30015108	66.999115	0.89024031	0.00065752864
0.30080861	67.011749	0.88735843	0.00065749884
0.30146611	67.038109	0.89044398	0.00065749884
0.30212361	67.077156	0.89127713	0.00065749884
0.30278111	66.837746	0.88520956	0.00065749884
0.3034386	66.918953	0.89019728	0.00065752864
0.30409613	67.03624	0.88698304	0.00065749884
0.30475363	66.742439	0.88737828	0.00065749884
0.30541113	66.806274	0.8894068	0.00065749884
0.30606863	66.728554	0.89026761	0.00065749884
0.30672613	66.611984	0.89486605	0.00065752864
0.30738366	66.571922	0.89545965	0.00065749884
0.30804116	66.50267	0.90190154	0.00065749884
0.30869865	66.655037	0.90798485	0.00065749884
0.30935615	66.583145	0.9091168	0.00065749884
0.31001365	66.476067	0.91623539	0.00065752864
0.31067118	66.59787	0.9189623	0.00065749884
0.31132868	66.927574	0.93134743	0.00065749884
0.31198618	66.580177	0.92994088	0.00065749884
0.31264368	66.382454	0.93302214	0.00065752864
0.31330121	66.42382	0.94296408	0.00065749884
0.3139587	66.381279	0.94283521	0.00065749884
0.3146162	66.488472	0.95393169	0.00065749884
0.3152737	66.605446	0.96006685	0.00065749884
0.3159312	66.530502	0.96664894	0.00065752864
0.31658873	66.46376	0.97614175	0.00065749884
0.31724623	66.373978	0.97503328	0.00065749884
0.31790373	66.527824	0.99052763	0.00065749884
0.31856123	66.403397	0.99242198	0.00065749884
0.31921872	66.230713	1.0020007	0.00065752864
0.31987625	66.094543	1.007346	0.00065749884
0.32053375	66.283928	1.0183067	0.00065749884
0.32119125	66.292717	1.0328015	0.00065749884
0.32184875	66.277168	1.035706	0.00065749884
0.32250625	66.409317	1.0539824	0.00065752864
0.32316378	66.360023	1.0630186	0.00065749884
0.32382128	66.174339	1.0730649	0.00065749884
0.32447878	66.145531	1.0899314	0.00065749884
0.32513627	66.17289	1.0962017	0.00065752864
0.3257938	65.94812	1.1134534	0.00065749884
0.3264513	65.973457	1.1268038	0.00065749884
0.3271088	65.59388	1.1414955	0.00065749884
0.3277663	65.820786	1.1681284	0.00065749884
0.3284238	66.024727	1.1831685	0.00065752864
0.32908133	65.863022	1.2142819	0.00065749884
0.32973883	65.882187	1.2336518	0.00065749884
0.33039632	65.625275	1.2634238	0.00065749884
0.33105382	65.54937	1.2975595	0.00065749884
0.33171132	65.603302	1.3321973	0.00065752864
0.33236885	65.877022	1.3956453	0.00065749884
0.33302635	65.244041	1.4244145	0.00065749884
0.33368385	64.876335	1.5010531	0.00065749884
0.33434135	65.14637	1.5955869	0.00065749884
0.33499885	64.22065	1.7078322	0.00065752864
0.33565637	61.432304	1.8771135	0.00065749884
0.33631387	54.979752	2.1696923	0.00065749884
