     0.01103   2.909253E-002   1.621399E-003
     0.01170   3.005009E-002   1.399562E-003
     0.01237   2.830069E-002   1.270672E-003
     0.01304   2.757268E-002   1.023370E-003
     0.01371   2.591230E-002   9.745118E-004
     0.01438   2.491298E-002   8.872041E-004
     0.01505   2.524065E-002   8.114514E-004
     0.01572   2.403871E-002   7.596125E-004
     0.01638   2.330607E-002   8.029241E-004
     0.01705   2.262706E-002   7.251587E-004
     0.01772   2.186837E-002   6.787043E-004
     0.01839   2.049651E-002   6.976778E-004
     0.01906   2.028567E-002   6.503619E-004
     0.01973   1.945150E-002   6.379684E-004
     0.02040   1.901962E-002   6.576735E-004
     0.02107   1.840556E-002   6.204531E-004
     0.02173   1.714515E-002   5.716309E-004
     0.02240   1.622174E-002   5.888279E-004
     0.02307   1.596462E-002   5.244709E-004
     0.02374   1.585131E-002   5.201883E-004
     0.02441   1.443167E-002   5.232319E-004
     0.02508   1.413828E-002   4.985479E-004
     0.02575   1.381185E-002   5.172283E-004
     0.02641   1.306889E-002   4.852053E-004
     0.02708   1.283980E-002   4.762917E-004
     0.02775   1.233294E-002   4.755773E-004
     0.02842   1.154142E-002   4.687897E-004
     0.02909   1.121044E-002   4.244313E-004
     0.02976   1.124016E-002   4.239437E-004
     0.03043   1.027837E-002   4.416025E-004
     0.03110   1.040208E-002   4.295021E-004
     0.03176   9.996038E-003   4.347401E-004
     0.03243   9.852848E-003   4.161245E-004
     0.03310   9.057411E-003   4.051063E-004
     0.03377   8.955064E-003   3.987246E-004
     0.03444   8.798880E-003   3.870315E-004
     0.03511   8.513691E-003   3.777245E-004
     0.03578   8.516013E-003   3.845267E-004
     0.03645   8.223474E-003   3.733214E-004
     0.03711   7.615158E-003   3.558882E-004
     0.03778   7.599326E-003   3.968199E-004
     0.03845   7.259376E-003   4.040416E-004
     0.03912   7.453674E-003   3.733009E-004
     0.03979   6.948775E-003   4.202520E-004
     0.04046   6.778278E-003   3.671718E-004
     0.04113   6.907859E-003   3.771270E-004
     0.04180   6.827761E-003   3.841449E-004
     0.04246   6.244885E-003   3.932199E-004
     0.04313   6.121640E-003   3.969579E-004
     0.04380   5.754511E-003   3.692795E-004
     0.04447   5.882827E-003   3.863456E-004
     0.04514   5.509366E-003   3.824041E-004
     0.04581   5.430787E-003   3.881956E-004
     0.04648   5.228418E-003   3.553982E-004
     0.04714   5.127290E-003   3.749165E-004
     0.04781   4.847844E-003   3.707921E-004
     0.04848   4.927417E-003   3.496174E-004
     0.04915   4.472059E-003   3.798600E-004
     0.04982   5.003235E-003   3.583777E-004
     0.05049   4.866161E-003   3.499797E-004
     0.05116   4.249701E-003   3.563998E-004
     0.05183   4.483854E-003   3.475426E-004
     0.05249   4.200073E-003   3.404889E-004
     0.05316   4.327882E-003   3.253445E-004
     0.05383   4.322776E-003   3.208378E-004
     0.05450   4.201908E-003   3.283509E-004
     0.05517   3.940856E-003   3.151594E-004
     0.05584   4.011411E-003   3.040357E-004
     0.05651   4.034442E-003   3.115501E-004
     0.05718   3.651763E-003   2.975698E-004
     0.05784   3.551879E-003   2.998999E-004
     0.05851   3.430199E-003   2.949240E-004
     0.05918   3.353617E-003   2.982199E-004
     0.05985   3.072026E-003   2.997334E-004
     0.06052   3.181976E-003   3.043023E-004
     0.06119   3.215855E-003   3.292068E-004
     0.06186   3.166639E-003   2.829304E-004
     0.06252   3.143117E-003   2.787220E-004
     0.06319   2.962498E-003   2.822232E-004
     0.06386   2.976273E-003   2.738040E-004
     0.06453   2.962394E-003   2.703461E-004
     0.06520   2.744612E-003   2.877523E-004
     0.06587   3.004459E-003   2.781118E-004
     0.06654   2.815928E-003   2.891799E-004
     0.06721   2.861564E-003   2.835306E-004
     0.06787   2.574289E-003   2.848630E-004
     0.06854   2.552632E-003   2.920218E-004
     0.06921   2.612982E-003   2.825394E-004
     0.06988   2.429799E-003   2.802606E-004
     0.07055   2.702462E-003   2.925968E-004
     0.07122   2.496569E-003   2.825252E-004
     0.07189   2.415704E-003   2.819320E-004
     0.07255   2.429704E-003   2.723259E-004
     0.07322   2.178316E-003   2.808901E-004
     0.07389   2.417132E-003   2.864959E-004
     0.07456   2.070900E-003   2.599134E-004
     0.07523   2.055307E-003   2.637291E-004
     0.07590   2.298558E-003   2.588891E-004
     0.07657   2.056143E-003   2.567673E-004
     0.07723   2.207443E-003   2.638123E-004
     0.07790   2.311486E-003   2.522871E-004
     0.07857   2.202592E-003   2.489089E-004
     0.07924   1.773007E-003   2.406784E-004
     0.07991   1.951833E-003   2.531196E-004
     0.08058   1.801531E-003   2.447680E-004
     0.08125   1.891854E-003   2.624544E-004
     0.08191   2.080374E-003   2.625046E-004
     0.08258   1.960848E-003   2.424386E-004
     0.08325   1.757183E-003   2.483829E-004
     0.08392   1.696473E-003   2.465419E-004
     0.08459   1.778932E-003   2.428366E-004
     0.08526   1.735850E-003   2.328318E-004
     0.08593   1.822371E-003   2.364279E-004
     0.08660   1.748842E-003   2.445792E-004
     0.08726   1.533981E-003   2.311260E-004
     0.08793   1.726160E-003   2.379698E-004
     0.08860   1.587472E-003   2.333318E-004
     0.08927   1.620402E-003   2.349924E-004
     0.08994   1.640228E-003   2.392123E-004
     0.09061   1.511647E-003   2.323552E-004
     0.09128   1.472126E-003   2.304894E-004
     0.09194   1.490235E-003   2.325560E-004
     0.09261   1.613572E-003   2.256037E-004
     0.09328   1.547491E-003   2.392982E-004
     0.09395   1.435751E-003   2.314841E-004
     0.09462   1.647693E-003   2.371232E-004
     0.09529   1.175339E-003   2.371386E-004
     0.09596   1.681084E-003   2.371498E-004
     0.09662   1.550569E-003   2.343540E-004
     0.09729   1.548057E-003   2.240012E-004
     0.09796   1.462224E-003   2.370539E-004
     0.09863   1.545199E-003   2.349835E-004
     0.09930   1.294499E-003   2.371584E-004
     0.09997   1.556981E-003   2.317118E-004
     0.10063   1.406511E-003   2.392234E-004
     0.10130   1.171528E-003   2.347084E-004
     0.10197   1.388829E-003   2.338081E-004
     0.10264   1.287941E-003   2.359912E-004
     0.10331   1.218779E-003   2.306596E-004
     0.10398   1.248854E-003   2.331522E-004
     0.10465   1.348172E-003   2.344640E-004
     0.10531   1.370269E-003   2.311426E-004
     0.10598   1.252090E-003   2.282529E-004
     0.10665   1.364484E-003   2.296181E-004
     0.10732   9.584200E-004   2.280809E-004
     0.10799   1.115877E-003   2.291077E-004
     0.10866   1.198620E-003   2.224919E-004
     0.10933   1.118184E-003   2.194348E-004
     0.10999   1.015857E-003   2.133756E-004
     0.11066   1.224378E-003   2.182683E-004
     0.11133   1.048287E-003   2.179845E-004
     0.11200   9.390403E-004   2.065133E-004
     0.11267   9.355487E-004   2.082506E-004
     0.11334   1.129372E-003   2.096826E-004
     0.11400   9.799747E-004   2.120287E-004
     0.11467   9.699888E-004   2.162092E-004
     0.11534   9.141545E-004   2.076329E-004
     0.11601   1.125297E-003   2.068450E-004
     0.11668   1.067425E-003   2.065046E-004
     0.11735   9.602863E-004   2.071141E-004
     0.11802   9.979765E-004   1.980824E-004
     0.11868   1.060908E-003   2.074757E-004
     0.11935   9.276643E-004   2.161581E-004
     0.12002   9.717468E-004   2.047731E-004
     0.12069   1.013203E-003   1.974571E-004
     0.12136   9.182362E-004   2.095753E-004
     0.12203   9.058777E-004   2.035284E-004
     0.12269   9.899198E-004   1.988423E-004
     0.12336   8.609414E-004   1.999139E-004
     0.12403   6.523056E-004   2.080689E-004
     0.12470   8.654373E-004   2.080257E-004
     0.12537   8.587776E-004   2.122642E-004
     0.12604   8.470734E-004   2.011977E-004
     0.12671   9.859002E-004   1.954527E-004
     0.12737   7.688289E-004   1.982975E-004
     0.12804   7.882089E-004   1.940978E-004
     0.12871   8.695988E-004   1.954727E-004
     0.12938   9.347811E-004   1.920797E-004
     0.13005   6.992355E-004   2.010319E-004
     0.13072   8.164161E-004   1.952554E-004
     0.13138   9.260309E-004   2.006922E-004
     0.13205   8.504498E-004   1.962001E-004
     0.13272   6.882757E-004   1.861845E-004
     0.13339   7.542699E-004   2.009423E-004
     0.13406   7.987127E-004   1.886612E-004
     0.13473   7.836934E-004   1.960695E-004
     0.13539   9.340852E-004   1.960893E-004
     0.13606   8.834736E-004   1.911057E-004
     0.13673   7.760823E-004   1.999677E-004
     0.13740   6.757765E-004   1.836352E-004
     0.13807   9.011386E-004   1.874070E-004
     0.13874   7.274131E-004   1.797032E-004
     0.13940   7.204752E-004   1.887076E-004
     0.14007   7.907442E-004   1.867484E-004
     0.14074   5.635748E-004   1.836330E-004
     0.14141   8.052801E-004   1.865994E-004
     0.14208   7.889122E-004   1.899782E-004
     0.14275   6.874862E-004   1.814413E-004
     0.14341   7.915418E-004   1.836989E-004
     0.14408   6.713956E-004   1.806884E-004
     0.14475   7.182726E-004   1.826973E-004
     0.14542   7.066499E-004   1.850879E-004
     0.14609   6.881742E-004   1.833315E-004
     0.14676   7.109190E-004   1.815060E-004
     0.14742   5.739781E-004   1.826973E-004
     0.14809   6.450559E-004   1.784880E-004
     0.14876   6.511459E-004   1.788352E-004
     0.14943   4.936521E-004   1.785020E-004
     0.15010   5.679926E-004   1.799042E-004
     0.15077   6.217160E-004   1.759174E-004
     0.15143   6.343339E-004   1.803502E-004
     0.15210   5.660120E-004   1.731853E-004
     0.15277   6.870256E-004   1.803653E-004
     0.15344   5.756989E-004   1.747151E-004
     0.15411   3.936822E-004   1.721897E-004
     0.15478   5.758544E-004   1.770242E-004
     0.15544   5.171890E-004   1.726450E-004
     0.15611   6.255867E-004   1.830668E-004
     0.15678   6.068616E-004   1.752754E-004
     0.15745   6.197969E-004   1.728076E-004
     0.15812   6.263776E-004   1.720821E-004
     0.15878   7.043690E-004   1.818082E-004
     0.15945   4.747495E-004   1.733538E-004
     0.16012   4.188038E-004   1.697510E-004
     0.16079   5.144574E-004   1.733122E-004
     0.16146   5.581873E-004   1.711107E-004
     0.16213   5.722180E-004   1.717404E-004
     0.16279   5.315760E-004   1.650160E-004
     0.16346   5.687554E-004   1.699619E-004
     0.16413   5.885307E-004   1.682024E-004
     0.16480   5.720361E-004   1.660962E-004
     0.16547   5.681756E-004   1.717573E-004
     0.16613   5.249651E-004   1.688152E-004
     0.16680   4.122625E-004   1.661412E-004
     0.16747   5.602994E-004   1.682826E-004
     0.16814   5.658666E-004   1.780902E-004
     0.16881   5.018265E-004   1.651749E-004
     0.16948   6.242376E-004   1.645590E-004
     0.17014   4.763857E-004   1.656333E-004
     0.17081   4.381438E-004   1.639502E-004
     0.17148   6.646570E-004   1.652479E-004
     0.17215   3.040487E-004   1.643184E-004
     0.17282   6.569853E-004   1.740276E-004
     0.17348   4.547329E-004   1.700557E-004
     0.17415   5.292151E-004   1.615705E-004
     0.17482   5.012547E-004   1.608987E-004
     0.17549   5.257222E-004   1.641633E-004
     0.17616   5.424736E-004   1.624989E-004
     0.17683   4.866399E-004   1.667167E-004
     0.17749   4.885825E-004   1.612357E-004
     0.17816   4.359632E-004   1.662357E-004
     0.17883   3.909348E-004   1.652598E-004
     0.17950   4.526137E-004   1.646891E-004
     0.18017   5.886736E-004   1.641349E-004
     0.18083   4.583325E-004   1.624903E-004
     0.18150   4.523980E-004   1.706904E-004
     0.18217   4.600543E-004   1.735999E-004
     0.18284   3.369708E-004   1.644065E-004
     0.18351   4.592839E-004   1.810060E-004
     0.18417   5.208137E-004   1.737678E-004
     0.18484   3.848885E-004   1.683216E-004
     0.18551   3.367259E-004   1.660310E-004
     0.18618   4.059441E-004   1.741186E-004
     0.18685   5.060915E-004   1.751580E-004
     0.18751   3.242005E-004   1.679378E-004
     0.18818   1.867897E-004   1.696598E-004
     0.18885   5.112490E-004   1.612548E-004
     0.18952   5.072888E-004   1.663783E-004
     0.19019   4.299789E-004   1.676904E-004
     0.19085   3.245110E-004   1.614071E-004
     0.19152   3.523259E-004   1.643316E-004
     0.19219   4.461910E-004   1.703584E-004
     0.19286   2.905771E-004   1.601725E-004
     0.19353   3.945829E-004   1.578173E-004
     0.19419   3.894568E-004   1.531319E-004
     0.19486   5.347822E-004   1.574610E-004
     0.19553   3.874430E-004   1.566254E-004
     0.19620   3.147114E-004   1.589486E-004
     0.19687   3.783068E-004   1.558885E-004
     0.19753   4.146587E-004   1.560527E-004
     0.19820   5.071209E-004   1.610174E-004
     0.19887   4.429131E-004   1.552392E-004
     0.19954   5.865326E-004   1.567426E-004
     0.20021   3.256325E-004   1.536815E-004
     0.20087   4.979088E-004   1.549719E-004
     0.20154   4.470291E-004   1.517288E-004
     0.20221   3.141366E-004   1.532165E-004
     0.20288   4.028727E-004   1.531425E-004
     0.20355   4.613109E-004   1.516974E-004
     0.20421   3.962200E-004   1.534095E-004
     0.20488   3.918493E-004   1.537830E-004
     0.20555   2.945227E-004   1.500031E-004
     0.20622   3.317135E-004   1.490952E-004
     0.20688   4.969841E-004   1.504953E-004
     0.20755   5.395700E-004   1.565927E-004
     0.20822   3.529751E-004   1.554416E-004
     0.20889   2.433888E-004   1.503680E-004
     0.20956   4.218480E-004   1.511135E-004
     0.21022   2.814902E-004   1.506553E-004
     0.21089   4.680977E-004   1.509509E-004
     0.21156   3.511357E-004   1.501182E-004
     0.21223   3.552391E-004   1.541018E-004
     0.21290   3.965882E-004   1.503444E-004
     0.21356   3.258197E-004   1.495542E-004
     0.21423   5.370555E-004   1.475045E-004
     0.21490   3.716051E-004   1.536532E-004
     0.21557   3.408158E-004   1.482145E-004
     0.21623   4.910900E-004   1.538311E-004
     0.21690   2.638290E-004   1.465433E-004
     0.21757   3.455978E-004   1.460268E-004
     0.21824   3.557488E-004   1.500014E-004
     0.21891   3.866298E-004   1.424576E-004
     0.21957   3.659115E-004   1.437916E-004
     0.22024   2.200351E-004   1.459190E-004
     0.22091   2.942845E-004   1.436873E-004
     0.22158   4.694214E-004   1.439241E-004
     0.22224   3.638477E-004   1.508676E-004
     0.22291   1.917930E-004   1.450656E-004
     0.22358   3.768047E-004   1.471085E-004
     0.22425   2.873645E-004   1.443040E-004
     0.22492   3.302520E-004   1.431110E-004
     0.22558   2.871019E-004   1.418488E-004
     0.22625   2.631713E-004   1.446283E-004
     0.22692   3.299906E-004   1.486026E-004
     0.22759   3.028944E-004   1.424827E-004
     0.22825   3.188218E-004   1.415475E-004
     0.22892   3.572438E-004   1.424646E-004
     0.22959   2.370420E-004   1.390554E-004
     0.23026   3.241988E-004   1.401669E-004
     0.23092   3.976826E-004   1.416839E-004
     0.23159   2.231450E-004   1.456817E-004
     0.23226   3.602350E-004   1.393180E-004
     0.23293   4.421069E-004   1.417321E-004
     0.23359   3.502241E-004   1.469301E-004
     0.23426   3.035898E-004   1.396671E-004
     0.23493   2.808775E-004   1.432100E-004
     0.23560   3.081677E-004   1.413851E-004
     0.23627   3.619993E-004   1.387948E-004
     0.23693   3.361791E-004   1.451475E-004
     0.23760   2.665832E-004   1.416961E-004
     0.23827   3.020832E-004   1.425251E-004
     0.23894   3.423404E-004   1.399170E-004
     0.23960   3.258094E-004   1.429087E-004
     0.24027   2.390741E-004   1.419688E-004
     0.24094   2.997367E-004   1.463260E-004
     0.24161   1.693464E-004   1.432271E-004
     0.24227   2.654434E-004   1.452023E-004
     0.24294   3.548101E-004   1.417095E-004
     0.24361   2.161675E-004   1.417262E-004
     0.24428   2.576018E-004   1.440859E-004
     0.24494   4.085275E-004   1.424984E-004
     0.24561   2.585406E-004   1.411845E-004
     0.24628   2.808234E-004   1.447442E-004
     0.24695   2.807493E-004   1.429087E-004
     0.24761   1.767943E-004   1.430687E-004
     0.24828   4.572642E-004   1.434918E-004
     0.24895   3.359360E-004   1.392026E-004
     0.24962   1.945509E-004   1.421513E-004
     0.25028   2.123593E-004   1.405183E-004
     0.25095   2.658279E-004   1.395888E-004
     0.25162   1.936426E-004   1.419416E-004
     0.25229   2.253190E-004   1.387661E-004
     0.25295   1.887950E-004   1.374039E-004
     0.25362   3.049464E-004   1.365914E-004
     0.25429   2.086284E-004   1.354635E-004
     0.25496   3.157013E-004   1.350775E-004
     0.25562   3.566355E-004   1.331218E-004
     0.25629   2.644200E-004   1.365995E-004
     0.25696   1.926166E-004   1.335989E-004
     0.25763   2.662735E-004   1.344395E-004
     0.25829   4.284901E-004   1.330333E-004
     0.25896   3.891995E-004   1.345798E-004
     0.25963   4.093775E-004   1.346327E-004
     0.26029   2.350102E-004   1.371624E-004
     0.26096   3.885120E-004   1.402489E-004
     0.26163   1.666841E-004   1.356565E-004
     0.26230   2.416268E-004   1.375227E-004
     0.26296   2.266059E-004   1.359088E-004
     0.26363   1.467698E-004   1.379904E-004
     0.26430   2.367075E-004   1.385698E-004
     0.26497   1.745655E-004   1.399378E-004
     0.26563   2.908669E-004   1.376850E-004
     0.26630   2.867516E-004   1.364391E-004
     0.26697   2.601847E-004   1.368803E-004
     0.26764   3.167337E-004   1.444688E-004
     0.26830   2.605483E-004   1.394076E-004
     0.26897   2.107398E-004   1.403792E-004
     0.26964   4.479769E-004   1.464082E-004
     0.27030   2.521490E-004   1.385016E-004
     0.27097   1.599160E-004   1.386129E-004
     0.27164   3.345900E-004   1.375621E-004
     0.27231   1.967659E-004   1.373393E-004
     0.27297   1.227718E-004   1.389122E-004
     0.27364   2.878130E-004   1.371845E-004
     0.27431   1.914594E-004   1.359562E-004
     0.27497   2.457749E-004   1.371749E-004
     0.27564   3.363027E-004   1.366763E-004
     0.27631   3.121316E-004   1.371649E-004
     0.27698   2.986461E-004   1.346045E-004
     0.27764   2.824325E-004   1.408853E-004
     0.27831   2.510099E-004   1.386204E-004
     0.27898   1.927715E-004   1.405977E-004
     0.27965   2.377114E-004   1.398312E-004
     0.28031   2.459535E-004   1.355757E-004
     0.28098   3.307121E-004   1.361274E-004
     0.28165   2.577289E-004   1.380737E-004
     0.28231   1.248272E-004   1.337264E-004
     0.28298   2.843461E-004   1.348776E-004
     0.28365   2.505164E-004   1.363124E-004
     0.28431   9.209062E-005   1.362935E-004
     0.28498   2.157948E-004   1.356484E-004
     0.28565   1.647313E-004   1.346381E-004
     0.28632   2.535214E-004   1.349685E-004
     0.28698   2.459762E-004   1.399219E-004
     0.28765   3.749252E-004   1.471590E-004
     0.28832   3.344676E-004   1.332416E-004
     0.28898   2.424711E-004   1.372885E-004
     0.28965   2.547295E-004   1.339458E-004
     0.29032   2.685098E-004   1.381360E-004
     0.29099   2.030591E-004   1.357174E-004
     0.29165   1.816737E-004   1.325645E-004
     0.29232   3.337400E-004   1.320620E-004
     0.29299   1.936263E-004   1.327568E-004
     0.29365   2.539739E-004   1.285714E-004
     0.29432   2.475282E-004   1.357249E-004
     0.29499   1.707086E-004   1.350268E-004
     0.29565   1.677503E-004   1.387848E-004
     0.29632   2.067094E-004   1.334348E-004
     0.29699   1.402604E-004   1.331744E-004
     0.29766   1.742524E-004   1.369371E-004
     0.29832   3.184450E-004   1.318031E-004
     0.29899   1.539678E-004   1.306273E-004
     0.29966   2.306859E-004   1.352335E-004
     0.30032   3.728366E-004   1.341863E-004
     0.30099   2.147031E-004   1.337638E-004
     0.30166   1.604736E-004   1.349625E-004
     0.30232   1.872443E-004   1.359851E-004
     0.30299   2.508266E-004   1.342742E-004
     0.30366   2.018126E-004   1.319830E-004
     0.30432   3.007636E-004   1.354116E-004
     0.30499   2.289265E-004   1.309118E-004
     0.30566   1.600207E-004   1.396156E-004
     0.30632   4.693405E-004   1.458143E-004
     0.30699   2.497446E-004   1.379549E-004
     0.30766   2.704217E-004   1.330312E-004
     0.30833   2.458151E-004   1.307255E-004
     0.30899   2.129345E-004   1.321338E-004
     0.30966   8.395519E-005   1.344789E-004
     0.31033   2.444121E-004   1.361854E-004
     0.31099   2.500550E-004   1.373279E-004
     0.31166   3.530263E-004   1.352917E-004
     0.31233   1.963126E-004   1.323677E-004
     0.31299   1.617910E-004   1.305767E-004
     0.31366   2.078591E-004   1.302879E-004
     0.31433   2.019225E-004   1.333016E-004
     0.31499   2.486542E-004   1.280803E-004
     0.31566   2.092405E-004   1.342701E-004
     0.31633   1.648303E-004   1.313809E-004
     0.31699   1.637801E-004   1.284518E-004
     0.31766   2.187922E-004   1.260056E-004
     0.31833   1.379167E-004   1.293897E-004
     0.31899   1.974340E-004   1.296227E-004
     0.31966   2.215169E-004   1.303054E-004
     0.32033   1.509724E-004   1.345124E-004
     0.32099   1.507781E-004   1.310468E-004
     0.32166   1.861425E-004   1.362288E-004
     0.32233   2.054544E-004   1.320390E-004
     0.32299   1.282333E-004   1.360671E-004
     0.32366   1.811526E-004   1.360009E-004
     0.32433   6.015241E-005   1.341976E-004
     0.32499   1.871289E-004   1.349789E-004
     0.32566   1.787586E-004   1.385723E-004
     0.32633   2.369063E-004   1.387360E-004
     0.32699   2.471397E-004   1.341670E-004
     0.32766   2.301735E-004   1.343813E-004
     0.32833   2.231076E-004   1.352963E-004
     0.32899   2.420651E-004   1.379721E-004
     0.32966   2.434109E-004   1.337269E-004
     0.33033   2.851161E-004   1.371969E-004
     0.33099   3.529368E-005   1.346612E-004
     0.33166   1.882438E-004   1.363543E-004
     0.33232   1.762010E-004   1.339067E-004
     0.33299   2.188638E-004   1.385859E-004
     0.33366   2.354441E-004   1.336301E-004
     0.33432   1.990910E-004   1.365799E-004
     0.33499   1.536609E-004   1.378308E-004
     0.33566   1.949371E-004   1.373517E-004
     0.33632   1.540880E-004   1.446743E-004
     0.33699   1.685135E-004   1.406699E-004
     0.33766   2.195487E-004   1.376669E-004
     0.33832   1.870535E-004   1.423427E-004
     0.33899   1.116697E-004   1.401927E-004
     0.33966   2.083439E-004   1.361178E-004
     0.34032   1.331531E-004   1.392360E-004
     0.34099   1.844936E-004   1.412602E-004
     0.34165   2.539371E-004   1.395817E-004
     0.34232   6.214674E-005   1.372017E-004
     0.34299   7.984397E-005   1.415508E-004
     0.34365   1.723709E-004   1.425351E-004
     0.34432   2.498173E-004   1.419927E-004
     0.34499   1.133859E-004   1.435370E-004
     0.34565   1.224918E-004   1.399824E-004
     0.34632   1.472388E-004   1.356396E-004
     0.34699   1.630813E-004   1.375515E-004
     0.34765   1.832519E-004   1.482001E-004
     0.34832   2.414553E-004   1.393317E-004
     0.34898   1.997426E-004   1.406897E-004
     0.34965   2.415108E-004   1.402658E-004
     0.35032   2.170510E-004   1.418099E-004
     0.35098   3.001350E-004   1.430672E-004
     0.35165   1.257073E-004   1.377605E-004
     0.35232   1.683002E-004   1.394445E-004
     0.35298   7.560023E-005   1.485703E-004
     0.35365   1.242184E-004   1.548118E-004
     0.35431   2.683919E-004   1.451704E-004
     0.35498   1.603627E-004   1.396698E-004
     0.35565   1.445001E-004   1.408288E-004
     0.35631   1.634786E-004   1.383022E-004
     0.35698   2.796304E-004   1.462931E-004
     0.35764   1.028736E-004   1.409438E-004
     0.35831   1.467507E-004   1.391840E-004
     0.35898   4.801585E-005   1.425128E-004
     0.35964   2.073958E-004   1.382873E-004
     0.36031   3.294144E-004   1.376151E-004
     0.36098   1.704486E-004   1.498952E-004
     0.36164   1.134394E-004   1.461574E-004
     0.36231   1.594559E-004   1.460971E-004
     0.36297   1.288027E-004   1.436569E-004
     0.36364   7.284312E-005   1.477707E-004
     0.36431   2.091276E-004   1.443334E-004
     0.36497   1.207591E-004   1.443091E-004
     0.36564   2.745956E-005   1.399463E-004
     0.36630   8.453312E-005   1.385492E-004
     0.36697   2.324989E-004   1.523717E-004
     0.36764   1.100933E-004   1.468934E-004
     0.36830   3.456038E-004   1.427494E-004
     0.36897   1.398782E-004   1.461425E-004
     0.36963   2.301753E-004   1.421052E-004
     0.37030   1.200045E-004   1.405747E-004
     0.37097   1.732908E-004   1.398092E-004
     0.37163   1.587114E-004   1.458513E-004
     0.37230   1.284757E-004   1.406030E-004
     0.37296   1.576782E-004   1.427373E-004
     0.37363   1.995459E-004   1.477265E-004
     0.37430   1.641772E-004   1.384568E-004
     0.37496   1.444002E-004   1.489793E-004
     0.37563   1.699609E-004   1.421715E-004
     0.37629   9.859362E-005   1.397544E-004
     0.37696   1.574637E-004   1.442217E-004
     0.37762   7.813102E-005   1.443398E-004
     0.37829   1.532453E-004   1.498478E-004
     0.37896   1.465706E-004   1.454201E-004
     0.37962   2.818622E-005   1.571572E-004
     0.38029   3.753113E-005   1.580780E-004
     0.38095   2.250610E-004   1.468176E-004
     0.38162   1.027993E-004   1.556511E-004
     0.38229   2.738833E-004   1.501731E-004
     0.38295   8.579748E-005   1.548893E-004
     0.38362   8.403895E-005   1.538903E-004
     0.38428   1.847999E-004   1.518465E-004
     0.38495   2.043699E-004   1.595239E-004
     0.38561   1.381860E-004   1.607324E-004
     0.38628   1.436872E-004   1.522667E-004
     0.38695   9.975526E-005   1.571845E-004
     0.38761   1.230078E-004   1.552509E-004
     0.38828   1.466019E-004   1.545204E-004
     0.38894   2.314105E-004   1.557703E-004
     0.38961   2.016563E-004   1.589624E-004
     0.39027   1.686842E-004   1.583006E-004
     0.39094   1.650532E-004   1.553281E-004
     0.39160  -1.817484E-005   1.540989E-004
     0.39227   1.118370E-004   1.586121E-004
     0.39294   1.292588E-004   1.573246E-004
     0.39360   2.317447E-004   1.642282E-004
     0.39427   1.803097E-004   1.575663E-004
     0.39493   2.629287E-004   1.582915E-004
     0.39560   6.983120E-005   1.713034E-004
     0.39626   1.492702E-004   1.687341E-004
     0.39693   1.340690E-004   1.683907E-004
     0.39760   2.245371E-004   1.712667E-004
     0.39826   1.665223E-004   1.686158E-004
     0.39893   1.216363E-004   1.697082E-004
     0.39959   1.320186E-004   1.646965E-004
     0.40026   1.360237E-004   1.745112E-004
     0.40092   1.672594E-004   1.739078E-004
     0.40159   6.210444E-005   1.742278E-004
     0.40225   4.148071E-005   1.774320E-004
     0.40292   1.687318E-004   1.805005E-004
     0.40358   2.494818E-004   1.805121E-004
     0.40425   1.307393E-004   1.777045E-004
     0.40492   2.693985E-005   1.807472E-004
     0.40558   8.064556E-005   1.873406E-004
     0.40625   7.379698E-005   1.790031E-004
     0.40691   1.329919E-004   1.876257E-004
     0.40758   2.035178E-004   1.879026E-004
     0.40824   2.974475E-004   1.811387E-004
     0.40891   2.141546E-004   1.838330E-004
     0.40957   4.403425E-004   1.890497E-004
     0.41024   1.818381E-004   1.865357E-004
     0.41090   2.048649E-004   1.898008E-004
     0.41157   4.399853E-005   1.894227E-004
     0.41223  -4.786306E-006   2.010187E-004
     0.41290   1.953156E-004   1.974778E-004
     0.41356   2.814891E-004   1.970417E-004
     0.41423   2.216864E-004   2.010013E-004
     0.41490   7.099570E-005   1.996013E-004
     0.41556   1.653109E-004   1.974458E-004
     0.41623   1.572521E-004   2.012511E-004
     0.41689   1.684025E-005   2.015364E-004
     0.41756   7.995596E-005   1.996549E-004
     0.41822   2.436067E-004   2.062150E-004
     0.41889   7.584710E-005   1.980387E-004
     0.41955   1.314379E-004   1.988811E-004
     0.42022   1.310712E-004   2.021873E-004
     0.42088   1.206400E-004   2.104991E-004
     0.42155   1.800551E-004   2.054506E-004
     0.42221   4.705594E-005   2.045803E-004
     0.42288   3.342138E-004   2.096425E-004
     0.42354   6.101260E-005   2.106166E-004
     0.42421   1.648082E-004   2.146506E-004
     0.42487   7.971333E-005   2.109974E-004
     0.42554   3.332823E-004   2.144774E-004
     0.42620  -2.019852E-005   2.170111E-004
     0.42687   1.813402E-004   2.178753E-004
     0.42753  -4.948068E-005   2.221853E-004
     0.42820   3.180930E-005   2.299742E-004
     0.42886   1.948122E-004   2.423250E-004
     0.42953   2.530842E-004   2.247558E-004
     0.43019   1.603622E-004   2.219317E-004
     0.43086   6.935688E-005   2.269520E-004
     0.43152   3.873079E-004   2.304212E-004
     0.43219  -1.004002E-004   2.312243E-004
     0.43285   9.226832E-005   2.395372E-004
     0.43352   2.228472E-004   2.286421E-004
     0.43418   1.004300E-004   2.237744E-004
     0.43485   1.156035E-004   2.353369E-004
     0.43551   2.248762E-004   2.263051E-004
     0.43618   2.717285E-004   2.382089E-004
     0.43684   2.479438E-004   2.257428E-004
     0.43751   1.953928E-004   2.384738E-004
     0.43817   3.899638E-004   2.314155E-004
     0.43884   3.698744E-004   2.350321E-004
     0.43950   6.992879E-005   2.326481E-004
     0.44017   8.481637E-005   2.554683E-004
     0.44083   1.673819E-005   2.482374E-004
     0.44150   1.151471E-004   2.381048E-004
     0.44216   1.748298E-004   2.462048E-004
     0.44283  -8.525571E-005   2.440207E-004
     0.44349  -5.133856E-005   2.454437E-004
     0.44415   3.270300E-004   2.507678E-004
     0.44482   1.526528E-004   2.435110E-004
     0.44548  -3.234536E-004   2.637713E-004
     0.44615   3.576692E-004   2.513499E-004
     0.44681   3.976497E-004   2.764853E-004
     0.44748  -5.279460E-005   2.617890E-004
     0.44814   1.576129E-004   2.542187E-004
     0.44881   4.313104E-005   2.642338E-004
     0.44947   1.769187E-004   2.626915E-004
     0.45014   5.244003E-007   2.743535E-004
     0.45080   2.949608E-004   2.687841E-004
     0.45147   2.346546E-004   2.610178E-004
     0.45213   5.666071E-005   2.723939E-004
     0.45280  -7.244979E-006   2.604542E-004
     0.45346   3.707375E-004   2.706684E-004
     0.45412   2.003161E-004   2.772800E-004
     0.45479   1.629377E-004   2.712642E-004
     0.45545   1.973431E-004   2.893946E-004
     0.45612   4.132831E-004   3.105572E-004
     0.45678  -1.656726E-005   2.844878E-004
     0.45745   7.839580E-005   2.871763E-004
     0.45811  -7.062952E-005   2.811160E-004
     0.45878   5.401370E-005   2.777667E-004
     0.45944  -8.028577E-005   2.833846E-004
     0.46010   3.848631E-004   2.984187E-004
     0.46077   1.345086E-004   2.855330E-004
     0.46143  -3.918843E-005   3.012012E-004
     0.46210   2.729956E-004   2.855172E-004
     0.46276   2.984647E-004   2.930992E-004
     0.46343   8.661424E-005   2.974671E-004
     0.46409   3.350993E-004   2.948488E-004
     0.46476   2.550593E-004   3.055328E-004
     0.46542   8.692492E-005   2.887440E-004
     0.46608   5.621928E-005   2.919830E-004
     0.46675   2.410498E-004   2.925477E-004
     0.46741   1.561090E-004   3.011917E-004
     0.46808   2.842890E-004   3.099323E-004
     0.46874   2.501943E-004   3.028238E-004
     0.46941   8.520432E-005   3.141647E-004
     0.47007   1.795396E-004   3.037636E-004
     0.47073   2.432389E-004   3.315286E-004
     0.47140   1.886281E-004   3.280744E-004
     0.47206   1.087284E-004   2.899762E-004
     0.47273   1.682760E-004   3.144959E-004
     0.47339   3.516977E-004   3.195575E-004
     0.47406   9.492010E-005   3.083243E-004
     0.47472   2.263859E-004   3.167062E-004
     0.47538   1.781553E-004   3.147613E-004
     0.47605   2.922187E-004   3.418332E-004
     0.47671   6.235068E-005   3.509954E-004
     0.47738   9.982084E-005   3.421200E-004
     0.47804  -2.559127E-004   3.234435E-004
     0.47870  -5.739700E-005   3.492613E-004
     0.47937   2.277216E-004   3.607806E-004
     0.48003   3.919408E-004   3.386748E-004
     0.48070   3.244028E-004   3.438146E-004
     0.48136   2.591203E-004   3.462109E-004
     0.48202  -1.849807E-005   3.704167E-004
     0.48269  -2.496436E-004   3.820589E-004
     0.48335   4.498407E-004   3.515455E-004
     0.48402  -4.795611E-005   3.817957E-004
     0.48468  -9.475935E-005   3.735375E-004
     0.48534  -2.555444E-004   3.724245E-004
     0.48601   1.687983E-004   3.641256E-004
     0.48667   4.698282E-004   3.661534E-004
     0.48734   2.404373E-004   3.655441E-004
     0.48800   3.364629E-004   3.706822E-004
     0.48866   2.087904E-004   3.709555E-004
     0.48933   1.597650E-004   3.879291E-004
     0.48999  -1.245519E-004   3.929914E-004
     0.49066  -1.875740E-005   4.101565E-004
     0.49132   4.732306E-005   4.052480E-004
     0.49198  -1.768464E-005   4.038090E-004
     0.49265   2.383758E-004   4.053043E-004
     0.49331   3.562637E-004   3.938789E-004
     0.49397  -1.454143E-004   4.061792E-004
     0.49464  -2.009423E-004   4.365428E-004
     0.49530   2.233362E-005   4.193773E-004
     0.49597  -1.100621E-004   4.162780E-004
     0.49663   7.388288E-005   4.015893E-004
     0.49729   5.014218E-004   4.485928E-004
     0.49796   1.433770E-005   4.705032E-004
     0.49862   1.756304E-004   4.591423E-004
     0.49928  -7.267923E-005   4.504056E-004
     0.49995  -6.760633E-005   4.717877E-004
     0.50061  -8.016548E-005   6.035147E-004
     0.50128   4.228127E-004   5.126893E-004
     0.50194   1.476777E-004   5.137776E-004
     0.50260   3.468837E-004   4.777173E-004
     0.50327   2.433086E-004   4.983729E-004
     0.50393   2.115752E-004   5.102082E-004
     0.50459   2.654224E-004   4.937896E-004
     0.50526   4.181820E-004   5.368312E-004
     0.50592  -1.987706E-004   4.810866E-004
     0.50658  -6.013731E-004   6.148734E-004
     0.50725   1.650320E-004   5.108606E-004
     0.50791   1.598941E-004   5.688398E-004
     0.50857  -7.572042E-005   5.703102E-004
     0.50924   2.956101E-004   5.579830E-004
     0.50990   3.127995E-004   6.102657E-004
     0.51057   1.857737E-004   5.486965E-004
     0.51123  -1.703807E-005   6.171598E-004
     0.51189  -2.912877E-004   5.732681E-004
     0.51256   4.849015E-004   5.803613E-004
     0.51322   1.453034E-004   6.361130E-004
     0.51388  -6.114455E-004   5.743697E-004
     0.51455   5.313863E-005   6.218346E-004
     0.51521  -1.952340E-004   5.893264E-004
     0.51587   2.431837E-004   6.670923E-004
     0.51654   4.818515E-005   6.204758E-004
     0.51720   3.307006E-004   6.436534E-004
     0.51786   5.054265E-005   8.020582E-004
     0.51853  -3.771819E-004   5.935553E-004
     0.51919   6.710654E-004   7.136588E-004
     0.51985   2.724929E-004   6.701216E-004
     0.52052   2.612804E-004   6.317330E-004
     0.52118  -4.629646E-004   7.483380E-004
     0.52184   3.827026E-004   6.585656E-004
     0.52250  -5.011816E-004   8.242623E-004
     0.52317   2.615154E-004   6.745879E-004
     0.52383   2.838093E-004   7.936866E-004
     0.52449  -3.642235E-004   7.464132E-004
     0.52516   5.977470E-004   8.347532E-004
     0.52582   7.525994E-005   8.666940E-004
     0.52648   4.089731E-004   7.768858E-004
     0.52715   2.996114E-004   8.513979E-004
     0.52781   9.719689E-005   8.901102E-004
     0.52847  -2.322164E-006   9.351643E-004
     0.52914   3.985588E-004   1.022253E-003
     0.52980   2.847820E-005   8.307130E-004
     0.53046  -3.992879E-004   8.362324E-004
     0.53113  -7.054145E-005   7.529729E-004
     0.53179   2.969234E-004   9.606648E-004
     0.53245  -1.852203E-004   9.822858E-004
     0.53311  -4.495124E-004   1.011522E-003
     0.53378  -3.194386E-004   9.624136E-004
     0.53444   6.622328E-004   1.025797E-003
     0.53510   2.996706E-004   1.288100E-003
     0.53577  -1.465296E-004   1.223887E-003
     0.53643   5.450839E-004   1.033181E-003
     0.53709  -4.261869E-004   1.289834E-003
     0.53775   7.058169E-004   1.172114E-003
     0.53842  -5.882068E-004   1.194259E-003
     0.53908  -2.499351E-004   1.568763E-003
     0.53974  -2.222085E-004   1.342624E-003
     0.54041   2.664713E-004   1.445143E-003
     0.54107  -1.653763E-004   1.208202E-003
     0.54173  -2.613355E-004   2.280721E-003
     0.54239   7.754161E-005   1.778530E-003
     0.54306   8.359230E-004   1.366652E-003
     0.54372   2.178237E-003   2.920278E-003
     0.54438   1.375605E-003   2.411472E-003
