 RANCH  Version 1.3
 Start:  Thu Sep  6 15:52:54 2012
 Chain type:                  Random
 Sequence file name           2fn_32-2386.seq                                             
 Number of residues          4710
 Number of domains            10
 Domain number           1 :  b.pdb                                                       
 Domain number           2 :  c.pdb                                                       
 Domain number           3 :  e.pdb                                                       
 Domain number           4 :  g.pdb                                                       
 Domain number           5 :  h.pdb                                                       
 Domain number           6 :  b.pdb                                                       
 Domain number           7 :  c.pdb                                                       
 Domain number           8 :  e.pdb                                                       
 Domain number           9 :  g.pdb                                                       
 Domain number          10 :  h.pdb                                                       
 Extension of pdb files       web.pdb                                                     
 Experimental data filename   088_2.dat                                                   
 Structure number         Seed
       1                155251000
       2               1775028092
       3               1186752408
       4                135069040
       5                  2216987
       6                754311749
       7               2081336655
       8               1100434497
       9                385000025
      10                182860134
      11               1683115479
      12                 96579269
      13                337042788
      14                538501973
      15                860243873
      16                118698067
      17               2098771989
      18                854496999
      19               1258058901
      20               1941447129
      21                957391404
      22                 14188041
      23               1476236921
      24                946709496
      25                390087212
      26               1375524561
      27               1676365858
      28                752457016
      29                390075129
      30                778276298
      31               1276502359
      32                700264511
      33                294305463
      34               1107721528
      35                849216340
      36                902077389
      37               1625254874
      38                675745148
      39               1608085258
      40               1231441850
      41                463592649
      42               1764874205
      43               2019869502
      44               1976895514
      45               1677391870
      46                597115061
      47               1103401976
      48               1403324941
      49               1507226516
      50               1589586953
      51                319981548
      52               1792825240
      53                126645170
      54               1627599583
      55               1922621357
      56               1679161059
      57                501214776
      58                765871968
      59               1995870552
      60               1826834742
      61                621525320
      62               1003545889
      63               1128182753
      64                692084040
      65                269042010
      66               1715774843
      67                573645436
      68               1224335956
      69                646401133
      70               1908808934
      71                733006847
      72               2032184811
      73               1267728878
      74               1593792357
      75                677692351
      76               1578785724
      77               1330114415
      78               2026496281
      79                622491000
      80               1260011294
      81               1642494855
      82               1220810100
      83               1039314725
      84                152740958
      85                575187153
      86               1202899498
      87               1763187876
      88                992041762
      89                321361921
      90                707303939
      91                261134534
      92               1959418847
      93               1600610514
      94                986702272
      95               1314685628
      96               1488103068
      97                588376951
      98                627448768
      99                256809407
     100               1907250953
     101                287524334
     102               1226890607
     103                277279848
     104                  9487001
     105               2032851499
     106                815280701
     107                307350616
     108                951420438
     109               1595556941
     110                100344844
     111               2036687180
     112                679575303
     113                680395914
     114                423872885
     115                311051178
     116                793675970
     117               1326376586
     118               1956962224
     119                526195402
     120               1915087289
     121                875955280
     122               1432712242
     123               1694342100
     124                843561295
     125               1156197434
     126               1516604216
     127               1747615573
     128               1750071875
     129                611303955
     130               1274370672
     131                941900628
     132               1655084381
     133                467308260
     134                818240739
     135               1619876820
     136               1902932250
     137               1180998535
     138               1448588019
     139                153845625
     140               1295286605
     141                604590761
     142                273414319
     143               1702158914
     144               1417710222
     145               1808527768
     146               2080436957
     147               1888599477
     148               1856895410
     149               1994751711
     150               1065166627
     151                369741104
     152               1060970606
     153               1493759169
     154               1228263677
     155                985164906
     156                359603733
     157               2096632541
     158               2134001335
     159               1091267869
     160               1441143656
     161                685850676
     162                 95418037
     163                902039232
     164                412971939
     165                873151835
     166                326050761
     167               2065292264
     168                845507069
     169                 56138202
     170                 92230847
     171                631127923
     172               1538975795
     173               1963669897
     174                149900429
     175               1235978399
     176                990385266
     177               1666198967
     178               1400246629
     179               1822489443
     180               1414630171
     181               1979503463
     182                880699083
     183               2055283090
     184               1524892357
     185               2135315000
     186               1858927980
     187               1708336355
     188               1512369129
     189               2077494789
     190               1067570558
     191               1857566674
     192               1120294207
     193               1596404321
     194               1021396216
     195                 14715669
     196               1341125932
     197                391552060
     198                977342988
     199                 29524489
     200               1334166903
     201                421010421
     202               1052710045
     203                955512277
