  3.582730e-03   7.540131e+00   5.677233e-02
  4.060420e-03   7.539656e+00   2.113795e-02
  4.538120e-03   7.536637e+00   1.814501e-02
  5.015820e-03   7.532056e+00   1.773435e-02
  5.493510e-03   7.526840e+00   1.770912e-02
  5.971210e-03   7.521144e+00   1.770458e-02
  6.448900e-03   7.514978e+00   1.769841e-02
  6.926600e-03   7.508344e+00   1.769226e-02
  7.404300e-03   7.501243e+00   1.768636e-02
  7.881990e-03   7.493675e+00   1.767884e-02
  8.359690e-03   7.485642e+00   1.767136e-02
  8.837390e-03   7.477147e+00   1.766420e-02
  9.315080e-03   7.468190e+00   1.765570e-02
  9.792780e-03   7.458773e+00   1.764588e-02
  1.027050e-02   7.448898e+00   1.763783e-02
  1.074820e-02   7.438567e+00   1.762803e-02
  1.122590e-02   7.427782e+00   1.761761e-02
  1.170360e-02   7.416543e+00   1.760555e-02
  1.218130e-02   7.404858e+00   1.760044e-02
  1.265890e-02   7.392724e+00   1.758371e-02
  1.313660e-02   7.380142e+00   1.757270e-02
  1.361430e-02   7.367117e+00   1.756084e-02
  1.409200e-02   7.353651e+00   1.754813e-02
  1.456970e-02   7.339748e+00   1.753493e-02
  1.504740e-02   7.325408e+00   1.752128e-02
  1.552510e-02   7.310635e+00   1.750716e-02
  1.600280e-02   7.295431e+00   1.749260e-02
  1.648050e-02   7.279800e+00   1.747758e-02
  1.695820e-02   7.263744e+00   1.746209e-02
  1.743590e-02   7.247266e+00   1.744615e-02
  1.791360e-02   7.230369e+00   1.742975e-02
  1.839130e-02   7.213057e+00   1.741286e-02
  1.886900e-02   7.195333e+00   1.739526e-02
  1.934670e-02   7.177196e+00   1.737594e-02
  1.982440e-02   7.158660e+00   1.736345e-02
  2.030200e-02   7.139721e+00   1.733946e-02
  2.077970e-02   7.120380e+00   1.732108e-02
  2.125740e-02   7.100642e+00   1.730185e-02
  2.173510e-02   7.080513e+00   1.728176e-02
  2.221280e-02   7.059995e+00   1.726114e-02
  2.269050e-02   7.039094e+00   1.724006e-02
  2.316820e-02   7.017811e+00   1.721849e-02
  2.364590e-02   6.996151e+00   1.719643e-02
  2.412360e-02   6.974118e+00   1.717364e-02
  2.460130e-02   6.951713e+00   1.714914e-02
  2.507900e-02   6.928950e+00   1.713135e-02
  2.555660e-02   6.905826e+00   1.710220e-02
  2.603430e-02   6.882341e+00   1.707856e-02
  2.651200e-02   6.858502e+00   1.705406e-02
  2.698970e-02   6.834315e+00   1.702868e-02
  2.746740e-02   6.809784e+00   1.700276e-02
  2.794510e-02   6.784913e+00   1.697609e-02
  2.842280e-02   6.759703e+00   1.694773e-02
  2.890050e-02   6.734171e+00   1.692598e-02
  2.937810e-02   6.708310e+00   1.689298e-02
  2.985580e-02   6.682123e+00   1.686542e-02
  3.033350e-02   6.655618e+00   1.683698e-02
  3.081120e-02   6.628800e+00   1.680766e-02
  3.128890e-02   6.601674e+00   1.677755e-02
  3.176660e-02   6.574241e+00   1.674574e-02
  3.224430e-02   6.546518e+00   1.672045e-02
  3.272190e-02   6.518500e+00   1.668405e-02
  3.319960e-02   6.490188e+00   1.665300e-02
  3.367730e-02   6.461590e+00   1.662106e-02
  3.415500e-02   6.432712e+00   1.658800e-02
  3.463270e-02   6.403557e+00   1.655320e-02
  3.511040e-02   6.374141e+00   1.652485e-02
  3.558800e-02   6.344460e+00   1.648549e-02
  3.606570e-02   6.314512e+00   1.645140e-02
  3.654340e-02   6.284308e+00   1.641620e-02
  3.702110e-02   6.253852e+00   1.637894e-02
  3.749880e-02   6.223162e+00   1.634802e-02
  3.797640e-02   6.192230e+00   1.630620e-02
  3.845410e-02   6.161058e+00   1.626959e-02
  3.893180e-02   6.129655e+00   1.623186e-02
  3.940950e-02   6.098024e+00   1.619209e-02
  3.988720e-02   6.066185e+00   1.615858e-02
  4.036480e-02   6.034130e+00   1.611427e-02
  4.084250e-02   6.001860e+00   1.607488e-02
  4.132020e-02   5.969381e+00   1.603348e-02
  4.179790e-02   5.936716e+00   1.599794e-02
  4.227550e-02   5.903855e+00   1.595168e-02
  4.275320e-02   5.870800e+00   1.591027e-02
  4.323090e-02   5.837557e+00   1.586686e-02
  4.370860e-02   5.804149e+00   1.582925e-02
  4.418620e-02   5.770566e+00   1.578104e-02
  4.466390e-02   5.736809e+00   1.573762e-02
  4.514160e-02   5.702886e+00   1.569222e-02
  4.561930e-02   5.668818e+00   1.565254e-02
  4.609690e-02   5.634596e+00   1.560215e-02
  4.657460e-02   5.600218e+00   1.555562e-02
  4.705230e-02   5.565709e+00   1.551478e-02
  4.752990e-02   5.531063e+00   1.546322e-02
  4.800760e-02   5.496280e+00   1.541632e-02
  4.848530e-02   5.461366e+00   1.536749e-02
  4.896300e-02   5.426344e+00   1.532426e-02
  4.944060e-02   5.391206e+00   1.527054e-02
  4.991830e-02   5.355947e+00   1.522059e-02
  5.039600e-02   5.320594e+00   1.517619e-02
  5.087360e-02   5.285139e+00   1.512111e-02
  5.135130e-02   5.249580e+00   1.506973e-02
  5.182900e-02   5.213942e+00   1.502385e-02
  5.230660e-02   5.178219e+00   1.496739e-02
  5.278430e-02   5.142405e+00   1.491458e-02
  5.326200e-02   5.106528e+00   1.486701e-02
  5.373960e-02   5.070577e+00   1.480813e-02
  5.421730e-02   5.034567e+00   1.476015e-02
  5.469490e-02   4.998495e+00   1.470178e-02
  5.517260e-02   4.962359e+00   1.464671e-02
  5.565030e-02   4.926185e+00   1.459676e-02
  5.612790e-02   4.889961e+00   1.453569e-02
  5.660560e-02   4.853704e+00   1.448533e-02
  5.708320e-02   4.817408e+00   1.442479e-02
  5.756090e-02   4.781073e+00   1.436749e-02
  5.803860e-02   4.744723e+00   1.431522e-02
  5.851620e-02   4.708349e+00   1.425205e-02
  5.899390e-02   4.672066e+00   1.494196e-02
  5.947150e-02   4.636471e+00   2.728685e-02
  5.994920e-02   4.572850e+00   1.400740e-01
  6.042680e-02   4.564382e+00   5.102346e-02
  6.090450e-02   4.548505e+00   2.656470e-02
  6.138210e-02   4.514853e+00   2.039356e-02
  6.185980e-02   4.481652e+00   2.022817e-02
  6.233740e-02   4.451592e+00   2.024660e-02
  6.281510e-02   4.388095e+00   2.019294e-02
  6.329270e-02   4.341830e+00   2.013524e-02
  6.377040e-02   4.308017e+00   2.009336e-02
  6.424800e-02   4.265706e+00   2.002859e-02
  6.472570e-02   4.221382e+00   1.996267e-02
  6.520330e-02   4.179737e+00   1.989503e-02
  6.568100e-02   4.140629e+00   1.980192e-02
  6.615860e-02   4.095685e+00   1.974288e-02
  6.663630e-02   4.045638e+00   1.973492e-02
  6.711390e-02   4.016308e+00   1.976532e-02
  6.759160e-02   3.989947e+00   1.970391e-02
  6.806920e-02   3.951895e+00   1.961468e-02
  6.854680e-02   3.917517e+00   1.952715e-02
  6.902450e-02   3.888421e+00   1.945718e-02
  6.950210e-02   3.837122e+00   1.935951e-02
  6.997980e-02   3.793495e+00   1.935082e-02
  7.045740e-02   3.759595e+00   1.952083e-02
  7.093500e-02   3.720462e+00   1.959507e-02
  7.141270e-02   3.685240e+00   1.954484e-02
  7.189030e-02   3.648552e+00   1.941842e-02
  7.236790e-02   3.624122e+00   1.930869e-02
  7.284560e-02   3.595154e+00   1.921003e-02
  7.332320e-02   3.534012e+00   1.902543e-02
  7.380080e-02   3.489050e+00   1.887502e-02
  7.427850e-02   3.456897e+00   1.878229e-02
  7.475610e-02   3.425688e+00   1.869610e-02
  7.523370e-02   3.394939e+00   1.857095e-02
  7.571140e-02   3.361062e+00   1.846722e-02
  7.618900e-02   3.306628e+00   1.834417e-02
  7.666660e-02   3.269702e+00   1.824627e-02
  7.714430e-02   3.240672e+00   1.819547e-02
  7.762190e-02   3.215627e+00   1.816537e-02
  7.809950e-02   3.193145e+00   1.810352e-02
  7.857710e-02   3.168734e+00   1.802412e-02
  7.905480e-02   3.128445e+00   1.793826e-02
  7.953240e-02   3.081880e+00   1.782946e-02
  8.001000e-02   3.048300e+00   1.777047e-02
  8.048760e-02   3.015260e+00   1.770812e-02
  8.096520e-02   2.986781e+00   1.761805e-02
  8.144290e-02   2.945723e+00   1.754283e-02
  8.192050e-02   2.925374e+00   1.749052e-02
  8.239810e-02   2.895645e+00   1.742703e-02
  8.287570e-02   2.858983e+00   1.734220e-02
  8.335330e-02   2.818058e+00   1.726600e-02
  8.383090e-02   2.803142e+00   1.720547e-02
  8.430860e-02   2.794972e+00   1.719040e-02
  8.478620e-02   2.758004e+00   1.709706e-02
  8.526380e-02   2.698247e+00   1.698017e-02
  8.574140e-02   2.659947e+00   1.688587e-02
  8.621900e-02   2.621109e+00   1.680923e-02
  8.669660e-02   2.588372e+00   1.673824e-02
  8.717420e-02   2.557106e+00   1.667300e-02
  8.765180e-02   2.537353e+00   1.663152e-02
  8.812940e-02   2.504879e+00   1.654896e-02
  8.860700e-02   2.470724e+00   1.649317e-02
  8.908460e-02   2.447929e+00   1.642438e-02
  8.956220e-02   2.421418e+00   1.634646e-02
  9.003980e-02   2.407178e+00   1.627729e-02
  9.051740e-02   2.386241e+00   1.622368e-02
  9.099500e-02   2.346361e+00   1.614338e-02
  9.147260e-02   2.305394e+00   1.607563e-02
  9.195020e-02   2.281768e+00   1.601613e-02
  9.242780e-02   2.259364e+00   1.594395e-02
  9.290540e-02   2.229869e+00   1.587003e-02
  9.338300e-02   2.199726e+00   1.583163e-02
  9.386060e-02   2.189503e+00   1.578228e-02
  9.433820e-02   2.150986e+00   1.568384e-02
  9.481580e-02   2.097651e+00   1.558060e-02
  9.529340e-02   2.083069e+00   1.554828e-02
  9.577100e-02   2.061325e+00   1.549977e-02
  9.624860e-02   2.039617e+00   1.542859e-02
  9.672620e-02   2.019185e+00   1.537079e-02
  9.720370e-02   1.994425e+00   1.530621e-02
  9.768130e-02   1.969756e+00   1.525098e-02
  9.815890e-02   1.934689e+00   1.519239e-02
  9.863650e-02   1.897194e+00   1.511314e-02
  9.911410e-02   1.878557e+00   1.505962e-02
  9.959170e-02   1.863308e+00   1.500916e-02
  1.000690e-01   1.833902e+00   1.490925e-02
  1.005470e-01   1.817778e+00   1.491254e-02
  1.010240e-01   1.801596e+00   1.483581e-02
  1.015020e-01   1.770859e+00   1.475478e-02
  1.019800e-01   1.742252e+00   1.473884e-02
  1.024570e-01   1.714456e+00   1.465577e-02
  1.029350e-01   1.688453e+00   1.464352e-02
  1.034120e-01   1.664894e+00   1.455384e-02
  1.038900e-01   1.639784e+00   1.453838e-02
  1.043670e-01   1.612769e+00   1.442301e-02
  1.048450e-01   1.587844e+00   1.434193e-02
  1.053230e-01   1.562962e+00   1.431881e-02
  1.058000e-01   1.543322e+00   1.424029e-02
  1.062780e-01   1.538811e+00   1.426041e-02
  1.067550e-01   1.526029e+00   1.415751e-02
  1.072330e-01   1.491669e+00   1.411492e-02
  1.077100e-01   1.461483e+00   1.400185e-02
  1.081880e-01   1.443019e+00   1.401145e-02
  1.086650e-01   1.437493e+00   1.396244e-02
  1.091430e-01   1.421105e+00   1.392750e-02
  1.096210e-01   1.386728e+00   1.389114e-02
  1.100980e-01   1.365055e+00   1.376936e-02
  1.105760e-01   1.343575e+00   1.375862e-02
  1.110530e-01   1.327044e+00   1.368939e-02
  1.115310e-01   1.309019e+00   1.367353e-02
  1.120080e-01   1.284805e+00   1.358339e-02
  1.124860e-01   1.265566e+00   1.358484e-02
  1.129630e-01   1.245153e+00   1.350671e-02
  1.134410e-01   1.224490e+00   1.344359e-02
  1.139190e-01   1.205485e+00   1.342754e-02
  1.143960e-01   1.189434e+00   1.333363e-02
  1.148740e-01   1.171547e+00   1.333986e-02
  1.153510e-01   1.164116e+00   1.326823e-02
  1.158290e-01   1.141962e+00   1.327212e-02
  1.163060e-01   1.118929e+00   1.317768e-02
  1.167840e-01   1.093150e+00   1.315370e-02
  1.172610e-01   1.066480e+00   1.306392e-02
  1.177390e-01   1.048744e+00   1.305817e-02
  1.182160e-01   1.037966e+00   1.299361e-02
  1.186940e-01   1.026937e+00   1.299476e-02
  1.191710e-01   1.008905e+00   1.287959e-02
  1.196490e-01   9.937360e-01   1.286191e-02
  1.201260e-01   9.809518e-01   1.280553e-02
  1.206040e-01   9.742539e-01   1.278655e-02
  1.210820e-01   9.527021e-01   1.278225e-02
  1.215590e-01   9.270996e-01   1.266596e-02
  1.220370e-01   9.155733e-01   1.263870e-02
  1.225140e-01   9.055333e-01   1.258600e-02
  1.229920e-01   8.800410e-01   1.258933e-02
  1.234690e-01   8.641986e-01   1.250906e-02
  1.239470e-01   8.510753e-01   1.252479e-02
  1.244240e-01   8.386563e-01   1.245389e-02
  1.249020e-01   8.289491e-01   1.244102e-02
  1.253790e-01   8.084997e-01   1.233713e-02
  1.258570e-01   7.809307e-01   1.234304e-02
  1.263340e-01   7.646164e-01   1.226945e-02
  1.268120e-01   7.593991e-01   1.225723e-02
  1.272890e-01   7.494644e-01   1.220356e-02
  1.277670e-01   7.346583e-01   1.220923e-02
  1.282440e-01   7.178777e-01   1.213138e-02
  1.287220e-01   7.048104e-01   1.213633e-02
  1.291990e-01   6.930800e-01   1.205415e-02
  1.296770e-01   6.852628e-01   1.206538e-02
  1.301540e-01   6.740144e-01   1.199686e-02
  1.306320e-01   6.581001e-01   1.199448e-02
  1.311090e-01   6.450616e-01   1.190082e-02
  1.315870e-01   6.319068e-01   1.191246e-02
  1.320640e-01   6.217037e-01   1.187447e-02
  1.325420e-01   6.215549e-01   1.188171e-02
  1.330190e-01   6.089181e-01   1.179909e-02
  1.334970e-01   5.830597e-01   1.175709e-02
  1.339740e-01   5.671341e-01   1.167017e-02
  1.344520e-01   5.473144e-01   1.167763e-02
  1.349290e-01   5.460575e-01   1.162265e-02
  1.354070e-01   5.378897e-01   1.164780e-02
  1.358840e-01   5.233450e-01   1.157592e-02
  1.363620e-01   5.138611e-01   1.158015e-02
  1.368390e-01   5.077404e-01   1.151375e-02
  1.373170e-01   4.972467e-01   1.152516e-02
  1.377940e-01   4.900653e-01   1.151638e-02
  1.382710e-01   4.878221e-01   1.147543e-02
  1.387490e-01   4.756702e-01   1.148522e-02
  1.392260e-01   4.534419e-01   1.138897e-02
  1.397040e-01   4.481465e-01   1.137996e-02
  1.401810e-01   4.519904e-01   1.134058e-02
  1.406590e-01   4.507046e-01   1.132634e-02
  1.411360e-01   4.370862e-01   1.126134e-02
  1.416140e-01   4.194800e-01   1.127751e-02
  1.420910e-01   3.957693e-01   1.118535e-02
  1.425690e-01   3.875536e-01   1.118463e-02
  1.430460e-01   3.922309e-01   1.113908e-02
  1.435240e-01   3.865012e-01   1.115448e-02
  1.440010e-01   3.760539e-01   1.113525e-02
  1.444780e-01   3.726343e-01   1.108777e-02
  1.449560e-01   3.649802e-01   1.110283e-02
  1.454330e-01   3.558391e-01   1.104111e-02
  1.459110e-01   3.451860e-01   1.103765e-02
  1.463880e-01   3.335495e-01   1.097347e-02
  1.468660e-01   3.264986e-01   1.098926e-02
  1.473430e-01   3.204405e-01   1.102582e-02
  1.478210e-01   3.101645e-01   1.126323e-02
  1.482980e-01   3.065093e-01   1.145589e-02
  1.487750e-01   3.026339e-01   1.156279e-02
  1.492530e-01   2.938828e-01   1.171050e-02
  1.497300e-01   2.881113e-01   1.178690e-02
  1.502080e-01   2.755939e-01   1.191496e-02
  1.506850e-01   2.616534e-01   1.194596e-02
  1.511630e-01   2.529448e-01   1.204016e-02
  1.516400e-01   2.583953e-01   1.212059e-02
  1.521170e-01   2.600476e-01   1.217983e-02
  1.525950e-01   2.457657e-01   1.227013e-02
  1.530720e-01   2.385919e-01   1.225883e-02
  1.535500e-01   2.264688e-01   1.233343e-02
  1.540270e-01   2.239288e-01   1.236495e-02
  1.545050e-01   2.317941e-01   1.245668e-02
  1.549820e-01   2.287759e-01   1.251128e-02
  1.554590e-01   2.229104e-01   1.246718e-02
  1.559370e-01   2.100596e-01   1.230171e-02
  1.564140e-01   2.034401e-01   1.203627e-02
  1.568920e-01   1.995231e-01   1.184359e-02
  1.573690e-01   2.029848e-01   1.167033e-02
  1.578460e-01   1.988964e-01   1.152023e-02
  1.583240e-01   1.941680e-01   1.146591e-02
  1.588010e-01   1.924439e-01   1.134292e-02
  1.592790e-01   1.977714e-01   1.128072e-02
  1.597560e-01   1.903593e-01   1.117532e-02
  1.602330e-01   1.818790e-01   1.104455e-02
  1.607110e-01   1.785766e-01   1.101011e-02
  1.611880e-01   1.749490e-01   1.089772e-02
  1.616660e-01   1.685123e-01   1.086377e-02
  1.621430e-01   1.570708e-01   1.083263e-02
  1.626200e-01   1.609168e-01   1.077653e-02
  1.630980e-01   1.648784e-01   1.076544e-02
  1.635750e-01   1.608763e-01   1.069998e-02
  1.640520e-01   1.585813e-01   1.058617e-02
  1.645300e-01   1.539908e-01   1.057839e-02
  1.650070e-01   1.509609e-01   1.051496e-02
  1.654850e-01   1.445976e-01   1.053845e-02
  1.659620e-01   1.385411e-01   1.052030e-02
  1.664390e-01   1.357998e-01   1.047375e-02
  1.669170e-01   1.422226e-01   1.049504e-02
  1.673940e-01   1.434466e-01   1.047547e-02
  1.678710e-01   1.261415e-01   1.041482e-02
  1.683490e-01   1.147113e-01   1.042981e-02
  1.688260e-01   1.219441e-01   1.038697e-02
  1.693040e-01   1.200977e-01   1.039269e-02
  1.697810e-01   1.160233e-01   1.038367e-02
  1.702580e-01   1.203705e-01   1.033944e-02
  1.707360e-01   1.214870e-01   1.032083e-02
  1.712130e-01   1.123452e-01   1.029382e-02
  1.716900e-01   1.068949e-01   1.024733e-02
  1.721680e-01   1.049959e-01   1.026486e-02
  1.726450e-01   9.767112e-02   1.024894e-02
  1.731220e-01   1.037518e-01   1.022555e-02
  1.736000e-01   1.137337e-01   1.022982e-02
  1.740770e-01   1.166666e-01   1.021133e-02
  1.745540e-01   1.092685e-01   1.017465e-02
  1.750320e-01   1.016623e-01   1.017557e-02
  1.755090e-01   9.785458e-02   1.017061e-02
  1.759860e-01   9.170421e-02   1.011468e-02
  1.764640e-01   9.097522e-02   1.010767e-02
  1.769410e-01   8.560127e-02   1.009251e-02
  1.774180e-01   9.655618e-02   1.006245e-02
  1.778960e-01   9.301773e-02   1.008365e-02
  1.783730e-01   8.679469e-02   1.006604e-02
  1.788500e-01   7.940367e-02   1.003057e-02
  1.793280e-01   8.428504e-02   1.004761e-02
  1.798050e-01   8.780593e-02   1.004337e-02
  1.802820e-01   8.523856e-02   1.007394e-02
  1.807600e-01   7.744970e-02   1.029917e-02
  1.812370e-01   6.923450e-02   1.045147e-02
  1.817140e-01   6.805943e-02   1.055489e-02
  1.821920e-01   6.823492e-02   1.070700e-02
  1.826690e-01   7.918543e-02   1.081262e-02
  1.831460e-01   8.504003e-02   1.091454e-02
  1.836230e-01   8.146162e-02   1.090399e-02
  1.841010e-01   7.809461e-02   1.079593e-02
  1.845780e-01   7.971815e-02   1.061527e-02
  1.850550e-01   7.458838e-02   1.046475e-02
  1.855330e-01   6.402296e-02   1.041555e-02
  1.860100e-01   6.611705e-02   1.033726e-02
  1.864870e-01   7.272552e-02   1.027674e-02
  1.869640e-01   7.594841e-02   1.015787e-02
  1.874420e-01   7.128122e-02   1.008063e-02
  1.879190e-01   6.450127e-02   1.002077e-02
  1.883960e-01   6.141909e-02   9.931982e-03
  1.888740e-01   7.032222e-02   9.897880e-03
  1.893510e-01   6.873593e-02   9.841684e-03
  1.898280e-01   6.941148e-02   9.839898e-03
  1.903050e-01   7.743409e-02   9.826280e-03
  1.907830e-01   8.224323e-02   9.859898e-03
  1.912600e-01   7.847135e-02   9.850338e-03
  1.917370e-01   7.609676e-02   9.858587e-03
  1.922140e-01   7.181110e-02   9.819569e-03
  1.926920e-01   7.323785e-02   9.818990e-03
  1.931690e-01   7.752286e-02   9.801986e-03
  1.936460e-01   7.843216e-02   9.763209e-03
  1.941240e-01   7.166601e-02   9.780667e-03
  1.946010e-01   7.118981e-02   9.762484e-03
  1.950780e-01   7.354804e-02   9.752374e-03
  1.955550e-01   7.557406e-02   9.765597e-03
  1.960320e-01   7.374661e-02   9.703401e-03
  1.965100e-01   7.215200e-02   9.723416e-03
  1.969870e-01   6.997254e-02   9.716435e-03
  1.974640e-01   7.501178e-02   9.702439e-03
  1.979410e-01   7.574594e-02   9.655947e-03
  1.984190e-01   7.339468e-02   9.673603e-03
  1.988960e-01   7.185314e-02   9.669472e-03
  1.993730e-01   6.764008e-02   9.655485e-03
  1.998500e-01   6.262888e-02   9.603065e-03
  2.003280e-01   5.921333e-02   9.599258e-03
  2.008050e-01   5.874095e-02   9.596792e-03
  2.012820e-01   6.140858e-02   9.604314e-03
  2.017590e-01   6.443037e-02   9.582099e-03
  2.022360e-01   6.823140e-02   9.554649e-03
  2.027140e-01   6.471682e-02   9.563693e-03
  2.031910e-01   6.182772e-02   9.542331e-03
  2.036680e-01   6.247054e-02   9.543938e-03
  2.041450e-01   6.121959e-02   9.500093e-03
  2.046230e-01   6.264628e-02   9.508561e-03
  2.051000e-01   6.684174e-02   9.495737e-03
  2.055770e-01   6.635977e-02   9.491050e-03
  2.060540e-01   6.694980e-02   9.504583e-03
  2.065310e-01   6.713910e-02   9.453865e-03
  2.070090e-01   7.007869e-02   9.456116e-03
  2.074860e-01   6.438747e-02   9.439519e-03
  2.079630e-01   6.182530e-02   9.428205e-03
  2.084400e-01   5.064281e-02   9.407223e-03
  2.089170e-01   5.884557e-02   9.414638e-03
  2.093940e-01   7.380019e-02   9.380041e-03
  2.098720e-01   8.127139e-02   9.388716e-03
  2.103490e-01   7.808760e-02   9.376965e-03
  2.108260e-01   7.188004e-02   9.359995e-03
  2.113030e-01   6.733352e-02   9.345335e-03
  2.117800e-01   6.370131e-02   9.350855e-03
  2.122570e-01   5.577622e-02   9.326757e-03
  2.127350e-01   5.843019e-02   9.349424e-03
  2.132120e-01   6.755081e-02   9.332856e-03
  2.136890e-01   6.500979e-02   9.312683e-03
  2.141660e-01   6.555587e-02   9.285953e-03
  2.146430e-01   7.188398e-02   9.286416e-03
  2.151200e-01   7.250019e-02   9.270739e-03
  2.155980e-01   6.625022e-02   9.293118e-03
  2.160750e-01   7.496131e-02   9.282842e-03
  2.165520e-01   8.421858e-02   9.272619e-03
  2.170290e-01   8.544691e-02   9.254764e-03
  2.175060e-01   7.803749e-02   9.241505e-03
  2.179830e-01   7.804223e-02   9.232507e-03
  2.184600e-01   7.009106e-02   9.190825e-03
  2.189380e-01   6.794756e-02   9.206392e-03
  2.194150e-01   6.906040e-02   9.197573e-03
  2.198920e-01   7.418002e-02   9.182786e-03
  2.203690e-01   7.757717e-02   9.170694e-03
  2.208460e-01   7.277397e-02   9.160766e-03
  2.213230e-01   6.497965e-02   9.152919e-03
  2.218000e-01   5.899297e-02   9.155245e-03
  2.222770e-01   6.211521e-02   9.118783e-03
  2.227550e-01   6.346832e-02   9.121059e-03
  2.232320e-01   6.772454e-02   9.127001e-03
  2.237090e-01   7.774309e-02   9.118936e-03
  2.241860e-01   7.723244e-02   9.087228e-03
  2.246630e-01   7.235110e-02   9.075664e-03
  2.251400e-01   6.885151e-02   9.079544e-03
  2.256170e-01   7.197081e-02   9.078583e-03
  2.260940e-01   6.967830e-02   9.074460e-03
  2.265710e-01   6.364172e-02   9.070648e-03
  2.270480e-01   6.750485e-02   9.045849e-03
  2.275260e-01   7.297186e-02   9.049871e-03
  2.280030e-01   7.107798e-02   9.030841e-03
  2.284800e-01   6.687306e-02   9.022368e-03
  2.289570e-01   6.821157e-02   9.014268e-03
  2.294340e-01   7.457598e-02   9.004496e-03
  2.299110e-01   7.779924e-02   9.011061e-03
  2.303880e-01   7.691235e-02   8.999168e-03
  2.308650e-01   7.291630e-02   8.972443e-03
  2.313420e-01   7.169118e-02   8.973890e-03
  2.318190e-01   7.467025e-02   8.981478e-03
  2.322960e-01   7.198054e-02   8.963905e-03
  2.327730e-01   6.956382e-02   8.938504e-03
  2.332500e-01   7.445958e-02   8.934435e-03
  2.337270e-01   7.809546e-02   8.920584e-03
  2.342040e-01   7.925385e-02   8.888616e-03
  2.346820e-01   7.235067e-02   8.904196e-03
  2.351590e-01   6.685291e-02   8.872784e-03
  2.356360e-01   6.836609e-02   8.841367e-03
  2.361130e-01   6.452089e-02   8.826289e-03
  2.365900e-01   7.741016e-02   8.832798e-03
  2.370670e-01   7.767296e-02   8.835846e-03
  2.375440e-01   6.522370e-02   8.813202e-03
  2.380210e-01   6.513620e-02   8.792204e-03
  2.384980e-01   7.340852e-02   8.788039e-03
  2.389750e-01   7.538704e-02   8.793426e-03
  2.394520e-01   7.517985e-02   8.790948e-03
  2.399290e-01   7.314466e-02   8.790495e-03
  2.404060e-01   7.343031e-02   8.782878e-03
  2.408830e-01   6.942345e-02   8.794080e-03
  2.413600e-01   6.738324e-02   8.789141e-03
  2.418370e-01   7.091962e-02   8.779043e-03
  2.423140e-01   6.771091e-02   8.772653e-03
  2.427910e-01   6.263952e-02   8.766285e-03
  2.432680e-01   6.071883e-02   8.751174e-03
  2.437450e-01   6.518126e-02   8.737026e-03
  2.442220e-01   6.975749e-02   8.733581e-03
  2.446990e-01   7.068174e-02   8.742671e-03
  2.451760e-01   6.744231e-02   8.731834e-03
  2.456530e-01   6.714539e-02   8.722726e-03
  2.461300e-01   7.222373e-02   8.722117e-03
  2.466070e-01   7.516233e-02   8.712274e-03
  2.470840e-01   6.473560e-02   8.703052e-03
  2.475610e-01   5.982345e-02   8.684369e-03
  2.480380e-01   6.550544e-02   8.683853e-03
  2.485150e-01   6.548338e-02   8.735435e-03
  2.489920e-01   6.950091e-02   8.885931e-03
  2.494690e-01   7.327067e-02   9.022979e-03
  2.499460e-01   7.131408e-02   9.124366e-03
  2.504230e-01   6.126645e-02   9.197304e-03
  2.509000e-01   5.916940e-02   9.262515e-03
  2.513770e-01   5.677309e-02   9.358405e-03
  2.518530e-01   5.798293e-02   9.423608e-03
  2.523300e-01   6.543718e-02   9.493835e-03
  2.528070e-01   7.101858e-02   9.534714e-03
  2.532840e-01   6.464930e-02   9.568709e-03
  2.537610e-01   6.787414e-02   9.626530e-03
  2.542380e-01   7.119126e-02   9.667390e-03
  2.547150e-01   6.187122e-02   9.694995e-03
  2.551920e-01   5.978372e-02   9.699982e-03
  2.556690e-01   5.996403e-02   9.714454e-03
  2.561460e-01   6.009529e-02   9.719385e-03
  2.566230e-01   6.184515e-02   9.695681e-03
  2.571000e-01   5.905126e-02   9.557058e-03
  2.575770e-01   6.049146e-02   9.360287e-03
  2.580540e-01   6.326335e-02   9.244689e-03
  2.585300e-01   5.957754e-02   9.120032e-03
  2.590070e-01   5.452281e-02   9.053290e-03
  2.594840e-01   6.092930e-02   8.998985e-03
  2.599610e-01   6.135860e-02   8.935743e-03
  2.604380e-01   6.706734e-02   8.872671e-03
  2.609150e-01   6.218623e-02   8.820774e-03
  2.613920e-01   6.598928e-02   8.795567e-03
  2.618690e-01   6.361991e-02   8.750474e-03
  2.623460e-01   6.455813e-02   8.713111e-03
  2.628230e-01   6.266255e-02   8.710479e-03
  2.632990e-01   5.817587e-02   8.674925e-03
  2.637760e-01   6.207494e-02   8.668320e-03
  2.642530e-01   6.046691e-02   8.649249e-03
  2.647300e-01   5.811513e-02   8.622724e-03
  2.652070e-01   5.722625e-02   8.607560e-03
  2.656840e-01   5.602515e-02   8.598064e-03
  2.661610e-01   5.693621e-02   8.623486e-03
  2.666370e-01   5.816254e-02   8.586061e-03
  2.671140e-01   5.560497e-02   8.573687e-03
  2.675910e-01   5.521430e-02   8.560902e-03
  2.680680e-01   4.963621e-02   8.556555e-03
  2.685450e-01   5.040035e-02   8.543831e-03
  2.690220e-01   5.334221e-02   8.529227e-03
  2.694990e-01   5.327976e-02   8.535480e-03
  2.699750e-01   6.155069e-02   8.515557e-03
  2.704520e-01   6.305463e-02   8.511988e-03
  2.709290e-01   6.168457e-02   8.505773e-03
  2.714060e-01   5.578205e-02   8.488692e-03
  2.718830e-01   5.084821e-02   8.467531e-03
  2.723600e-01   5.463141e-02   8.481078e-03
  2.728360e-01   5.561437e-02   8.429382e-03
  2.733130e-01   5.742538e-02   8.445933e-03
  2.737900e-01   5.292442e-02   8.440831e-03
  2.742670e-01   5.711741e-02   8.419198e-03
  2.747440e-01   6.007720e-02   8.447976e-03
  2.752200e-01   6.148219e-02   8.426058e-03
  2.756970e-01   6.024641e-02   8.407430e-03
  2.761740e-01   5.884379e-02   8.382722e-03
  2.766510e-01   4.913109e-02   8.358861e-03
  2.771280e-01   3.810231e-02   8.368159e-03
  2.776040e-01   4.240675e-02   8.338399e-03
  2.780810e-01   5.125083e-02   8.328577e-03
  2.785580e-01   5.392675e-02   8.324858e-03
  2.790350e-01   5.676811e-02   8.312817e-03
  2.795120e-01   5.716122e-02   8.315301e-03
  2.799880e-01   5.096403e-02   8.300733e-03
  2.804650e-01   5.038967e-02   8.301475e-03
  2.809420e-01   4.709075e-02   8.289291e-03
  2.814190e-01   4.901766e-02   8.313985e-03
  2.818950e-01   5.201795e-02   8.284266e-03
  2.823720e-01   5.119187e-02   8.275803e-03
  2.828490e-01   4.846209e-02   8.256562e-03
  2.833260e-01   5.398152e-02   8.275773e-03
  2.838020e-01   5.736139e-02   8.245718e-03
  2.842790e-01   5.296751e-02   8.236053e-03
  2.847560e-01   4.687297e-02   8.210171e-03
  2.852330e-01   4.467173e-02   8.212422e-03
  2.857090e-01   4.744010e-02   8.196476e-03
  2.861860e-01   5.140012e-02   8.205350e-03
  2.866630e-01   5.390271e-02   8.187689e-03
  2.871400e-01   5.433663e-02   8.206141e-03
  2.876160e-01   5.042728e-02   8.167947e-03
  2.880930e-01   4.623489e-02   8.144939e-03
  2.885700e-01   5.035561e-02   8.170654e-03
  2.890460e-01   5.109926e-02   8.145204e-03
  2.895230e-01   5.484009e-02   8.141478e-03
  2.900000e-01   5.408619e-02   8.133011e-03
  2.904770e-01   5.068655e-02   8.155632e-03
  2.909530e-01   4.639948e-02   8.131167e-03
  2.914300e-01   4.309142e-02   8.121984e-03
  2.919070e-01   5.002922e-02   8.134606e-03
  2.923830e-01   5.087788e-02   8.087389e-03
  2.928600e-01   5.136487e-02   8.073977e-03
  2.933370e-01   5.083507e-02   8.103733e-03
  2.938130e-01   4.206067e-02   8.068367e-03
  2.942900e-01   4.529007e-02   8.057409e-03
  2.947670e-01   4.775156e-02   8.077479e-03
  2.952430e-01   4.281081e-02   8.041819e-03
  2.957200e-01   4.106965e-02   8.038524e-03
  2.961970e-01   4.329904e-02   8.063259e-03
  2.966730e-01   4.002218e-02   8.024785e-03
  2.971500e-01   3.837525e-02   8.010705e-03
  2.976270e-01   3.933176e-02   8.024662e-03
  2.981030e-01   3.701547e-02   7.992556e-03
  2.985800e-01   4.177278e-02   8.009477e-03
  2.990570e-01   4.272623e-02   8.026181e-03
  2.995330e-01   4.190960e-02   7.988403e-03
  3.000100e-01   4.071534e-02   7.967486e-03
  3.004870e-01   4.171356e-02   7.987210e-03
  3.009630e-01   4.172371e-02   7.948777e-03
  3.014400e-01   3.425939e-02   7.957613e-03
  3.019160e-01   3.527314e-02   7.934480e-03
  3.023930e-01   3.445585e-02   7.918036e-03
  3.028700e-01   3.412202e-02   7.926089e-03
  3.033460e-01   3.924725e-02   7.903505e-03
  3.038230e-01   4.350822e-02   7.934981e-03
  3.042990e-01   4.642077e-02   7.906651e-03
  3.047760e-01   4.686191e-02   7.900418e-03
  3.052530e-01   5.085472e-02   7.913347e-03
  3.057290e-01   4.785399e-02   7.878702e-03
  3.062060e-01   4.312252e-02   7.894080e-03
  3.066820e-01   4.002262e-02   7.861222e-03
  3.071590e-01   4.608195e-02   7.864942e-03
  3.076360e-01   4.857657e-02   7.881276e-03
  3.081120e-01   4.204138e-02   7.840619e-03
  3.085890e-01   3.257590e-02   7.842711e-03
  3.090650e-01   3.265285e-02   7.804021e-03
  3.095420e-01   3.510708e-02   7.790959e-03
  3.100190e-01   3.478817e-02   7.800370e-03
  3.104950e-01   4.167664e-02   7.770201e-03
  3.109720e-01   4.977997e-02   7.796301e-03
  3.114480e-01   4.549396e-02   7.769706e-03
  3.119250e-01   3.904084e-02   7.786187e-03
  3.124010e-01   4.379465e-02   7.753988e-03
  3.128780e-01   3.959566e-02   7.774002e-03
  3.133540e-01   3.447520e-02   7.741836e-03
  3.138310e-01   3.730329e-02   7.775027e-03
  3.143070e-01   3.450911e-02   7.751417e-03
  3.147840e-01   3.306535e-02   7.739840e-03
  3.152610e-01   2.833410e-02   7.747808e-03
  3.157370e-01   3.281215e-02   7.724673e-03
  3.162140e-01   3.431889e-02   7.746865e-03
  3.166900e-01   3.752997e-02   7.721970e-03
  3.171670e-01   3.943328e-02   7.749029e-03
  3.176430e-01   4.269789e-02   7.711337e-03
  3.181200e-01   3.740422e-02   7.735090e-03
  3.185960e-01   3.189111e-02   7.710124e-03
  3.190730e-01   3.197389e-02   7.719101e-03
  3.195490e-01   3.194916e-02   7.690234e-03
  3.200260e-01   3.104433e-02   7.700448e-03
  3.205020e-01   3.414276e-02   7.675314e-03
  3.209790e-01   3.066892e-02   7.693790e-03
  3.214550e-01   3.503309e-02   7.689792e-03
  3.219310e-01   3.566419e-02   7.662062e-03
  3.224080e-01   3.887526e-02   7.679259e-03
  3.228840e-01   3.218889e-02   7.641567e-03
  3.233610e-01   2.539692e-02   7.665115e-03
  3.238370e-01   1.824318e-02   7.638577e-03
  3.243140e-01   2.478785e-02   7.649412e-03
  3.247900e-01   3.582256e-02   7.622982e-03
  3.252670e-01   4.461471e-02   7.655435e-03
  3.257430e-01   4.471256e-02   7.620409e-03
  3.262200e-01   3.862982e-02   7.628138e-03
  3.266960e-01   3.515987e-02   7.620608e-03
  3.271720e-01   3.741127e-02   7.591057e-03
  3.276490e-01   3.581603e-02   7.600944e-03
  3.281250e-01   3.048959e-02   7.582712e-03
  3.286020e-01   2.898929e-02   7.600980e-03
  3.290780e-01   2.678696e-02   7.559227e-03
  3.295550e-01   2.375290e-02   7.574025e-03
  3.300310e-01   2.534263e-02   7.579349e-03
  3.305070e-01   2.518462e-02   7.557133e-03
  3.309840e-01   3.315503e-02   7.578305e-03
  3.314600e-01   3.523426e-02   7.544274e-03
  3.319370e-01   3.055580e-02   7.550338e-03
  3.324130e-01   2.838930e-02   7.544962e-03
  3.328890e-01   3.441641e-02   7.520182e-03
  3.333660e-01   3.954495e-02   7.538361e-03
  3.338420e-01   3.863865e-02   7.503049e-03
  3.343190e-01   3.786413e-02   7.519647e-03
  3.347950e-01   3.658654e-02   7.519214e-03
  3.352710e-01   4.021214e-02   7.499903e-03
  3.357480e-01   3.706599e-02   7.511837e-03
  3.362240e-01   3.609678e-02   7.515460e-03
  3.367000e-01   3.912785e-02   7.485855e-03
  3.371770e-01   4.378728e-02   7.511663e-03
  3.376530e-01   4.270463e-02   7.480374e-03
  3.381300e-01   3.534660e-02   7.480639e-03
  3.386060e-01   3.357871e-02   7.471765e-03
  3.390820e-01   3.461298e-02   7.445879e-03
  3.395590e-01   3.587513e-02   7.464111e-03
  3.400350e-01   3.224617e-02   7.461288e-03
  3.405110e-01   2.785223e-02   7.436531e-03
  3.409880e-01   2.465567e-02   7.446536e-03
  3.414640e-01   2.587828e-02   7.436825e-03
  3.419400e-01   3.109386e-02   7.405042e-03
  3.424170e-01   2.973136e-02   7.415637e-03
  3.428930e-01   2.639961e-02   7.412214e-03
  3.433690e-01   2.451504e-02   7.407791e-03
  3.438450e-01   2.298466e-02   7.389237e-03
  3.443220e-01   2.542990e-02   7.403377e-03
  3.447980e-01   2.458296e-02   7.400943e-03
  3.452740e-01   2.720180e-02   7.369716e-03
  3.457510e-01   2.700314e-02   7.372893e-03
  3.462270e-01   2.405299e-02   7.369740e-03
  3.467030e-01   2.503964e-02   7.386428e-03
  3.471790e-01   2.605872e-02   7.377523e-03
  3.476560e-01   2.801052e-02   7.379791e-03
  3.481320e-01   3.149251e-02   7.365795e-03
  3.486080e-01   3.452238e-02   7.341880e-03
  3.490850e-01   3.223989e-02   7.358190e-03
  3.495610e-01   2.943240e-02   7.396454e-03
  3.500370e-01   2.824829e-02   7.518825e-03