  3.582730e-03   6.149439e+00   4.789312e-02
  4.060420e-03   6.149055e+00   1.783191e-02
  4.538120e-03   6.146615e+00   1.530667e-02
  5.015820e-03   6.142912e+00   1.495964e-02
  5.493510e-03   6.138697e+00   1.493768e-02
  5.971210e-03   6.134094e+00   1.493311e-02
  6.448900e-03   6.129111e+00   1.492710e-02
  6.926600e-03   6.123749e+00   1.492105e-02
  7.404300e-03   6.118010e+00   1.491516e-02
  7.881990e-03   6.111894e+00   1.490783e-02
  8.359690e-03   6.105402e+00   1.490049e-02
  8.837390e-03   6.098536e+00   1.489336e-02
  9.315080e-03   6.091298e+00   1.488503e-02
  9.792780e-03   6.083687e+00   1.487554e-02
  1.027050e-02   6.075705e+00   1.486747e-02
  1.074820e-02   6.067355e+00   1.485789e-02
  1.122590e-02   6.058638e+00   1.484771e-02
  1.170360e-02   6.049554e+00   1.483611e-02
  1.218130e-02   6.040109e+00   1.483031e-02
  1.265890e-02   6.030302e+00   1.481465e-02
  1.313660e-02   6.020132e+00   1.480376e-02
  1.361430e-02   6.009604e+00   1.479211e-02
  1.409200e-02   5.998719e+00   1.477969e-02
  1.456970e-02   5.987480e+00   1.476680e-02
  1.504740e-02   5.975889e+00   1.475347e-02
  1.552510e-02   5.963946e+00   1.473971e-02
  1.600280e-02   5.951656e+00   1.472552e-02
  1.648050e-02   5.939020e+00   1.471089e-02
  1.695820e-02   5.926040e+00   1.469583e-02
  1.743590e-02   5.912719e+00   1.468033e-02
  1.791360e-02   5.899060e+00   1.466439e-02
  1.839130e-02   5.885063e+00   1.464801e-02
  1.886900e-02   5.870733e+00   1.463098e-02
  1.934670e-02   5.856070e+00   1.461246e-02
  1.982440e-02   5.841083e+00   1.459964e-02
  2.030200e-02   5.825770e+00   1.457710e-02
  2.077970e-02   5.810132e+00   1.455924e-02
  2.125740e-02   5.794173e+00   1.454062e-02
  2.173510e-02   5.777897e+00   1.452124e-02
  2.221280e-02   5.761306e+00   1.450138e-02
  2.269050e-02   5.744404e+00   1.448108e-02
  2.316820e-02   5.727193e+00   1.446034e-02
  2.364590e-02   5.709677e+00   1.443915e-02
  2.412360e-02   5.691859e+00   1.441731e-02
  2.460130e-02   5.673739e+00   1.439400e-02
  2.507900e-02   5.655330e+00   1.437629e-02
  2.555660e-02   5.636628e+00   1.434901e-02
  2.603430e-02   5.617633e+00   1.432632e-02
  2.651200e-02   5.598351e+00   1.430288e-02
  2.698970e-02   5.578788e+00   1.427867e-02
  2.746740e-02   5.558945e+00   1.425398e-02
  2.794510e-02   5.538826e+00   1.422864e-02
  2.842280e-02   5.518433e+00   1.420184e-02
  2.890050e-02   5.497778e+00   1.418056e-02
  2.937810e-02   5.476858e+00   1.414983e-02
  2.985580e-02   5.455673e+00   1.412363e-02
  3.033350e-02   5.434229e+00   1.409668e-02
  3.081120e-02   5.412531e+00   1.406896e-02
  3.128890e-02   5.390583e+00   1.404056e-02
  3.176660e-02   5.368386e+00   1.401071e-02
  3.224430e-02   5.345954e+00   1.398631e-02
  3.272190e-02   5.323281e+00   1.395259e-02
  3.319960e-02   5.300370e+00   1.392332e-02
  3.367730e-02   5.277227e+00   1.389330e-02
  3.415500e-02   5.253856e+00   1.386233e-02
  3.463270e-02   5.230260e+00   1.382989e-02
  3.511040e-02   5.206452e+00   1.380282e-02
  3.558800e-02   5.182428e+00   1.376655e-02
  3.606570e-02   5.158188e+00   1.373467e-02
  3.654340e-02   5.133739e+00   1.370184e-02
  3.702110e-02   5.109085e+00   1.366730e-02
  3.749880e-02   5.084240e+00   1.363803e-02
  3.797640e-02   5.059198e+00   1.359966e-02
  3.845410e-02   5.033961e+00   1.356563e-02
  3.893180e-02   5.008535e+00   1.353067e-02
  3.940950e-02   4.982924e+00   1.349400e-02
  3.988720e-02   4.957144e+00   1.346254e-02
  4.036480e-02   4.931187e+00   1.342210e-02
  4.084250e-02   4.905054e+00   1.338574e-02
  4.132020e-02   4.878752e+00   1.334770e-02
  4.179790e-02   4.852296e+00   1.331454e-02
  4.227550e-02   4.825682e+00   1.327247e-02
  4.275320e-02   4.798908e+00   1.323444e-02
  4.323090e-02   4.771982e+00   1.319474e-02
  4.370860e-02   4.744919e+00   1.315988e-02
  4.418620e-02   4.717714e+00   1.311620e-02
  4.466390e-02   4.690367e+00   1.307652e-02
  4.514160e-02   4.662883e+00   1.303520e-02
  4.561930e-02   4.635280e+00   1.299864e-02
  4.609690e-02   4.607552e+00   1.295320e-02
  4.657460e-02   4.579695e+00   1.291097e-02
  4.705230e-02   4.551730e+00   1.287347e-02
  4.752990e-02   4.523653e+00   1.282709e-02
  4.800760e-02   4.495463e+00   1.278460e-02
  4.848530e-02   4.467166e+00   1.274050e-02
  4.896300e-02   4.438780e+00   1.270107e-02
  4.944060e-02   4.410296e+00   1.265297e-02
  4.991830e-02   4.381714e+00   1.260801e-02
  5.039600e-02   4.353054e+00   1.256766e-02
  5.087360e-02   4.324310e+00   1.251848e-02
  5.135130e-02   4.295479e+00   1.247239e-02
  5.182900e-02   4.266583e+00   1.243086e-02
  5.230660e-02   4.237615e+00   1.238061e-02
  5.278430e-02   4.208573e+00   1.233340e-02
  5.326200e-02   4.179477e+00   1.229054e-02
  5.373960e-02   4.150319e+00   1.223835e-02
  5.421730e-02   4.121112e+00   1.219519e-02
  5.469490e-02   4.091853e+00   1.214348e-02
  5.517260e-02   4.062539e+00   1.209451e-02
  5.565030e-02   4.033193e+00   1.204979e-02
  5.612790e-02   4.003805e+00   1.199593e-02
  5.660560e-02   3.974386e+00   1.195094e-02
  5.708320e-02   3.944936e+00   1.189756e-02
  5.756090e-02   3.915451e+00   1.184689e-02
  5.803860e-02   3.885952e+00   1.180040e-02
  5.851620e-02   3.856431e+00   1.174496e-02
  5.899390e-02   3.827061e+00   1.251020e-02
  5.947150e-02   3.802820e+00   2.558523e-02
  5.994920e-02   3.762136e+00   1.716192e-01
  6.042680e-02   3.755269e+00   6.186767e-02
  6.090450e-02   3.739413e+00   3.169909e-02
  6.138210e-02   3.724343e+00   2.383336e-02
  6.185980e-02   3.699344e+00   2.359853e-02
  6.233740e-02   3.642444e+00   2.355302e-02
  6.281510e-02   3.593141e+00   2.353246e-02
  6.329270e-02   3.549822e+00   2.350210e-02
  6.377040e-02   3.516457e+00   2.345165e-02
  6.424800e-02   3.487173e+00   2.338968e-02
  6.472570e-02   3.463129e+00   2.336344e-02
  6.520330e-02   3.416610e+00   2.326134e-02
  6.568100e-02   3.363990e+00   2.314768e-02
  6.615860e-02   3.344178e+00   2.316655e-02
  6.663630e-02   3.315880e+00   2.315625e-02
  6.711390e-02   3.294739e+00   2.315862e-02
  6.759160e-02   3.262592e+00   2.309764e-02
  6.806920e-02   3.241104e+00   2.306064e-02
  6.854680e-02   3.207847e+00   2.299105e-02
  6.902450e-02   3.162765e+00   2.286878e-02
  6.950210e-02   3.140888e+00   2.277852e-02
  6.997980e-02   3.112374e+00   2.269466e-02
  7.045740e-02   3.065610e+00   2.270909e-02
  7.093500e-02   3.029359e+00   2.274217e-02
  7.141270e-02   2.995846e+00   2.266224e-02
  7.189030e-02   2.943757e+00   2.250999e-02
  7.236790e-02   2.908791e+00   2.235614e-02
  7.284560e-02   2.892105e+00   2.223981e-02
  7.332320e-02   2.859837e+00   2.208736e-02
  7.380080e-02   2.840295e+00   2.199834e-02
  7.427850e-02   2.823261e+00   2.190091e-02
  7.475610e-02   2.770452e+00   2.167004e-02
  7.523370e-02   2.719167e+00   2.144895e-02
  7.571140e-02   2.693144e+00   2.140545e-02
  7.618900e-02   2.664483e+00   2.134194e-02
  7.666660e-02   2.639592e+00   2.127242e-02
  7.714430e-02   2.605737e+00   2.121576e-02
  7.762190e-02   2.590331e+00   2.117738e-02
  7.809950e-02   2.567162e+00   2.111138e-02
  7.857710e-02   2.536538e+00   2.101771e-02
  7.905480e-02   2.482172e+00   2.086305e-02
  7.953240e-02   2.456269e+00   2.079288e-02
  8.001000e-02   2.450528e+00   2.075436e-02
  8.048760e-02   2.410155e+00   2.064211e-02
  8.096520e-02   2.368037e+00   2.052360e-02
  8.144290e-02   2.328643e+00   2.043707e-02
  8.192050e-02   2.308764e+00   2.035298e-02
  8.239810e-02   2.281272e+00   2.022673e-02
  8.287570e-02   2.266538e+00   2.011272e-02
  8.335330e-02   2.237236e+00   2.003676e-02
  8.383090e-02   2.211529e+00   2.001220e-02
  8.430860e-02   2.178175e+00   1.992296e-02
  8.478620e-02   2.159788e+00   1.986991e-02
  8.526380e-02   2.130146e+00   1.980079e-02
  8.574140e-02   2.093260e+00   1.971169e-02
  8.621900e-02   2.049809e+00   1.958886e-02
  8.669660e-02   2.023493e+00   1.951513e-02
  8.717420e-02   2.009994e+00   1.946968e-02
  8.765180e-02   1.985940e+00   1.943059e-02
  8.812940e-02   1.959579e+00   1.933849e-02
  8.860700e-02   1.948284e+00   1.926604e-02
  8.908460e-02   1.924921e+00   1.918941e-02
  8.956220e-02   1.887576e+00   1.909515e-02
  9.003980e-02   1.850261e+00   1.902273e-02
  9.051740e-02   1.840735e+00   1.899839e-02
  9.099500e-02   1.820445e+00   1.894566e-02
  9.147260e-02   1.790922e+00   1.885192e-02
  9.195020e-02   1.763809e+00   1.875770e-02
  9.242780e-02   1.746963e+00   1.868149e-02
  9.290540e-02   1.719130e+00   1.860828e-02
  9.338300e-02   1.697893e+00   1.854769e-02
  9.386060e-02   1.668334e+00   1.846764e-02
  9.433820e-02   1.634438e+00   1.835405e-02
  9.481580e-02   1.624090e+00   1.831944e-02
  9.529340e-02   1.592859e+00   1.826640e-02
  9.577100e-02   1.569187e+00   1.820131e-02
  9.624860e-02   1.548468e+00   1.813550e-02
  9.672620e-02   1.521348e+00   1.803399e-02
  9.720370e-02   1.512761e+00   1.798456e-02
  9.768130e-02   1.495094e+00   1.793783e-02
  9.815890e-02   1.476585e+00   1.792310e-02
  9.863650e-02   1.452326e+00   1.781371e-02
  9.911410e-02   1.420169e+00   1.771468e-02
  9.959170e-02   1.398125e+00   1.766597e-02
  1.000690e-01   1.383615e+00   1.757849e-02
  1.005470e-01   1.376242e+00   1.761652e-02
  1.010240e-01   1.349482e+00   1.752352e-02
  1.015020e-01   1.319384e+00   1.740334e-02
  1.019800e-01   1.298439e+00   1.737751e-02
  1.024570e-01   1.293647e+00   1.732961e-02
  1.029350e-01   1.289903e+00   1.738431e-02
  1.034120e-01   1.257927e+00   1.723753e-02
  1.038900e-01   1.228210e+00   1.718219e-02
  1.043670e-01   1.211494e+00   1.702163e-02
  1.048450e-01   1.199634e+00   1.696187e-02
  1.053230e-01   1.179675e+00   1.698779e-02
  1.058000e-01   1.154297e+00   1.689058e-02
  1.062780e-01   1.117250e+00   1.684166e-02
  1.067550e-01   1.098702e+00   1.673666e-02
  1.072330e-01   1.088413e+00   1.674961e-02
  1.077100e-01   1.076024e+00   1.661875e-02
  1.081880e-01   1.062000e+00   1.665147e-02
  1.086650e-01   1.055372e+00   1.657694e-02
  1.091430e-01   1.043508e+00   1.649402e-02
  1.096210e-01   1.006230e+00   1.642990e-02
  1.100980e-01   9.918395e-01   1.631963e-02
  1.105760e-01   9.822355e-01   1.634909e-02
  1.110530e-01   9.513325e-01   1.624491e-02
  1.115310e-01   9.333261e-01   1.625745e-02
  1.120080e-01   9.228019e-01   1.614473e-02
  1.124860e-01   9.131356e-01   1.615700e-02
  1.129630e-01   8.926867e-01   1.604630e-02
  1.134410e-01   8.725679e-01   1.599004e-02
  1.139190e-01   8.646283e-01   1.601509e-02
  1.143960e-01   8.518498e-01   1.594834e-02
  1.148740e-01   8.414206e-01   1.592838e-02
  1.153510e-01   8.385130e-01   1.583244e-02
  1.158290e-01   8.281560e-01   1.588075e-02
  1.163060e-01   7.927840e-01   1.573869e-02
  1.167840e-01   7.655043e-01   1.569977e-02
  1.172610e-01   7.623214e-01   1.563664e-02
  1.177390e-01   7.541836e-01   1.561374e-02
  1.182160e-01   7.372699e-01   1.551272e-02
  1.186940e-01   7.300212e-01   1.553273e-02
  1.191710e-01   7.223417e-01   1.550406e-02
  1.196490e-01   7.011230e-01   1.549048e-02
  1.201260e-01   6.866518e-01   1.536721e-02
  1.206040e-01   6.720446e-01   1.530961e-02
  1.210820e-01   6.778849e-01   1.534381e-02
  1.215590e-01   6.652427e-01   1.525347e-02
  1.220370e-01   6.371817e-01   1.525036e-02
  1.225140e-01   6.198199e-01   1.513753e-02
  1.229920e-01   6.021674e-01   1.512471e-02
  1.234690e-01   6.006430e-01   1.506253e-02
  1.239470e-01   5.943524e-01   1.507594e-02
  1.244240e-01   5.805188e-01   1.497819e-02
  1.249020e-01   5.667182e-01   1.501422e-02
  1.253790e-01   5.554304e-01   1.494282e-02
  1.258570e-01   5.348327e-01   1.489431e-02
  1.263340e-01   5.239504e-01   1.477654e-02
  1.268120e-01   5.223918e-01   1.481427e-02
  1.272890e-01   5.227690e-01   1.472907e-02
  1.277670e-01   5.135825e-01   1.470691e-02
  1.282440e-01   5.044134e-01   1.464398e-02
  1.287220e-01   4.911540e-01   1.466059e-02
  1.291990e-01   4.772851e-01   1.457660e-02
  1.296770e-01   4.694847e-01   1.459486e-02
  1.301540e-01   4.690429e-01   1.456149e-02
  1.306320e-01   4.578244e-01   1.457466e-02
  1.311090e-01   4.464254e-01   1.444839e-02
  1.315870e-01   4.334645e-01   1.449268e-02
  1.320640e-01   4.230712e-01   1.442670e-02
  1.325420e-01   4.069787e-01   1.441810e-02
  1.330190e-01   4.030115e-01   1.433625e-02
  1.334970e-01   3.932620e-01   1.430134e-02
  1.339740e-01   3.841834e-01   1.425024e-02
  1.344520e-01   3.851465e-01   1.427267e-02
  1.349290e-01   3.708645e-01   1.416030e-02
  1.354070e-01   3.615908e-01   1.415523e-02
  1.358840e-01   3.601462e-01   1.412714e-02
  1.363620e-01   3.516853e-01   1.414718e-02
  1.368390e-01   3.422372e-01   1.407392e-02
  1.373170e-01   3.326182e-01   1.407296e-02
  1.377940e-01   3.320779e-01   1.406357e-02
  1.382710e-01   3.288994e-01   1.398493e-02
  1.387490e-01   3.184081e-01   1.398972e-02
  1.392260e-01   3.034565e-01   1.387436e-02
  1.397040e-01   2.881621e-01   1.385472e-02
  1.401810e-01   2.889232e-01   1.384458e-02
  1.406590e-01   2.867285e-01   1.386008e-02
  1.411360e-01   2.808104e-01   1.382710e-02
  1.416140e-01   2.708425e-01   1.385601e-02
  1.420910e-01   2.723439e-01   1.375322e-02
  1.425690e-01   2.684089e-01   1.372711e-02
  1.430460e-01   2.602943e-01   1.365112e-02
  1.435240e-01   2.539263e-01   1.370601e-02
  1.440010e-01   2.530676e-01   1.368686e-02
  1.444780e-01   2.451444e-01   1.361951e-02
  1.449560e-01   2.450297e-01   1.367384e-02
  1.454330e-01   2.383214e-01   1.359801e-02
  1.459110e-01   2.338561e-01   1.358505e-02
  1.463880e-01   2.321842e-01   1.348497e-02
  1.468660e-01   2.348736e-01   1.353793e-02
  1.473430e-01   2.320330e-01   1.361577e-02
  1.478210e-01   2.116108e-01   1.387078e-02
  1.482980e-01   1.947651e-01   1.405367e-02
  1.487750e-01   1.886648e-01   1.420146e-02
  1.492530e-01   1.942619e-01   1.440833e-02
  1.497300e-01   1.977881e-01   1.452134e-02
  1.502080e-01   2.005088e-01   1.469566e-02
  1.506850e-01   1.907773e-01   1.476612e-02
  1.511630e-01   1.848575e-01   1.491184e-02
  1.516400e-01   1.886425e-01   1.508230e-02
  1.521170e-01   1.854222e-01   1.512225e-02
  1.525950e-01   1.716812e-01   1.520079e-02
  1.530720e-01   1.647925e-01   1.522785e-02
  1.535500e-01   1.779466e-01   1.538561e-02
  1.540270e-01   1.713365e-01   1.538695e-02
  1.545050e-01   1.469724e-01   1.539151e-02
  1.549820e-01   1.351781e-01   1.544956e-02
  1.554590e-01   1.331292e-01   1.543509e-02
  1.559370e-01   1.318539e-01   1.524462e-02
  1.564140e-01   1.383821e-01   1.487445e-02
  1.568920e-01   1.327868e-01   1.462328e-02
  1.573690e-01   1.284116e-01   1.446538e-02
  1.578460e-01   1.267566e-01   1.427927e-02
  1.583240e-01   1.253096e-01   1.415372e-02
  1.588010e-01   1.310397e-01   1.400534e-02
  1.592790e-01   1.224664e-01   1.396132e-02
  1.597560e-01   1.154652e-01   1.387634e-02
  1.602330e-01   1.051175e-01   1.372828e-02
  1.607110e-01   1.129869e-01   1.368535e-02
  1.611880e-01   1.163003e-01   1.356868e-02
  1.616660e-01   1.086526e-01   1.351791e-02
  1.621430e-01   1.084393e-01   1.345005e-02
  1.626200e-01   1.241216e-01   1.340584e-02
  1.630980e-01   1.317812e-01   1.342252e-02
  1.635750e-01   1.215336e-01   1.332439e-02
  1.640520e-01   1.107244e-01   1.319321e-02
  1.645300e-01   1.104805e-01   1.319385e-02
  1.650070e-01   1.092717e-01   1.313250e-02
  1.654850e-01   1.068511e-01   1.313251e-02
  1.659620e-01   1.019420e-01   1.309794e-02
  1.664390e-01   1.017556e-01   1.306364e-02
  1.669170e-01   9.317646e-02   1.307106e-02
  1.673940e-01   9.295866e-02   1.301344e-02
  1.678710e-01   9.317829e-02   1.297468e-02
  1.683490e-01   1.023892e-01   1.306176e-02
  1.688260e-01   9.511151e-02   1.295442e-02
  1.693040e-01   9.301711e-02   1.295542e-02
  1.697810e-01   9.399075e-02   1.294126e-02
  1.702580e-01   8.919678e-02   1.284975e-02
  1.707360e-01   9.705684e-02   1.288786e-02
  1.712130e-01   8.563672e-02   1.287078e-02
  1.716900e-01   8.252936e-02   1.282166e-02
  1.721680e-01   7.495847e-02   1.283292e-02
  1.726450e-01   7.443804e-02   1.278343e-02
  1.731220e-01   8.930331e-02   1.273988e-02
  1.736000e-01   9.216778e-02   1.277128e-02
  1.740770e-01   7.443745e-02   1.273212e-02
  1.745540e-01   6.651639e-02   1.267950e-02
  1.750320e-01   7.359288e-02   1.273210e-02
  1.755090e-01   8.849112e-02   1.274127e-02
  1.759860e-01   8.668472e-02   1.265531e-02
  1.764640e-01   9.210223e-02   1.267733e-02
  1.769410e-01   9.279695e-02   1.269750e-02
  1.774180e-01   8.838348e-02   1.264308e-02
  1.778960e-01   8.422538e-02   1.262126e-02
  1.783730e-01   8.401888e-02   1.262660e-02
  1.788500e-01   7.058476e-02   1.258613e-02
  1.793280e-01   6.840176e-02   1.260558e-02
  1.798050e-01   6.548930e-02   1.258112e-02
  1.802820e-01   7.518747e-02   1.262256e-02
  1.807600e-01   7.838662e-02   1.288584e-02
  1.812370e-01   7.053503e-02   1.310525e-02
  1.817140e-01   6.248222e-02   1.324705e-02
  1.821920e-01   7.469404e-02   1.344392e-02
  1.826690e-01   7.585803e-02   1.353137e-02
  1.831460e-01   7.130038e-02   1.363881e-02
  1.836230e-01   6.114606e-02   1.362677e-02
  1.841010e-01   6.993399e-02   1.357443e-02
  1.845780e-01   7.662507e-02   1.336885e-02
  1.850550e-01   8.431342e-02   1.317570e-02
  1.855330e-01   7.787815e-02   1.309091e-02
  1.860100e-01   7.543293e-02   1.298231e-02
  1.864870e-01   7.487634e-02   1.289657e-02
  1.869640e-01   7.552385e-02   1.278028e-02
  1.874420e-01   7.780765e-02   1.269248e-02
  1.879190e-01   8.306414e-02   1.258947e-02
  1.883960e-01   7.088455e-02   1.243144e-02
  1.888740e-01   6.449895e-02   1.240776e-02
  1.893510e-01   6.327300e-02   1.237108e-02
  1.898280e-01   6.390621e-02   1.235296e-02
  1.903050e-01   7.820339e-02   1.236620e-02
  1.907830e-01   8.536038e-02   1.241063e-02
  1.912600e-01   8.070296e-02   1.239883e-02
  1.917370e-01   7.629007e-02   1.242663e-02
  1.922140e-01   7.602001e-02   1.236522e-02
  1.926920e-01   7.204776e-02   1.236708e-02
  1.931690e-01   6.592784e-02   1.231395e-02
  1.936460e-01   7.027293e-02   1.226040e-02
  1.941240e-01   6.257859e-02   1.227265e-02
  1.946010e-01   6.298051e-02   1.224996e-02
  1.950780e-01   6.142514e-02   1.219545e-02
  1.955550e-01   5.772720e-02   1.217980e-02
  1.960320e-01   6.243270e-02   1.214568e-02
  1.965100e-01   6.272464e-02   1.214264e-02
  1.969870e-01   5.984509e-02   1.211857e-02
  1.974640e-01   5.849272e-02   1.212539e-02
  1.979410e-01   6.506060e-02   1.209676e-02
  1.984190e-01   6.989129e-02   1.212950e-02
  1.988960e-01   6.822089e-02   1.208848e-02
  1.993730e-01   7.539432e-02   1.209986e-02
  1.998500e-01   7.527851e-02   1.204674e-02
  2.003280e-01   6.632053e-02   1.205042e-02
  2.008050e-01   6.246900e-02   1.201726e-02
  2.012820e-01   6.430717e-02   1.201963e-02
  2.017590e-01   6.256641e-02   1.203157e-02
  2.022360e-01   7.043882e-02   1.200199e-02
  2.027140e-01   7.399323e-02   1.200121e-02
  2.031910e-01   7.411318e-02   1.197448e-02
  2.036680e-01   7.794134e-02   1.199900e-02
  2.041450e-01   7.311769e-02   1.195783e-02
  2.046230e-01   7.594987e-02   1.198870e-02
  2.051000e-01   7.255722e-02   1.194477e-02
  2.055770e-01   5.992646e-02   1.189214e-02
  2.060540e-01   5.282521e-02   1.188089e-02
  2.065310e-01   5.898645e-02   1.186497e-02
  2.070090e-01   6.288166e-02   1.187462e-02
  2.074860e-01   5.502402e-02   1.181591e-02
  2.079630e-01   6.040528e-02   1.181343e-02
  2.084400e-01   6.570959e-02   1.182458e-02
  2.089170e-01   6.881359e-02   1.183806e-02
  2.093940e-01   7.016898e-02   1.181306e-02
  2.098720e-01   7.951225e-02   1.182052e-02
  2.103490e-01   7.698198e-02   1.179316e-02
  2.108260e-01   7.758304e-02   1.179273e-02
  2.113030e-01   8.429939e-02   1.177810e-02
  2.117800e-01   7.159809e-02   1.174247e-02
  2.122570e-01   6.583537e-02   1.166748e-02
  2.127350e-01   6.216946e-02   1.165747e-02
  2.132120e-01   6.458911e-02   1.168034e-02
  2.136890e-01   6.392009e-02   1.168897e-02
  2.141660e-01   5.966993e-02   1.166259e-02
  2.146430e-01   6.261142e-02   1.168471e-02
  2.151200e-01   6.360758e-02   1.164163e-02
  2.155980e-01   6.779175e-02   1.164848e-02
  2.160750e-01   7.489083e-02   1.164508e-02
  2.165520e-01   7.659779e-02   1.164364e-02
  2.170290e-01   7.355139e-02   1.158909e-02
  2.175060e-01   6.834941e-02   1.156818e-02
  2.179830e-01   6.805990e-02   1.159057e-02
  2.184600e-01   7.012224e-02   1.154264e-02
  2.189380e-01   6.918315e-02   1.157544e-02
  2.194150e-01   6.975862e-02   1.156212e-02
  2.198920e-01   6.573668e-02   1.152075e-02
  2.203690e-01   5.667628e-02   1.148621e-02
  2.208460e-01   6.589849e-02   1.149900e-02
  2.213230e-01   7.183932e-02   1.149666e-02
  2.218000e-01   7.193905e-02   1.150173e-02
  2.222770e-01   7.424934e-02   1.146990e-02
  2.227550e-01   7.692637e-02   1.147432e-02
  2.232320e-01   7.230538e-02   1.143858e-02
  2.237090e-01   6.289517e-02   1.140982e-02
  2.241860e-01   5.597361e-02   1.138447e-02
  2.246630e-01   5.018051e-02   1.135025e-02
  2.251400e-01   5.775343e-02   1.137352e-02
  2.256170e-01   6.448643e-02   1.139226e-02
  2.260940e-01   6.334965e-02   1.134726e-02
  2.265710e-01   6.897583e-02   1.136842e-02
  2.270480e-01   7.666204e-02   1.136535e-02
  2.275260e-01   7.491706e-02   1.135995e-02
  2.280030e-01   6.687959e-02   1.132666e-02
  2.284800e-01   6.432352e-02   1.133845e-02
  2.289570e-01   6.589652e-02   1.133638e-02
  2.294340e-01   7.068661e-02   1.129929e-02
  2.299110e-01   6.851128e-02   1.128087e-02
  2.303880e-01   7.047540e-02   1.129054e-02
  2.308650e-01   7.597658e-02   1.129518e-02
  2.313420e-01   7.637709e-02   1.129491e-02
  2.318190e-01   7.207000e-02   1.127322e-02
  2.322960e-01   6.190489e-02   1.123916e-02
  2.327730e-01   6.408223e-02   1.122733e-02
  2.332500e-01   6.837965e-02   1.120459e-02
  2.337270e-01   5.905495e-02   1.117289e-02
  2.342040e-01   4.983750e-02   1.110213e-02
  2.346820e-01   5.597585e-02   1.110131e-02
  2.351590e-01   6.718651e-02   1.105690e-02
  2.356360e-01   7.272632e-02   1.108561e-02
  2.361130e-01   6.633308e-02   1.106886e-02
  2.365900e-01   6.535658e-02   1.104119e-02
  2.370670e-01   6.223064e-02   1.100199e-02
  2.375440e-01   5.777166e-02   1.095965e-02
  2.380210e-01   6.080200e-02   1.099237e-02
  2.384980e-01   7.087968e-02   1.103769e-02
  2.389750e-01   6.742640e-02   1.102822e-02
  2.394520e-01   5.599654e-02   1.099178e-02
  2.399290e-01   5.349154e-02   1.097173e-02
  2.404060e-01   5.247761e-02   1.095839e-02
  2.408830e-01   5.898099e-02   1.098058e-02
  2.413600e-01   6.387456e-02   1.100026e-02
  2.418370e-01   5.887908e-02   1.098536e-02
  2.423140e-01   5.763949e-02   1.097848e-02
  2.427910e-01   6.246891e-02   1.097661e-02
  2.432680e-01   6.411848e-02   1.096763e-02
  2.437450e-01   6.749755e-02   1.096252e-02
  2.442220e-01   6.493142e-02   1.093935e-02
  2.446990e-01   6.124228e-02   1.093401e-02
  2.451760e-01   6.098337e-02   1.094669e-02
  2.456530e-01   6.239086e-02   1.092633e-02
  2.461300e-01   5.511184e-02   1.090010e-02
  2.466070e-01   4.809776e-02   1.087874e-02
  2.470840e-01   4.928023e-02   1.086113e-02
  2.475610e-01   5.812315e-02   1.086378e-02
  2.480380e-01   5.752706e-02   1.085559e-02
  2.485150e-01   5.735966e-02   1.092025e-02
  2.489920e-01   5.877316e-02   1.113702e-02
  2.494690e-01   4.939090e-02   1.130559e-02
  2.499460e-01   4.294561e-02   1.144900e-02
  2.504230e-01   5.014174e-02   1.156871e-02
  2.509000e-01   5.984076e-02   1.168215e-02
  2.513770e-01   6.400668e-02   1.181479e-02
  2.518530e-01   6.253423e-02   1.183472e-02
  2.523300e-01   5.935390e-02   1.185845e-02
  2.528070e-01   5.210887e-02   1.187936e-02
  2.532840e-01   3.886347e-02   1.194416e-02
  2.537610e-01   4.682289e-02   1.204105e-02
  2.542380e-01   5.126512e-02   1.210766e-02
  2.547150e-01   5.289623e-02   1.216392e-02
  2.551920e-01   5.633645e-02   1.219625e-02
  2.556690e-01   5.345141e-02   1.219509e-02
  2.561460e-01   5.121265e-02   1.218755e-02
  2.566230e-01   5.193913e-02   1.215589e-02
  2.571000e-01   4.987214e-02   1.195286e-02
  2.575770e-01   5.343922e-02   1.174007e-02
  2.580540e-01   4.587075e-02   1.160161e-02
  2.585300e-01   4.560516e-02   1.143946e-02
  2.590070e-01   4.950301e-02   1.134861e-02
  2.594840e-01   5.511052e-02   1.127514e-02
  2.599610e-01   4.859597e-02   1.119614e-02
  2.604380e-01   4.840081e-02   1.111300e-02
  2.609150e-01   4.616112e-02   1.104604e-02
  2.613920e-01   4.736868e-02   1.099033e-02
  2.618690e-01   5.509069e-02   1.096338e-02
  2.623460e-01   5.422878e-02   1.092260e-02
  2.628230e-01   5.492609e-02   1.093694e-02
  2.632990e-01   5.407934e-02   1.086903e-02
  2.637760e-01   5.194288e-02   1.086080e-02
  2.642530e-01   3.628978e-02   1.084739e-02
  2.647300e-01   3.877620e-02   1.083556e-02
  2.652070e-01   4.648977e-02   1.081844e-02
  2.656840e-01   5.187333e-02   1.078849e-02
  2.661610e-01   6.107395e-02   1.082742e-02
  2.666370e-01   6.814341e-02   1.082002e-02
  2.671140e-01   7.339918e-02   1.082010e-02
  2.675910e-01   7.178143e-02   1.080321e-02
  2.680680e-01   7.095280e-02   1.077552e-02
  2.685450e-01   6.481602e-02   1.073031e-02
  2.690220e-01   5.005864e-02   1.067613e-02
  2.694990e-01   4.924324e-02   1.070725e-02
  2.699750e-01   5.130330e-02   1.068433e-02
  2.704520e-01   5.158397e-02   1.067510e-02
  2.709290e-01   6.007303e-02   1.065750e-02
  2.714060e-01   5.895812e-02   1.064962e-02
  2.718830e-01   4.676202e-02   1.062596e-02
  2.723600e-01   4.891680e-02   1.063887e-02
  2.728360e-01   4.833752e-02   1.057804e-02
  2.733130e-01   4.952236e-02   1.056732e-02
  2.737900e-01   4.162902e-02   1.053449e-02
  2.742670e-01   4.275571e-02   1.051262e-02
  2.747440e-01   4.723278e-02   1.056682e-02
  2.752200e-01   5.012564e-02   1.056315e-02
  2.756970e-01   4.527625e-02   1.053900e-02
  2.761740e-01   4.469893e-02   1.049107e-02
  2.766510e-01   4.434001e-02   1.047786e-02
  2.771280e-01   3.921232e-02   1.051605e-02
  2.776040e-01   4.245847e-02   1.047136e-02
  2.780810e-01   4.641805e-02   1.045081e-02
  2.785580e-01   4.414429e-02   1.044204e-02
  2.790350e-01   4.171116e-02   1.041633e-02
  2.795120e-01   4.042849e-02   1.043017e-02
  2.799880e-01   3.886710e-02   1.038518e-02
  2.804650e-01   3.285009e-02   1.037461e-02
  2.809420e-01   4.502892e-02   1.038615e-02
  2.814190e-01   4.379819e-02   1.039989e-02
  2.818950e-01   4.507133e-02   1.037835e-02
  2.823720e-01   4.179036e-02   1.034537e-02
  2.828490e-01   4.246501e-02   1.033582e-02
  2.833260e-01   4.771538e-02   1.037033e-02
  2.838020e-01   5.555534e-02   1.034897e-02
  2.842790e-01   6.127199e-02   1.034257e-02
  2.847560e-01   5.531959e-02   1.029758e-02
  2.852330e-01   5.754071e-02   1.031663e-02
  2.857090e-01   5.961565e-02   1.031569e-02
  2.861860e-01   4.709688e-02   1.029789e-02
  2.866630e-01   4.436323e-02   1.026739e-02
  2.871400e-01   4.271320e-02   1.026650e-02
  2.876160e-01   4.664314e-02   1.022997e-02
  2.880930e-01   5.117942e-02   1.024826e-02
  2.885700e-01   4.703146e-02   1.028924e-02
  2.890460e-01   4.523599e-02   1.025329e-02
  2.895230e-01   3.561785e-02   1.021557e-02
  2.900000e-01   3.435790e-02   1.019502e-02
  2.904770e-01   2.948720e-02   1.019896e-02
  2.909530e-01   3.060817e-02   1.016014e-02
  2.914300e-01   3.514268e-02   1.013680e-02
  2.919070e-01   4.259963e-02   1.015686e-02
  2.923830e-01   4.384630e-02   1.011119e-02
  2.928600e-01   4.004637e-02   1.011524e-02
  2.933370e-01   4.311633e-02   1.017484e-02
  2.938130e-01   4.443342e-02   1.014387e-02
  2.942900e-01   4.419898e-02   1.010276e-02
  2.947670e-01   3.696555e-02   1.009720e-02
  2.952430e-01   3.893460e-02   1.007730e-02
  2.957200e-01   4.303740e-02   1.007893e-02
  2.961970e-01   4.506144e-02   1.010984e-02
  2.966730e-01   3.611631e-02   1.007182e-02
  2.971500e-01   3.402000e-02   1.007547e-02
  2.976270e-01   3.649531e-02   1.009422e-02
  2.981030e-01   3.590821e-02   1.003138e-02
  2.985800e-01   3.072799e-02   1.000900e-02
  2.990570e-01   3.211148e-02   1.004989e-02
  2.995330e-01   3.794851e-02   1.000556e-02
  3.000100e-01   3.301485e-02   9.972305e-03
  3.004870e-01   3.619447e-02   1.000998e-02
  3.009630e-01   4.155341e-02   9.978357e-03
  3.014400e-01   3.594166e-02   9.984789e-03
  3.019160e-01   2.682465e-02   9.935576e-03
  3.023930e-01   2.847604e-02   9.926777e-03
  3.028700e-01   4.014424e-02   9.959198e-03
  3.033460e-01   4.370528e-02   9.931399e-03
  3.038230e-01   4.085822e-02   9.955821e-03
  3.042990e-01   3.827032e-02   9.904175e-03
  3.047760e-01   3.782085e-02   9.887146e-03
  3.052530e-01   3.665023e-02   9.907129e-03
  3.057290e-01   4.025462e-02   9.875559e-03
  3.062060e-01   4.250491e-02   9.920536e-03
  3.066820e-01   4.857613e-02   9.879307e-03
  3.071590e-01   4.302805e-02   9.865492e-03
  3.076360e-01   3.779217e-02   9.886418e-03
  3.081120e-01   4.552849e-02   9.841807e-03
  3.085890e-01   4.048560e-02   9.840998e-03
  3.090650e-01   3.681039e-02   9.788040e-03
  3.095420e-01   3.588181e-02   9.779249e-03
  3.100190e-01   2.635640e-02   9.793180e-03
  3.104950e-01   2.234769e-02   9.745410e-03
  3.109720e-01   2.684564e-02   9.791136e-03
  3.114480e-01   3.323849e-02   9.756764e-03
  3.119250e-01   3.783781e-02   9.774765e-03
  3.124010e-01   3.562840e-02   9.721920e-03
  3.128780e-01   3.393423e-02   9.736309e-03
  3.133540e-01   3.649967e-02   9.721929e-03
  3.138310e-01   2.976070e-02   9.740157e-03
  3.143070e-01   2.207359e-02   9.703130e-03
  3.147840e-01   2.384077e-02   9.690335e-03
  3.152610e-01   3.923690e-02   9.754188e-03
  3.157370e-01   4.768906e-02   9.723279e-03
  3.162140e-01   3.838200e-02   9.730076e-03
  3.166900e-01   3.117436e-02   9.695260e-03
  3.171670e-01   3.549737e-02   9.726253e-03
  3.176430e-01   4.660031e-02   9.691583e-03
  3.181200e-01   4.805630e-02   9.718031e-03
  3.185960e-01   3.929546e-02   9.667187e-03
  3.190730e-01   2.797921e-02   9.666290e-03
  3.195490e-01   2.604273e-02   9.627415e-03
  3.200260e-01   3.074926e-02   9.663810e-03
  3.205020e-01   3.351302e-02   9.629414e-03
  3.209790e-01   3.218194e-02   9.655797e-03
  3.214550e-01   3.507082e-02   9.670536e-03
  3.219310e-01   3.676547e-02   9.631256e-03
  3.224080e-01   3.161336e-02   9.625233e-03
  3.228840e-01   3.598122e-02   9.596592e-03
  3.233610e-01   3.826683e-02   9.633092e-03
  3.238370e-01   3.980095e-02   9.581832e-03
  3.243140e-01   3.798909e-02   9.593777e-03
  3.247900e-01   3.268735e-02   9.569833e-03
  3.252670e-01   2.895930e-02   9.597967e-03
  3.257430e-01   3.802406e-02   9.553748e-03
  3.262200e-01   4.048938e-02   9.568986e-03
  3.266960e-01   3.755380e-02   9.562810e-03
  3.271720e-01   2.846878e-02   9.520306e-03
  3.276490e-01   2.405344e-02   9.539474e-03
  3.281250e-01   2.996350e-02   9.519588e-03
  3.286020e-01   2.931062e-02   9.535491e-03
  3.290780e-01   3.122675e-02   9.498879e-03
  3.295550e-01   4.256760e-02   9.535600e-03
  3.300310e-01   4.136058e-02   9.530146e-03
  3.305070e-01   3.281114e-02   9.490696e-03
  3.309840e-01   3.004147e-02   9.512130e-03
  3.314600e-01   3.482485e-02   9.463096e-03
  3.319370e-01   4.326740e-02   9.473985e-03
  3.324130e-01   4.748528e-02   9.482613e-03
  3.328890e-01   3.502247e-02   9.435858e-03
  3.333660e-01   2.904391e-02   9.464945e-03
  3.338420e-01   3.430214e-02   9.438241e-03
  3.343190e-01   3.111677e-02   9.434167e-03
  3.347950e-01   2.801583e-02   9.415223e-03
  3.352710e-01   2.926093e-02   9.362652e-03
  3.357480e-01   2.438895e-02   9.387689e-03
  3.362240e-01   2.747524e-02   9.407760e-03
  3.367000e-01   3.329027e-02   9.375657e-03
  3.371770e-01   3.356800e-02   9.387463e-03
  3.376530e-01   3.608250e-02   9.354186e-03
  3.381300e-01   3.264827e-02   9.382394e-03
  3.386060e-01   3.550837e-02   9.404296e-03
  3.390820e-01   3.541948e-02   9.366300e-03
  3.395590e-01   3.447743e-02   9.370748e-03
  3.400350e-01   2.590046e-02   9.357327e-03
  3.405110e-01   2.534000e-02   9.327456e-03
  3.409880e-01   3.251128e-02   9.349447e-03
  3.414640e-01   3.609810e-02   9.334513e-03
  3.419400e-01   3.887613e-02   9.299095e-03
  3.424170e-01   3.454411e-02   9.312756e-03
  3.428930e-01   3.342950e-02   9.309099e-03
  3.433690e-01   4.108183e-02   9.345836e-03
  3.438450e-01   4.177461e-02   9.326384e-03
  3.443220e-01   4.074751e-02   9.325751e-03
  3.447980e-01   3.370287e-02   9.310758e-03
  3.452740e-01   2.829272e-02   9.268690e-03
  3.457510e-01   2.617018e-02   9.293107e-03
  3.462270e-01   2.658534e-02   9.275053e-03
  3.467030e-01   2.676525e-02   9.272001e-03
  3.471790e-01   2.516001e-02   9.236981e-03
  3.476560e-01   2.587356e-02   9.252663e-03
  3.481320e-01   3.192703e-02   9.250973e-03
  3.486080e-01   3.308327e-02   9.223022e-03
  3.490850e-01   2.555310e-02   9.225430e-03
  3.495610e-01   2.520146e-02   9.261594e-03
  3.500370e-01   2.376810e-02   9.430254e-03