    S values    51
  0.000000E+00
  0.100000E-01
  0.200000E-01
  0.300000E-01
  0.400000E-01
  0.500000E-01
  0.600000E-01
  0.700000E-01
  0.800000E-01
  0.900000E-01
  0.100000E+00
  0.110000E+00
  0.120000E+00
  0.130000E+00
  0.140000E+00
  0.150000E+00
  0.160000E+00
  0.170000E+00
  0.180000E+00
  0.190000E+00
  0.200000E+00
  0.210000E+00
  0.220000E+00
  0.230000E+00
  0.240000E+00
  0.250000E+00
  0.260000E+00
  0.270000E+00
  0.280000E+00
  0.290000E+00
  0.300000E+00
  0.310000E+00
  0.320000E+00
  0.330000E+00
  0.340000E+00
  0.350000E+00
  0.360000E+00
  0.370000E+00
  0.380000E+00
  0.390000E+00
  0.400000E+00
  0.410000E+00
  0.420000E+00
  0.430000E+00
  0.440000E+00
  0.450000E+00
  0.460000E+00
  0.470000E+00
  0.480000E+00
  0.490000E+00
  0.500000E+00
 Curve no.     1
  0.132861E+07
  0.131428E+07
  0.127226E+07
  0.120520E+07
  0.111714E+07
  0.101336E+07
  0.899699E+06
  0.781587E+06
  0.664876E+06
  0.554565E+06
  0.454196E+06
  0.366920E+06
  0.293923E+06
  0.234917E+06
  0.189393E+06
  0.155552E+06
  0.131699E+06
  0.115600E+06
  0.105027E+06
  0.994537E+05
  0.964492E+05
  0.949191E+05
  0.944323E+05
  0.937047E+05
  0.924533E+05
  0.900600E+05
  0.861767E+05
  0.811502E+05
  0.749343E+05
  0.687507E+05
  0.628541E+05
  0.574216E+05
  0.526310E+05
  0.485413E+05
  0.451018E+05
  0.423305E+05
  0.401615E+05
  0.384492E+05
  0.371470E+05
  0.361282E+05
  0.352150E+05
  0.343543E+05
  0.334366E+05
  0.323847E+05
  0.311875E+05
  0.298266E+05
  0.283137E+05
  0.267011E+05
  0.250497E+05
  0.234342E+05
  0.219214E+05
 Curve no.     2
  0.133956E+07
  0.132737E+07
  0.129152E+07
  0.123388E+07
  0.115731E+07
  0.106568E+07
  0.963294E+06
  0.854138E+06
  0.742911E+06
  0.633854E+06
  0.530189E+06
  0.435364E+06
  0.351226E+06
  0.278424E+06
  0.217742E+06
  0.168590E+06
  0.130400E+06
  0.101702E+06
  0.807587E+05
  0.668993E+05
  0.578274E+05
  0.523949E+05
  0.498832E+05
  0.491833E+05
  0.497756E+05
  0.509508E+05
  0.520946E+05
  0.529471E+05
  0.530172E+05
  0.527256E+05
  0.520194E+05
  0.508861E+05
  0.494083E+05
  0.476566E+05
  0.456554E+05
  0.435452E+05
  0.414220E+05
  0.393148E+05
  0.373564E+05
  0.355896E+05
  0.339895E+05
  0.326226E+05
  0.314608E+05
  0.304707E+05
  0.296448E+05
  0.289330E+05
  0.282884E+05
  0.276787E+05
  0.270722E+05
  0.264504E+05
  0.257894E+05
 Curve no.     3
  0.131007E+07
  0.127670E+07
  0.118265E+07
  0.104446E+07
  0.884583E+06
  0.725948E+06
  0.586482E+06
  0.475629E+06
  0.394754E+06
  0.338362E+06
  0.297541E+06
  0.264285E+06
  0.233044E+06
  0.201656E+06
  0.171461E+06
  0.144577E+06
  0.123204E+06
  0.107789E+06
  0.972478E+05
  0.909776E+05
  0.861972E+05
  0.816009E+05
  0.770084E+05
  0.721132E+05
  0.677993E+05
  0.646096E+05
  0.627920E+05
  0.623182E+05
  0.622342E+05
  0.623726E+05
  0.621201E+05
  0.612317E+05
  0.598768E+05
  0.583134E+05
  0.566756E+05
  0.550432E+05
  0.532856E+05
  0.511650E+05
  0.486913E+05
  0.459382E+05
  0.430503E+05
  0.403346E+05
  0.379066E+05
  0.357520E+05
  0.337597E+05
  0.317374E+05
  0.295414E+05
  0.271624E+05
  0.246979E+05
  0.223270E+05
  0.202212E+05
 Curve no.     4
  0.131582E+07
  0.129854E+07
  0.124848E+07
  0.117000E+07
  0.106988E+07
  0.956237E+06
  0.837395E+06
  0.720375E+06
  0.611318E+06
  0.514249E+06
  0.430675E+06
  0.361021E+06
  0.303742E+06
  0.256266E+06
  0.216722E+06
  0.182998E+06
  0.154179E+06
  0.129440E+06
  0.108229E+06
  0.916614E+05
  0.784878E+05
  0.686438E+05
  0.622546E+05
  0.585536E+05
  0.572109E+05
  0.573675E+05
  0.580652E+05
  0.586443E+05
  0.582351E+05
  0.571585E+05
  0.553802E+05
  0.530737E+05
  0.505906E+05
  0.482465E+05
  0.462223E+05
  0.446722E+05
  0.435728E+05
  0.427286E+05
  0.420138E+05
  0.412379E+05
  0.402182E+05
  0.389780E+05
  0.375313E+05
  0.359621E+05
  0.344140E+05
  0.329734E+05
  0.316852E+05
  0.305685E+05
  0.295852E+05
  0.286723E+05
  0.277450E+05
 Curve no.     5
  0.132444E+07
  0.129061E+07
  0.119430E+07
  0.104973E+07
  0.877218E+06
  0.699145E+06
  0.535538E+06
  0.400416E+06
  0.300903E+06
  0.236519E+06
  0.200760E+06
  0.184320E+06
  0.177308E+06
  0.171578E+06
  0.162681E+06
  0.149153E+06
  0.132541E+06
  0.115233E+06
  0.994594E+05
  0.880356E+05
  0.805134E+05
  0.766477E+05
  0.759122E+05
  0.766284E+05
  0.777973E+05
  0.782418E+05
  0.772479E+05
  0.749811E+05
  0.714504E+05
  0.678718E+05
  0.645296E+05
  0.615147E+05
  0.588391E+05
  0.563937E+05
  0.540045E+05
  0.516755E+05
  0.494141E+05
  0.471816E+05
  0.450778E+05
  0.430819E+05
  0.410906E+05
  0.391143E+05
  0.370891E+05
  0.349864E+05
  0.328523E+05
  0.307194E+05
  0.286357E+05
  0.266705E+05
  0.248743E+05
  0.232889E+05
  0.219280E+05
 Curve no.     6
  0.130844E+07
  0.128725E+07
  0.122626E+07
  0.113260E+07
  0.101643E+07
  0.889326E+06
  0.762088E+06
  0.642807E+06
  0.537193E+06
  0.447612E+06
  0.373562E+06
  0.313539E+06
  0.264852E+06
  0.224633E+06
  0.191275E+06
  0.163292E+06
  0.140256E+06
  0.121582E+06
  0.106628E+06
  0.961635E+05
  0.886244E+05
  0.835750E+05
  0.809715E+05
  0.798758E+05
  0.800515E+05
  0.807400E+05
  0.811352E+05
  0.808422E+05
  0.790424E+05
  0.763524E+05
  0.727538E+05
  0.684182E+05
  0.637317E+05
  0.590527E+05
  0.545954E+05
  0.505689E+05
  0.469798E+05
  0.436696E+05
  0.406008E+05
  0.376833E+05
  0.348496E+05
  0.322155E+05
  0.298382E+05
  0.277676E+05
  0.260433E+05
  0.246243E+05
  0.234461E+05
  0.224564E+05
  0.216059E+05
  0.208743E+05
  0.202374E+05
 Curve no.     7
  0.129767E+07
  0.126535E+07
  0.117419E+07
  0.103991E+07
  0.883817E+06
  0.727572E+06
  0.588182E+06
  0.474829E+06
  0.389525E+06
  0.328231E+06
  0.283787E+06
  0.249579E+06
  0.220536E+06
  0.193839E+06
  0.169249E+06
  0.147095E+06
  0.128286E+06
  0.112949E+06
  0.100619E+06
  0.919333E+05
  0.852891E+05
  0.802230E+05
  0.767310E+05
  0.739930E+05
  0.719249E+05
  0.700504E+05
  0.680108E+05
  0.659059E+05
  0.634669E+05
  0.614300E+05
  0.597370E+05
  0.582490E+05
  0.568692E+05
  0.554916E+05
  0.540356E+05
  0.526230E+05
  0.513469E+05
  0.501451E+05
  0.490041E+05
  0.477021E+05
  0.459394E+05
  0.436428E+05
  0.407829E+05
  0.375029E+05
  0.340987E+05
  0.308448E+05
  0.279796E+05
  0.256674E+05
  0.239486E+05
  0.227710E+05
  0.219871E+05
 Curve no.     8
  0.130296E+07
  0.126182E+07
  0.114843E+07
  0.988890E+06
  0.815600E+06
  0.656496E+06
  0.527448E+06
  0.430634E+06
  0.359413E+06
  0.304026E+06
  0.256574E+06
  0.213957E+06
  0.176142E+06
  0.144234E+06
  0.119266E+06
  0.100788E+06
  0.878851E+05
  0.792261E+05
  0.736158E+05
  0.711273E+05
  0.703787E+05
  0.707380E+05
  0.719619E+05
  0.731692E+05
  0.742790E+05
  0.749342E+05
  0.747977E+05
  0.738554E+05
  0.715759E+05
  0.686205E+05
  0.650250E+05
  0.609816E+05
  0.568650E+05
  0.529978E+05
  0.495514E+05
  0.466876E+05
  0.443849E+05
  0.424671E+05
  0.408355E+05
  0.393079E+05
  0.377103E+05
  0.360426E+05
  0.342892E+05
  0.324651E+05
  0.306246E+05
  0.287784E+05
  0.269415E+05
  0.251530E+05
  0.234471E+05
  0.218530E+05
  0.203696E+05
 Curve no.     9
  0.130624E+07
  0.128176E+07
  0.121165E+07
  0.110454E+07
  0.972987E+06
  0.830931E+06
  0.691114E+06
  0.562892E+06
  0.452387E+06
  0.361719E+06
  0.289829E+06
  0.234399E+06
  0.192101E+06
  0.159663E+06
  0.134956E+06
  0.116139E+06
  0.102231E+06
  0.922207E+05
  0.851119E+05
  0.811708E+05
  0.789253E+05
  0.778712E+05
  0.779673E+05
  0.784080E+05
  0.791181E+05
  0.795987E+05
  0.793851E+05
  0.784692E+05
  0.763880E+05
  0.739793E+05
  0.712746E+05
  0.683260E+05
  0.652596E+05
  0.621093E+05
  0.588037E+05
  0.554070E+05
  0.519605E+05
  0.484850E+05
  0.452081E+05
  0.422662E+05
  0.396946E+05
  0.375757E+05
  0.358086E+05
  0.342411E+05
  0.327548E+05
  0.312284E+05
  0.296157E+05
  0.279550E+05
  0.263175E+05
  0.247791E+05
  0.233795E+05
 Curve no.    10
  0.134643E+07
  0.131933E+07
  0.124173E+07
  0.112372E+07
  0.979764E+06
  0.826169E+06
  0.677916E+06
  0.546028E+06
  0.437189E+06
  0.352892E+06
  0.290261E+06
  0.244489E+06
  0.209777E+06
  0.181071E+06
  0.155715E+06
  0.132595E+06
  0.112462E+06
  0.963029E+05
  0.848091E+05
  0.791574E+05
  0.779787E+05
  0.801249E+05
  0.843814E+05
  0.885303E+05
  0.912110E+05
  0.910965E+05
  0.876388E+05
  0.815539E+05
  0.735679E+05
  0.656713E+05
  0.586470E+05
  0.528370E+05
  0.482546E+05
  0.446398E+05
  0.416460E+05
  0.391448E+05
  0.371284E+05
  0.356588E+05
  0.349147E+05
  0.348980E+05
  0.353962E+05
  0.361413E+05
  0.367187E+05
  0.367558E+05
  0.360619E+05
  0.346007E+05
  0.325269E+05
  0.301453E+05
  0.277917E+05
  0.257568E+05
  0.242041E+05
