Radius	                 Ubq-GDn-HCl	

0.0230720739981783	0.004289
0.0232238624077309	0.003984
0.0233756507867731	0.00392199999999999
0.0235274391351055	0.003528
0.0236792274525288	0.004224
0.0238310157388435	0.004072
0.0239828039938502	0.004486
0.0241345922173496	0.003675
0.0242863804091422	0.003945
0.0244381685690286	0.004372
0.0245899566968095	0.00416
0.0247417447922854	0.004247
0.0248935328552569	0.003798
0.0250453208855246	0.004011
0.0251971088828892	0.00423
0.0253488968471512	0.003941
0.0255006847781112	0.004518
0.0256524726755699	0.002793
0.0258042605393278	0.002895
0.0259560483691855	0.002965
0.0261078361649436	0.003792
0.0262596239264028	0.00349500000000001
0.0264114116533637	0.00301
0.0265631993456267	0.003948
0.0267149870029927	0.003601
0.026866774625262	0.00327
0.0270185622122354	0.003275
0.0271703497637135	0.002947
0.0273221372794968	0.003722
0.027473924759386	0.002974
0.0276257122031817	0.00401
0.0277774996106845	0.003728
0.0279292869816949	0.002312
0.0280810743160136	0.003361
0.0282328616134412	0.00330399999999999
0.0283846488737783	0.00365600000000001
0.0285364360968254	0.003036
0.0286882232823833	0.002376
0.0288400104302525	0.002536
0.0289917975402337	0.003114
0.0291435846121273	0.003548
0.0292953716457341	0.00325
0.0294471586408547	0.003332
0.0295989455972896	0.002545
0.0297507325148394	0.002588
0.0299025193933048	0.00264
0.0300543062324864	0.003347
0.0302060930321848	0.003006
0.0303578797922006	0.003153
0.0305096665123344	0.00358799999999999
0.0306614531923868	0.002697
0.0308132398321584	0.002762
0.0309650264314499	0.003114
0.0311168129900618	0.002737
0.0312685995077948	0.003138
0.0314203859844495	0.00294999999999999
0.0315721724198264	0.003048
0.0317239588137263	0.002391
0.0318757451659496	0.002919
0.0320275314762971	0.002404
0.0321793177445693	0.002866
0.0323311039705669	0.002837
0.0324828901540904	0.002754
0.0326346762949405	0.002858
0.0327864623929178	0.00258799999999999
0.0329382484478229	0.002684
0.0330900344594565	0.002597
0.0332418204276191	0.002611
0.0333936063521113	0.003119
0.0335453922327338	0.002871
0.0336971780692872	0.002664
0.0338489638615721	0.002844
0.0340007496093891	0.002719
0.0341525353125388	0.002603
0.034304320970822	0.00269
0.034456106584039	0.002153
0.0346078921519907	0.00248
0.0347596776744776	0.002427
0.0349114631513003	0.002382
0.0350632485822595	0.002939
0.0352150339671558	0.002124
0.0353668193057897	0.002417
0.035518604597962	0.002618
0.0356703898434732	0.002313
0.0358221750421239	0.002174
0.0359739601937148	0.002154
0.0361257452980466	0.00206
0.0362775303549197	0.001865
0.0364293153641349	0.002078
0.0365811003254928	0.002526
0.0367328852387939	0.00238
0.036884670103839	0.003153
0.0370364549204286	0.002798
0.0371882396883634	0.002109
0.0373400244074439	0.002987
0.0374918090774709	0.001931
0.0376435936982449	0.002425
0.0377953782695666	0.002299
0.0379471627912365	0.002342
0.0380989472630554	0.00217700000000001
0.0382507316848239	0.002568
0.0384025160563425	0.002675
0.0385543003774119	0.002872
0.0387060846478327	0.001921
0.0388578688674056	0.001918
0.0390096530359312	0.002356
0.0391614371532101	0.00304
0.039313221219043	0.002317
0.0394650052332304	0.002734
0.039616789195573	0.001885
0.0397685731058715	0.00160200000000001
0.0399203569639265	0.002263
0.0400721407695385	0.002212
0.0402239245225083	0.002063
0.0403757082226364	0.001534
0.0405274918697236	0.002009
0.0406792754635704	0.002419
0.0408310590039774	0.002179
0.0409828424907454	0.002071
0.0411346259236749	0.00207
0.0412864093025665	0.001902
0.041438192627221	0.001853
0.0415899758974389	0.00206199999999999
0.0417417591130209	0.002208
0.0418935422737676	0.001653
0.0420453253794797	0.002068
0.0421971084299577	0.002467
0.0423488914250024	0.001545
0.0425006743644144	0.001967
0.0426524572479942	0.001891
0.0428042400755426	0.001599
0.0429560228468602	0.002045
0.0431078055617476	0.001691
0.0432595882200055	0.001771
0.0434113708214344	0.001256
0.0435631533658352	0.002078
0.0437149358530083	0.00187
0.0438667182827544	0.001933
0.0440185006548742	0.002099
0.0441702829691683	0.002237
0.0443220652254374	0.002057
0.0444738474234821	0.00171900000000001
0.0446256295631031	0.001937
0.0447774116441009	0.002149
0.0449291936662763	0.002048
0.0450809756294298	0.00148
0.0452327575333622	0.001619
0.0453845393778741	0.001663
0.045536321162766	0.00114
0.0456881028878388	0.001513
0.045839884552893	0.001624
0.0459916661577292	0.002256
0.0461434477021482	0.001565
0.0462952291859505	0.001624
0.0464470106089368	0.001543
0.0465987919709078	0.002461
0.0467505732716642	0.001815
0.0469023545110064	0.001706
0.0470541356887353	0.00161799999999999
0.0472059168046515	0.00167
0.0473576978585556	0.001729
0.0475094788502483	0.002
0.0476612597795302	0.001327
0.0478130406462019	0.001346
0.0479648214500643	0.001847
0.0481166021909178	0.002354
0.0482683828685632	0.001798
0.048420163482801	0.001646
0.048571944033432	0.002127
0.0487237245202569	0.001542
0.0488755049430762	0.001725
0.0490272853016906	0.001489
0.0491790655959009	0.001718
0.0493308458255076	0.001426
0.0494826259903113	0.001697
0.0496344060901129	0.001518
0.0497861861247129	8.72999999999999E-4
0.049937966093912	0.001118
0.0500897459975108	0.001909
0.05024152583531	0.001229
0.0503933056071103	0.001673
0.0505450853127124	0.002031
0.0506968649519168	9.49999999999999E-4
0.0508486445245243	0.001968
0.0510004240303356	0.001348
0.0511522034691512	0.001629
0.0513039828407719	0.00146
0.0514557621449983	0.002066
0.0516075413816311	0.001478
0.0517593205504709	0.001264
0.0519110996513185	0.001601
0.0520628786839744	0.001696
0.0522146576482395	0.001342
0.0523664365439142	0.001783
0.0525182153707993	0.001331
0.0526699941286955	0.001723
0.0528217728174035	0.001725
0.0529735514367238	0.001682
0.0531253299864573	0.002115
0.0532771084664044	0.001333
0.053428886876366	0.001516
0.0535806652161427	0.001535
0.0537324434855352	0.001932
0.0538842216843441	0.001473
0.0540359998123701	0.001568
0.0541877778694139	0.001568
0.0543395558552762	0.001797
0.0544913337697576	0.001316
0.0546431116126589	0.001556
0.0547948893837806	0.001919
0.0549466670829235	0.001407
0.0550984447098883	0.001285
0.0552502222644756	0.001418
0.0554019997464861	0.001807
0.0555537771557206	0.001467
0.0557055544919795	0.001652
0.0558573317550638	0.001598
0.0560091089447739	0.001851
0.0561608860609107	0.001076
0.0563126631032748	0.001497
0.0564644400716669	0.001501
0.0566162169658876	0.001724
0.0567679937857377	0.001442
0.0569197705310178	0.001703
0.0570715472015287	0.001785
0.0572233237970709	0.00176800000000001
0.0573751003174453	0.002089
0.0575268767624524	0.001707
0.057678653131893	0.001556
0.0578304294255677	0.001408
0.0579822056432773	0.001443
0.0581339817848225	0.001226
0.0582857578500038	0.001489
0.0584375338386221	0.001303
0.058589309750478	0.001384
0.0587410855853722	9.69999999999999E-4
0.0588928613431053	0.001327
0.0590446370234782	0.001085
0.0591964126262914	9.29000000000006E-4
0.0593481881513457	8.07000000000002E-4
0.0594999635984418	0.001552
0.0596517389673803	0.001186
0.059803514257962	0.001368
0.0599552894699876	0.001067
0.0601070646032577	0.001824
0.060258839657573	0.001367
0.0604106146327343	0.001353
0.0605623895285422	0.001378
0.0607141643447975	0.001405
0.0608659390813008	0.001133
0.0610177137378529	0.001513
0.0611694883142544	0.001486
0.0613212628103061	0.001185
0.0614730372258086	0.00126900000000001
0.0616248115605627	0.001275
0.061776585814369	0.001252
0.0619283599870283	0.001419
0.0620801340783413	0.001404
0.0622319080881086	0.001601
0.062383682016131	0.001262
0.0625354558622092	0.00139
0.0626872296261439	0.00132
0.0628390033077358	0.001409
0.0629907769067856	0.001322
0.063142550423094	0.001184
0.0632943238564617	6.20999999999997E-4
0.0634460972066895	0.001125
0.063597870473578	7.87000000000003E-4
0.063749643656928	0.001463
0.0639014167565402	0.00127
0.0640531897722152	0.00108
0.0642049627037539	7.03000000000002E-4
0.0643567355509568	0.001224
0.0645085083136248	0.001578
0.0646602809915586	0.001439
0.0648120535845587	0.001089
0.0649638260924261	0.00102600000000001
0.0651155985149614	0.001704
0.0652673708519653	0.001694
0.0654191431032385	0.001522
0.0655709152685817	8.82000000000001E-4
0.0657226873477958	0.001319
0.0658744593406813	0.001035
0.066026231247039	0.001114
0.0661780030666697	0.001194
0.066329774799374	0.001294
0.0664815464449527	0.001324
0.0666333180032066	9.16E-4
0.0667850894739362	0.001516
0.0669368608569424	0.001331
0.0670886321520259	9.64E-4
0.0672404033589873	9.05999999999997E-4
0.0673921744776276	0.001405
0.0675439455077472	9.94000000000002E-4
0.0676957164491471	9.79000000000001E-4
0.0678474873016279	0.001003
0.0679992580649903	0.001053
0.0681510287390351	0.001614
0.0683027993235631	0.001724
0.0684545698183748	0.00129
0.0686063402232712	0.001066
0.0687581105380529	0.001137
0.0689098807625205	0.001137
0.069061650896475	0.001371
0.069213420939717	0.001177
0.0693651908920472	0.001009
0.0695169607532665	9.67999999999997E-4
0.0696687305231754	0.001259
0.0698205002015748	0.001157
0.0699722697882654	0.001229
0.070124039283048	5.31999999999998E-4
0.0702758086857232	0.001243
0.0704275779960918	0.001295
0.0705793472139546	0.00117
0.0707311163391123	0.001089
0.0708828853713657	9.12000000000003E-4
0.0710346543105154	0.001266
0.0711864231563623	0.001742
0.0713381919087071	0.00102
0.0714899605673505	0.001465
0.0716417291320932	0.001176
0.0717934976027361	0.001262
0.0719452659790798	0.001289
0.0720970342609252	0.001017
0.0722488024480729	0.001294
0.0724005705403238	0.001144
0.0725523385374785	8.30999999999998E-4
0.0727041064393378	0.001487
0.0728558742457025	0.00131999999999999
0.0730076419563733	9.66000000000002E-4
0.073159409571151	8.91000000000003E-4
0.0733111770898363	6.49999999999998E-4
0.07346294451223	0.001058
0.0736147118381328	7.26000000000004E-4
0.0737664790673455	0.001084
0.0739182461996689	9.76999999999999E-4
0.0740700132349037	0.00156299999999999
0.0742217801728507	0.001285
0.0743735470133106	0.001224
0.0745253137560842	0.001226
0.0746770804009722	0.001074
0.0748288469477755	0.001394
0.0749806133962947	0.001512
0.0751323797463307	0.001309
0.0752841459976841	9.25000000000002E-4
0.0754359121501559	9.98000000000006E-4
0.0755876782035466	8.03999999999999E-4
0.0757394441576572	0.001401
0.0758912100122884	0.001095
0.0760429757672408	0.001294
0.0761947414223154	7.96999999999999E-4
0.0763465069773128	0.001373
0.0764982724320339	7.99000000000001E-4
0.0766500377862793	0.00123599999999999
0.07680180303985	5.01000000000001E-4
0.0769535681925466	9.61000000000004E-4
0.0771053332441699	9.92999999999994E-4
0.0772570981945208	8.07000000000002E-4
0.0774088630433999	9.85E-4
0.0775606277906081	0.001168
0.0777123924359461	8.38000000000005E-4
0.0778641569792147	0.001344
0.0780159214202146	0.001287
0.0781676857587468	7.27999999999999E-4
0.0783194499946118	8.28999999999996E-4
0.0784712141276106	0.001525
0.0786229781575439	8.38999999999999E-4
0.0787747420842125	0.001161
0.0789265059074171	0.001111
0.0790782696269585	0.001009
0.0792300332426376	9.78E-4
0.0793817967542551	0.00140999999999999
0.0795335601616118	0.00120600000000001
0.0796853234645085	0.001157
0.079837086662746	9.17000000000001E-4
0.0799888497561249	6.87E-4
0.0801406127444463	9.75000000000004E-4
0.0802923756275108	9.52000000000001E-4
0.0804441384051192	8.47000000000001E-4
0.0805959010770723	0.001088
0.080747663643171	7.80999999999997E-4
0.0808994261032159	0.001473
0.0810511884570079	0.001049
0.0812029507043478	9.90000000000005E-4
0.0813547128450364	6.52E-4
0.0815064748788745	3.97000000000002E-4
0.0816582368056628	0.001099
0.0818099986252022	6.82000000000002E-4
0.0819617603372935	9.53999999999997E-4
0.0821135219417375	0.001254
0.0822652834383349	7.54999999999999E-4
0.0824170448268866	0.001235
0.0825688061071933	3.58999999999998E-4
0.0827205672790559	0.001346
0.0828723283422752	0.001019
0.083024089296652	7.63E-4
0.083175850141987	0.001317
0.0833276108780812	4.51E-4
0.0834793715047352	6.75000000000002E-4
0.0836311320217499	0.001129
0.0837828924289262	5.24000000000004E-4
0.0839346527260647	0.001266
0.0840864129129664	0.001031
0.084238172989432	7.18000000000003E-4
0.0843899329552624	8.36000000000003E-4
0.0845416928102583	7.52999999999997E-4
0.0846934525542206	0.001958
0.0848452121869501	9.58000000000001E-4
0.0849969717082476	0.001112
0.0851487311179139	0.001071
0.0853004904157498	0.001172
0.0854522496015562	0.00122199999999999
0.0856040086751338	9.47999999999997E-4
0.0857557676362836	7.60999999999998E-4
0.0859075264848062	0.001166
0.0860592852205025	9.73999999999996E-4
0.0862110438431734	9.61999999999998E-4
0.0863628023526197	0.001071
0.0865145607486422	0.001224
0.0866663190310416	8.30999999999998E-4
0.086818077199619	9.92E-4
0.086969835254175	8.08999999999997E-4
0.0871215931945104	5.36999999999996E-4
0.0872733510204262	8.43999999999998E-4
0.0874251087317231	7.71000000000001E-4
0.087576866328202	9.49999999999999E-4
0.0877286238096638	9.71E-4
0.0878803811759091	6.45E-4
0.088032138426739	7.05000000000004E-4
0.0881838955619541	7.10000000000002E-4
0.0883356525813553	8.16999999999998E-4
0.0884874094847436	0.00103
0.0886391662719196	6.37000000000006E-4
0.0887909229426843	0.001074
0.0889426794968384	6.69000000000003E-4
0.0890944359341829	7.74000000000004E-4
0.0892461922545185	0.001108
0.0893979484576461	8.12999999999994E-4
0.0895497045433665	6.47999999999996E-4
0.0897014605114806	7.12999999999998E-4
0.0898532163617892	6.59E-4
0.0900049720940932	0.001051
0.0901567277081934	7.90000000000006E-4
0.0903084832038906	0.001068
0.0904602385809857	0.00102600000000001
0.0906119938392796	9.89999999999998E-4
0.090763748978573	7.33999999999999E-4
0.0909155039986669	6.77999999999998E-4
0.0910672588993621	7.67999999999998E-4
0.0912190136804593	7.67999999999998E-4
0.0913707683417596	7.93000000000002E-4
0.0915225228830637	9.64E-4
0.0916742773041725	8.81999999999994E-4
0.0918260316048869	6.21999999999998E-4
0.0919777857850076	7.77E-4
0.0921295398443356	3.87999999999999E-4
0.0922812937826717	8.57999999999998E-4
0.0924330475998168	8.28000000000002E-4
0.0925848012955717	6.83000000000003E-4
0.0927365548697373	9.09999999999994E-4
0.0928883083221144	0.001073
0.0930400616525039	7.91E-4
0.0931918148607067	7.94000000000003E-4
0.0933435679465237	7.74999999999998E-4
0.0934953209097556	9.53999999999997E-4
0.0936470737502034	7.61999999999999E-4
0.0937988264676679	8.79000000000005E-4
0.09395057906195	9.39999999999996E-4
0.0941023315328506	8.24000000000005E-4
0.0942540838801705	5.86999999999997E-4
0.0944058361037106	9.54000000000003E-4
0.0945575882032717	5.44999999999997E-4
0.0947093401786548	8.31999999999999E-4
0.0948610920296607	9.13999999999998E-4
0.0950128437560903	0.001042
0.0951645953577445	6.48999999999997E-4
0.0953163468344241	0.001183
0.09546809818593	9.75999999999998E-4
0.095619849412063	2.38000000000002E-4
0.0957716005126242	9.52999999999996E-4
0.0959233514874143	0.001087
0.0960751023362342	6.88000000000001E-4
0.0962268530588848	0.001364
0.096378603655167	9.74000000000003E-4
0.0965303541248816	6.39000000000001E-4
0.0966821044678296	0.00129
0.0968338546838119	9.84000000000006E-4
0.0969856047726293	9.61000000000004E-4
0.0971373547340826	3.01999999999997E-4
0.0972891045679729	8.83000000000002E-4
0.097440854274101	8.96000000000001E-4
0.0975926038522677	7.43999999999995E-4
0.097744353302274	0.001128
0.0978961026239207	3.59999999999999E-4
0.0980478518170088	7.25000000000003E-4
0.0981996008813391	9.74999999999997E-4
0.0983513498167126	7.09000000000001E-4
0.0985030986229301	8.65999999999999E-4
0.0986548472997925	6.28000000000004E-4
0.0988065958471007	0.001029
0.0989583442646556	9.78E-4
0.0991100925522582	6.46000000000001E-4
0.0992618407097093	6.07000000000003E-4
0.0994135887368098	7.89999999999999E-4
0.0995653366333606	6.60000000000001E-4
0.0997170843991627	5.48E-4
0.0998688320340168	4.11000000000002E-4
0.100020579537724	4.86E-4
0.100172326910085	6.38000000000007E-4
0.100324074150901	9.38000000000001E-4
0.100475821259973	7.88999999999998E-4
0.100627568237101	5.36000000000002E-4
0.100779315082087	9.70000000000006E-4
0.100931061794732	5.42000000000001E-4
0.101082808374836	8.76000000000002E-4
0.1012345548222 	8.26999999999994E-4
0.101386301136625	8.20000000000001E-4
0.101538047317913	6.28999999999998E-4
0.101689793365863	9.96999999999998E-4
0.101841539280278	0.001227
0.101993285060957	6.84000000000004E-4
0.102145030707703	7.24000000000002E-4
0.102296776220315	5.64000000000002E-4
0.102448521598594	4.54000000000003E-4
0.102600266842342	6.07999999999997E-4
0.10275201195136	7.47000000000005E-4
0.102903756925448	7.48000000000006E-4
0.103055501764407	5.93999999999997E-4
0.103207246468039	6.00000000000003E-4
0.103358991036144	9.39000000000002E-4
0.103510735468523	9.37E-4
0.103662479764977	9.27999999999998E-4
0.103814223925307	9.09E-4
0.103965967949314	7.65000000000002E-4
0.104117711836799	7.03999999999996E-4
0.104269455587563	6.96000000000002E-4
0.104421199201406	8.83999999999996E-4
0.10457294267813	5.48E-4
0.104724686017535	6.55000000000003E-4
0.104876429219423	7.05999999999998E-4
0.105028172283595	0.001286
0.105179915209851	9.32000000000002E-4
0.105331657997992	0.001056
0.105483400647819	6.53000000000001E-4
0.105635143159134	0.001085
0.105786885531737	5.15999999999996E-4
0.105938627765429	6.40000000000002E-4
0.106090369860011	0.00111600000000001
0.106242111815284	6.85000000000005E-4
0.106393853631049	0.00106100000000001
0.106545595307107	6.09999999999999E-4
0.106697336843259	6.41999999999997E-4
0.106849078239305	6.95000000000001E-4
0.107000819495048	7.85999999999995E-4
0.107152560610287	2.19000000000004E-4
0.107304301584823	5.29000000000002E-4
0.107456042418458	8.16999999999998E-4
0.107607783110993	8.65000000000005E-4
0.107759523662229	9.31999999999995E-4
0.107911264071966	9.46000000000002E-4
0.108063004340005	0.001005
0.108214744466148	7.56E-4
0.108366484450195	6.08999999999998E-4
0.108518224291947	5E-4
0.108669963991206	4.88999999999996E-4
0.108821703547772	5.97E-4
0.108973442961446	0.001464
0.109125182232029	7.31000000000002E-4
0.109276921359323	9.20999999999998E-4
0.109428660343127	0.001072
0.109580399183244	8.18000000000006E-4
0.109732137879474	6.99999999999999E-4
0.109883876431618	6.67999999999995E-4
0.110035614839476	6.11E-4
0.110187353102851	7.12999999999998E-4
0.110339091221543	7.22E-4
0.110490829195353	5.70999999999995E-4
0.110642567024082	7.77999999999994E-4
0.11079430470753	2.61000000000004E-4
0.110946042245499	8.16999999999998E-4
0.111097779637791	0.00122299999999999
0.111249516884205	8.38999999999999E-4
0.111401253984543	6.29000000000005E-4
0.111552990938606	6.52E-4
0.111704727746194	9.35999999999999E-4
0.111856464407109	0.001097
0.112008200921153	8.38999999999999E-4
0.112159937288124	4.28999999999999E-4
0.112311673507826	8.71999999999998E-4
0.112463409580058	0.001239
0.112615145504622	4.80999999999995E-4
0.112766881281319	6.84000000000004E-4
0.11291861690995	5.73999999999998E-4
0.113070352390315	1.87E-4
0.113222087722216	8.72999999999999E-4
0.113373822905453	4.73000000000001E-4
0.113525557939829	2.78E-4
0.113677292825143	8.16999999999998E-4
0.113829027561196	0.001349
0.113980762147791	7.17999999999996E-4
0.114132496584727	4.66000000000001E-4
0.114284230871806	8.70000000000003E-4
0.114435965008828	9.20999999999998E-4
0.114587698995596	8.33E-4
0.114739432831909	6.40000000000002E-4
0.114891166517568	8.24999999999999E-4
0.115042900052376	7.96999999999999E-4
0.115194633436132	6.98000000000004E-4
0.115346366668638	8.33E-4
0.115498099749695	4.20000000000004E-4
0.115649832679104	0.001036
0.115801565456665	0.001104
0.115953298082181	5.08000000000002E-4
0.116105030555451	7.11999999999997E-4
0.116256762876277	9.59999999999996E-4
0.11640849504446	5.97E-4
0.1165602270598  	7.65000000000002E-4
0.1167119589221 	7.40999999999999E-4
0.11686369063116	8.14000000000002E-4
0.117015422186781	0.001119
0.117167153588763	9.78E-4
0.117318884836909	2.61999999999998E-4
0.117470615931019	6.41999999999997E-4
0.117622346870894	7.18000000000003E-4
0.117774077656335	4.98999999999999E-4
0.117925808287143	5.55E-4
0.11807753876312	0.001283
0.118229269084065	8.47999999999995E-4
0.118380999249781	9.18000000000002E-4
0.118532729260068	7.93000000000002E-4
0.118684459114728	7.47999999999999E-4
0.118836188813561	7.78000000000001E-4
0.118987918356368	5.52000000000004E-4
0.119139647742951	6.36999999999999E-4
0.11929137697311	2.72000000000001E-4
0.119443106046647	8.89999999999995E-4
0.119594834963363	9.75000000000004E-4
0.119746563723058	4.66000000000001E-4
0.119898292325533	4.84999999999999E-4
0.120050020770591	6.59E-4
0.120201749058031	7.67000000000004E-4
0.120353477187655	6.99999999999999E-4
0.120505205159264	8.03999999999999E-4
0.120656932972659	5.32999999999999E-4
0.120808660627641	5.87999999999998E-4
0.120960388124011	7.49E-4
0.12111211546157	7.42E-4
0.121263842640119	4.22000000000006E-4
0.121415569659459	0.001071
0.121567296519392	0.001176
0.121719023219718	0.001033
0.121870749760239	6.33999999999996E-4
0.122022476140754	0.001283
0.122174202361067	3.75E-4
0.122325928420977	5.06E-4
0.122477654320285	7.09000000000001E-4
0.122629380058794	8.89000000000001E-4
0.122781105636303	9.59999999999996E-4
0.122932831052614	0.001069
0.123084556307528	0.001474
0.123236281400846	0.001059
0.123388006332369	0.001106
0.123539731101899	5.88999999999999E-4
0.123691455709235	8.12E-4
0.12384318015418	8.19E-4
0.123994904436534	3.96000000000001E-4
0.124146628556099	8.09999999999998E-4
0.124298352512675	9.54999999999998E-4
0.124450076306064	8.42999999999997E-4
0.124601799936067	1.32E-4
0.124753523402485	3.05000000000007E-4
0.124905246705118	7.13000000000005E-4
0.125056969843769	9.07000000000005E-4
0.125208692818237	0.001041
0.125360415628325	7.33999999999999E-4
0.125512138273833	5.74999999999999E-4
0.125663860754562	9.00999999999999E-4
0.125815583070314	6.55000000000003E-4
0.125967305220889	5.60999999999999E-4
0.126119027206089	0.001401
0.126270749025715	9.57E-4
0.126422470679568	6.49999999999998E-4
0.126574192167448	5.58000000000003E-4
0.126725913489158	8.71000000000004E-4
0.126877634644498	4.70000000000005E-4
0.127029355633269	0.001033
0.127181076455272	0.001256
0.127332797110309	7.72000000000002E-4
0.12748451759818	0.001015
0.127636237918687	8.74E-4
0.127787958071631	4.26999999999997E-4
0.127939678056813	8.50000000000004E-4
0.128091397874034	5.30999999999997E-4
0.128243117523095	2.77000000000006E-4
0.128394837003797	4.82000000000003E-4
0.128546556315942	9.83999999999999E-4
0.12869827545933	0.001022
0.128849994433763	7.42999999999994E-4
0.129001713239041	2.59999999999996E-4
0.129153431874966	5.65000000000003E-4
0.129305150341339	5.13E-4
0.129456868637962	2.76999999999999E-4
0.129608586764634	0.00102099999999999
0.129760304721158	7.96000000000005E-4
0.129912022507335	5.97E-4
0.130063740122965	3.11000000000006E-4
0.13021545756785	8.97000000000002E-4
0.13036717484179	9.69999999999999E-5
0.130518891944588	2.57E-4
0.130670608876044	4.31000000000001E-4
0.130822325635959	5.13E-4
0.130974042224134	0.001261
0.131125758640371	0.001034
0.131277474884471	0.001105
0.131429190956234	4.11000000000002E-4
0.131580906855463	5.06E-4
0.131732622581958	9.26000000000003E-4
0.13188433813552	0.001297
0.13203605351595	7.56E-4
0.13218776872305	8.46E-4
0.13233948375662	0.001074
0.132491198616463	7.08E-4
0.132642913302378	0.001092
0.132794627814168	4.95000000000002E-4
0.132946342151633	8.17000000000005E-4
0.133098056314575	4.42999999999999E-4
0.133249770302794	0.001092
0.133401484116092	6.59E-4
0.133553197754269	0.001045
0.133704911217128	0.001276
0.13385662450447	6.86000000000006E-4
0.134008337616094	0.001288
0.134160050551804	6.63000000000004E-4
0.134311763311399	9.87000000000002E-4
0.134463475894681	9.83999999999999E-4
0.134615188301451	3.37000000000004E-4
0.13476690053151	6.90999999999997E-4
0.13491861258466	6.24E-4
0.135070324460701	0.001118
0.135222036159436	5.24999999999998E-4
0.135373747680664	7.58000000000002E-4
0.135525459024187	5.06E-4
0.135677170189807	0.001007
0.135828881177324	1.73E-4
0.13598059198654	0.00113
0.136132302617256	1.88000000000001E-4
0.136284013069273	5.38999999999998E-4
0.136435723342392	6.89000000000002E-4
0.136587433436414	6.12000000000001E-4
0.136739143351141	9.71E-4
0.136890853086374	7.84E-4
0.137042562641914	8.40999999999995E-4
0.137194272017562	7.45000000000003E-4
0.13734598121312	8.09999999999998E-4
0.137497690228388	0.00116699999999999
0.137649399063167	6.95000000000001E-4
0.13780110771726	5.73999999999998E-4
0.137952816190467	7.21000000000006E-4
0.138104524482589	7.65000000000002E-4
0.138256232593428	5.97E-4
0.138407940522785	3.71000000000003E-4
0.138559648270461	9.00999999999999E-4
0.138711355836256	9.96000000000004E-4
0.138863063219974	-3.39999999999993E-5
0.139014770421413	4.39999999999996E-4
0.139166477440377	4.31000000000001E-4
0.139318184276665	0.001076
0.13946989093008	8.4E-4
0.139621597400422	0.00129600000000001
0.139773303687493	9.11000000000002E-4
0.139925009791094	0.001053
0.140076715711026	6.48999999999997E-4
0.14022842144709	7.59000000000003E-4
0.140380126999088	2.41000000000005E-4
0.14053183236682	0.00114
0.140683537550089	4.47999999999997E-4
0.140835242548694	4.80000000000001E-4
0.140986947362438	0.001045
0.141138651991122	8.71999999999998E-4
0.141290356434546	9.60000000000003E-4
0.141442060692513	7.92000000000001E-4
0.141593764764823	8.47000000000001E-4
0.141745468651278	9.52999999999996E-4
0.141897172351678	2.69999999999999E-4
0.142048875865825	4.97000000000004E-4
0.142200579193521	0.001011
0.142352282334566	8.76000000000002E-4
0.142503985288762	9.20000000000004E-4
0.14265568805591	8.99000000000004E-4
0.142807390635812	0.001489
0.142959093028267	5.49000000000001E-4
0.143110795233079	0.001034
0.143262497250047	6.49999999999998E-4
0.143414199078974	5.22999999999996E-4
0.14356590071966	0.001162
0.143717602171907	0.001006
0.143869303435516	8.14000000000002E-4
0.144021004510288	4.20000000000004E-5
0.144172705396025	5.17000000000004E-4
0.144324406092527	7.40000000000005E-4
0.144476106599596	0.001198
0.144627806917034	5.37999999999997E-4
0.144779507044641	0.001305
0.144931206982219	0.001211
0.145082906729569	6.51000000000006E-4
0.145234606286493	2.52999999999996E-4
0.145386305652791	9.05000000000003E-4
0.145538004828264	4.46000000000002E-4
0.145689703812715	6.45E-4
0.145841402605945	4.70000000000054E-5
0.145993101207754	7.29E-4
0.146144799617944	0.001115
0.146296497836316	8.25999999999993E-4
0.146448195862671	4.32000000000002E-4
0.146599893696812	2.84E-4
0.146751591338538	7.33999999999999E-4
0.146903288787652	0.001109
0.147054986043955	5.53999999999999E-4
0.147206683107247	7.38000000000003E-4
0.147358379977331	0.001071
0.147510076654007	0.001167
0.147661773137077	6.19000000000001E-4
0.147813469426342	4.98999999999999E-4
0.147965165521603	0.001046
0.148116861422662	7.20000000000005E-4
0.14826855712932	0.001225
0.148420252641378	0.0013
0.148571947958637	0.001415
0.1487236430809	        3.76999999999995E-4
0.148875338007966	7.19999999999998E-4
0.149027032739638	7.7E-4
0.149178727275717	8.51999999999999E-4
0.149330421616004	5.92000000000002E-4
0.1494821157603	         0.001477
0.149633809708407	8.64000000000004E-4
0.149785503460126	4.52000000000001E-4
0.149937197015258	6.49999999999998E-4
0.150088890373604	7.77E-4


