sum_G03_8.tif
             q                I              Err   
     0.0049922870      0.084848556     0.0078253820
     0.0055796145      0.086925990     0.0034454642
     0.0061669418      0.083677049     0.0022226271
     0.0067542690      0.083558550     0.0018761599
     0.0073415960      0.082790341     0.0015043585
     0.0079289228      0.081578612     0.0013817301
     0.0085162495      0.080726816     0.0012230086
     0.0091035759      0.081079895     0.0011263992
     0.0096909021      0.079931242     0.0010123623
      0.010278228      0.079207571     0.0010130096
      0.010865554      0.079382444    0.00097678806
      0.011452879      0.078325850    0.00095959848
      0.012040204      0.078188491    0.00092651659
      0.012627529      0.076985482     0.0011439132
      0.013214854      0.077154913    0.00085586571
      0.013802178      0.076702758    0.00083850823
      0.014389502      0.076011355    0.00079439854
      0.014976825      0.075703764    0.00080373244
      0.015564148      0.075314231    0.00078743572
      0.016151471      0.074654824    0.00075516763
      0.016738793      0.074500305    0.00073834589
      0.017326115      0.073629846    0.00071883189
      0.017913437      0.073259627    0.00067975753
      0.018500758      0.072632065    0.00067965374
      0.019088078      0.071933243    0.00067293710
      0.019675398      0.071223843    0.00065489377
      0.020262718      0.071143359    0.00068230726
      0.020850037      0.070557065    0.00070257369
      0.021437355      0.070177196    0.00072470290
      0.022024673      0.068801300    0.00072554874
      0.022611991      0.068600830    0.00076173402
      0.023199308      0.067853687    0.00076753949
      0.023786624      0.066952499    0.00074048387
      0.024373940      0.066732754    0.00078956054
      0.024961255      0.066123220    0.00068473774
      0.025548569      0.065442126    0.00077930695
      0.026135883      0.064433708    0.00072009395
      0.026723197      0.063724047    0.00062885100
      0.027310509      0.063188707    0.00061114356
      0.027897821      0.062206633    0.00071710320
      0.028485132      0.061866808    0.00059964576
      0.029072443      0.060878508    0.00056263496
      0.029659752      0.059818484    0.00055183339
      0.030247061      0.058850515    0.00054822098
      0.030834370      0.058238771    0.00054303828
      0.031421677      0.057336176    0.00051515413
      0.032008984      0.056479173    0.00051678968
      0.032596290      0.055645066    0.00050471332
      0.033183595      0.054847060    0.00061104809
      0.033770899      0.054478509    0.00050019304
      0.034358202      0.053110143    0.00047481070
      0.034945505      0.052570517    0.00047916331
      0.035532806      0.051901847    0.00048714847
      0.036120107      0.051044261    0.00047268622
      0.036707407      0.049996823    0.00046440308
      0.037294706      0.049461393    0.00047255949
      0.037882004      0.048516550    0.00047434864
      0.038469301      0.047756275    0.00047026782
      0.039056597      0.047058425    0.00047051703
      0.039643892      0.045929695    0.00046566624
      0.040231186      0.045190497    0.00045680726
      0.040818480      0.044066659    0.00046066319
      0.041405772      0.043268847    0.00045683225
      0.041993063      0.042764998    0.00045865724
      0.042580353      0.041952877    0.00044544202
      0.043167642      0.040884160    0.00042913792
      0.043754930      0.039968399    0.00041408351
      0.044342217      0.039626536    0.00040383415
      0.044929502      0.038376286    0.00040539473
      0.045516787      0.037566116    0.00041700249
      0.046104070      0.036955557    0.00040047850
      0.046691353      0.036163791    0.00038010049
      0.047278634      0.035170688    0.00037834912
      0.047865914      0.034457806    0.00038287112
      0.048453192      0.033399006    0.00038327403
      0.049040470      0.032944987    0.00036887556
      0.049627746      0.032226854    0.00036181122
      0.050215021      0.031551368    0.00036618222
      0.050802295      0.030778581    0.00035209834
      0.051389568      0.029896542    0.00033584528
      0.051976839      0.029290162    0.00034438190
      0.052564109      0.028164128    0.00035696609
      0.053151378      0.027811552    0.00033893420
      0.053738645      0.027060187    0.00032589417
      0.054325911      0.026353531    0.00032506439
      0.054913176      0.025429096    0.00032575792
      0.055500439      0.025002626    0.00032130421
      0.056087701      0.024326327    0.00033788980
      0.056674961      0.023799215    0.00033391589
      0.057262220      0.023021880    0.00030758407
      0.057849478      0.022317404    0.00032386945
      0.058436734      0.021467043    0.00030504252
      0.059023989      0.021017438    0.00032369423
      0.059611242      0.020480325    0.00029388564
      0.060198494      0.019910012    0.00029940443
      0.060785744      0.019262460    0.00029343980
      0.061372993      0.018529226    0.00029804552
      0.061960240      0.018050890    0.00029143886
      0.062547486      0.017420531    0.00028776118
      0.063134730      0.016985017    0.00028782355
      0.063721972      0.016327389    0.00028080372
      0.064309213      0.015750627    0.00027581062
      0.064896452      0.015295923    0.00027743322
      0.065483690      0.014868714    0.00027904388
      0.066070926      0.014250046    0.00028427932
      0.066658161      0.013982727    0.00027366154
      0.067245393      0.013410462    0.00027850952
      0.067832625      0.012830276    0.00027441216
      0.068419854      0.012421304    0.00026893355
      0.069007082      0.011772144    0.00027044315
      0.069594308      0.011287417    0.00026346510
      0.070181532      0.010995393    0.00026180708
      0.070768754      0.010665548    0.00025509050
      0.071355975      0.010350341    0.00026298084
      0.071943194     0.0099617476    0.00025264111
      0.072530411     0.0096422433    0.00024711402
      0.073117626     0.0091100914    0.00025040848
      0.073704840     0.0087021386    0.00025231277
      0.074292051     0.0083030095    0.00024938156
      0.074879261     0.0081326740    0.00025216819
      0.075466469     0.0078510984    0.00024137809
      0.076053675     0.0075371949    0.00023696549
      0.076640879     0.0070879330    0.00023658663
      0.077228081     0.0066919153    0.00023632724
      0.077815282     0.0063820800    0.00023939493
      0.078402480     0.0061544650    0.00025927307
      0.078989676     0.0058554830    0.00023041106
      0.079576871     0.0054638470    0.00023205719
      0.080164063     0.0053281739    0.00022850015
      0.080751254     0.0051089257    0.00023343884
      0.081338442     0.0050618689    0.00023173439
      0.081925629     0.0046567774    0.00022590817
      0.082512813     0.0044014127    0.00022995345
      0.083099995     0.0042616565    0.00023086430
      0.083687175     0.0041069748    0.00022911653
      0.084274353     0.0037045651    0.00023158080
      0.084861529     0.0035527341    0.00023180062
      0.085448703     0.0032687520    0.00023654686
      0.086035875     0.0033798290    0.00023244918
      0.086623045     0.0030643681    0.00023436457
      0.087210212     0.0029527441    0.00023041432
      0.087797377     0.0027240271    0.00022817841
      0.088384540     0.0026016281    0.00022841906
      0.088971701     0.0023102757    0.00023016988
      0.089558860     0.0022439194    0.00023331504
      0.090146016     0.0021074449    0.00022847380
      0.090733171     0.0021009419    0.00023075840
      0.091320322     0.0019947400    0.00022409499
      0.091907472     0.0019241635    0.00022345953
      0.092494619     0.0017706051    0.00022618296
      0.093081764     0.0017027625    0.00022728918
      0.093668907     0.0014975299    0.00022080776
      0.094256047     0.0014246377    0.00022004502
      0.094843185     0.0013709241    0.00021425715
      0.095430321     0.0013412510    0.00022213196
      0.096017454     0.0011998770    0.00021653203
      0.096604585     0.0011194672    0.00022115859
      0.097191714    0.00086530883    0.00021804153
      0.097778840     0.0010844798    0.00021846832
      0.098365963    0.00078660158    0.00021851542
      0.098953084    0.00090663376    0.00021741823
      0.099540203    0.00075378167    0.00022380227
       0.10012732    0.00064088850    0.00021998753
       0.10071443    0.00064035855    0.00021962502
       0.10130154    0.00066799841    0.00022797133
       0.10188865    0.00060001112    0.00022093172
       0.10247576    0.00056426659    0.00022647344
       0.10306286    0.00055076900    0.00022893402
       0.10364996    0.00061242087    0.00023203423
       0.10423706    0.00043752761    0.00023515018
       0.10482416    0.00032147384    0.00022481585
       0.10541125    0.00041058546    0.00022464293
       0.10599834    0.00054124814    0.00022248056
       0.10658543    0.00034463972    0.00022089462
       0.10717251    0.00047498911    0.00022216888
       0.10775960    0.00036161059    0.00022099077
       0.10834668    0.00022591582    0.00021950425
       0.10893375    0.00038820292    0.00021807741
       0.10952083    0.00028880645    0.00021488772
       0.11010790    0.00010862190    0.00021606038
       0.11069497    0.00040895253    0.00021456411
       0.11128203    0.00032859675    0.00021938755
       0.11186910    0.00039856051    0.00022185596
       0.11245616    0.00036206607    0.00021796971
       0.11304322    0.00028466022    0.00021339552
       0.11363027    0.00044060092    0.00021406321
       0.11421732    0.00044199349    0.00021867476
       0.11480437    0.00029168986    0.00021478560
       0.11539142    0.00036824014    0.00021665424
       0.11597846    0.00037883991    0.00021328089
       0.11656550    0.00040553005    0.00022167253
       0.11715254    0.00044502064    0.00021441617
       0.11773958    0.00037397504    0.00022652467
       0.11832661    0.00019662872    0.00020945338
       0.11891364    0.00038806374    0.00021238855
       0.11950066    0.00030115380    0.00022089561
       0.12008769    0.00047959371    0.00021660473
       0.12067471    0.00037014746    0.00022482475
       0.12126172    0.00037911461    0.00021821013
       0.12184874    0.00053854031    0.00022462739
       0.12243575    0.00030056949    0.00022328074
       0.12302276    0.00044160847    0.00022666265
       0.12360976    0.00041614301    0.00022231549
       0.12419676    0.00040752331    0.00022257951
       0.12478376    0.00036123872    0.00022080997
       0.12537076    0.00047327368    0.00022672698
       0.12595775    0.00041276577    0.00022126089
       0.12654474    0.00051279657    0.00022759615
       0.12713172    0.00054334850    0.00022648895
       0.12771871    0.00050800211    0.00022351398
       0.12830569    0.00062710889    0.00022591403
       0.12889266    0.00035654368    0.00022318613
       0.12947964    0.00045675104    0.00022611493
       0.13006661    0.00040622717    0.00022348417
       0.13065357    0.00046182614    0.00022560549
       0.13124054    0.00049862617    0.00022157930
       0.13182750    0.00050387448    0.00022296134
       0.13241445    0.00053644754    0.00022025069
       0.13300141    0.00052181932    0.00022369462
       0.13358836    0.00033543702    0.00022152715
       0.13417530    0.00062085765    0.00022712972
       0.13476225    0.00029323105    0.00022418519
       0.13534919    0.00052211366    0.00022958550
       0.13593613    0.00049968653    0.00022327097
       0.13652306    0.00054215837    0.00022860084
       0.13710999    0.00054714399    0.00022408249
       0.13769692    0.00044808237    0.00022177789
       0.13828384    0.00054822060    0.00022153275
       0.13887076    0.00048601397    0.00022756897
       0.13945768    0.00058387038    0.00022648610
       0.14004459    0.00041795767    0.00022716300
       0.14063150    0.00052988455    0.00022572405
       0.14121840    0.00042433689    0.00022338322
       0.14180531    0.00041833581    0.00022552556
       0.14239220    0.00069539914    0.00023025975
       0.14297910    0.00052416257    0.00022532699
       0.14356599    0.00060605095    0.00022323642
       0.14415288    0.00044392063    0.00022754880
       0.14473976    0.00054568114    0.00023269794
       0.14532664    0.00058243587    0.00024098554
       0.14591352    0.00053182644    0.00022462985
       0.14650040    0.00042137395    0.00022797266
       0.14708727    0.00052331239    0.00022177694
       0.14767413    0.00034593133    0.00022632019
       0.14826099    0.00048373963    0.00022250933
       0.14884785    0.00035147150    0.00022526441
       0.14943471    0.00065296663    0.00022406006
       0.15002156    0.00037958390    0.00023402143
       0.15060841    0.00052207672    0.00022884636
       0.15119525    0.00048802722    0.00022404086
       0.15178209    0.00037887875    0.00022729762
       0.15236893    0.00046747583    0.00022932184
       0.15295576    0.00040671575    0.00022166779
       0.15354259    0.00035496977    0.00022598445
       0.15412942    0.00038884295    0.00022659640
       0.15471624    0.00043646516    0.00022022378
       0.15530305    0.00038176513    0.00022330241
       0.15588987    0.00031753464    0.00022288741
       0.15647668    0.00038681728    0.00022141812
       0.15706348    0.00045082973    0.00022223968
       0.15765028    0.00032375643    0.00021826456
       0.15823708    0.00039263077    0.00022045605
       0.15882388    0.00041306776    0.00022002319
       0.15941067    0.00039873880    0.00021991977
       0.15999745    0.00052771215    0.00022298749
       0.16058423    0.00033379340    0.00022124151
       0.16117101    0.00047065635    0.00021874653
       0.16175778    0.00033264867    0.00023093420
       0.16234455    0.00031945013    0.00022753611
       0.16293132    0.00021864349    0.00023706639
       0.16351808    0.00032994067    0.00024567770
       0.16410484    0.00034467396    0.00024721432
       0.16469159    0.00030500621    0.00025377209
       0.16527834    0.00030586788    0.00025175344
       0.16586509    0.00023155168    0.00025419777
       0.16645183    0.00019843853    0.00026060196
       0.16703857    0.00025287623    0.00025674457
       0.16762530    0.00022330412    0.00026133652
       0.16821203    0.00035704382    0.00025367159
       0.16879875    0.00030171853    0.00025850686
       0.16938547    0.00017917274    0.00025363034
       0.16997219    0.00024991282    0.00025295290
       0.17055890    0.00029160264    0.00025186915
       0.17114561    0.00016373906    0.00026682878
       0.17173231    0.00020460637    0.00026240262
       0.17231901    0.00018700431    0.00025846429
       0.17290571    0.00020635887    0.00027131180
       0.17349240    0.00024550977    0.00027002334
       0.17407908    7.7416122e-05    0.00027159839
       0.17466576    0.00024396289    0.00025886223
       0.17525244    1.3595083e-05    0.00026966588
       0.17583911    0.00010299509    0.00026618107
       0.17642578    0.00031156946    0.00026189037
       0.17701245    0.00010790900    0.00027053147
       0.17759911    1.2244662e-05    0.00026245994
       0.17818576    0.00015254594    0.00027388984
       0.17877241    7.1779996e-05    0.00026533853
       0.17935906    9.7035121e-05    0.00026366932
       0.17994570    6.5996644e-05    0.00026035110
       0.18053234   -3.8276224e-05    0.00026969608
       0.18111897    0.00021564852    0.00026854301
       0.18170560    0.00014536184    0.00027038364
       0.18229222    2.2370314e-05    0.00026916943
       0.18287884    0.00011065123    0.00028468675
       0.18346546    0.00019317917    0.00027419169
       0.18405207    6.4578610e-06    0.00026849893
       0.18463868    0.00014415721    0.00026290518
       0.18522528    0.00010731352    0.00026749658
       0.18581187    0.00012081787    0.00026664662
       0.18639846    4.8265521e-05    0.00027077154
       0.18698505    9.0473606e-05    0.00026841057
       0.18757163   -2.9522952e-05    0.00026817522
       0.18815821   -5.7386097e-05    0.00027299510
       0.18874479    9.5322954e-05    0.00026509443
       0.18933135    1.9021195e-05    0.00026702930
       0.18991792    0.00023543255    0.00027123087
       0.19050448    3.0272247e-05    0.00027396246
       0.19109103    6.3960705e-05    0.00026607850
       0.19167758   -1.5056969e-05    0.00026458279
       0.19226413    0.00014214119    0.00026819180
       0.19285067    0.00021843807    0.00027379061
       0.19343720    0.00010623546    0.00026192204
       0.19402373   -0.00011430470    0.00026391655
       0.19461026    0.00015764530    0.00026612890
       0.19519678    5.4583474e-05    0.00025898468
       0.19578329    8.0849417e-05    0.00026753847
       0.19636980    0.00012095762    0.00025967985
       0.19695631    0.00023075924    0.00026374177
       0.19754281    0.00016813840    0.00027333093
       0.19812931    0.00012163285    0.00027026726
       0.19871580    0.00013260135    0.00026578359
       0.19930229    0.00015367029    0.00026466582
       0.19988877    2.4471381e-05    0.00026029832
       0.20047524    0.00019656053    0.00027505691
       0.20106171   -6.0259580e-05    0.00026442950
       0.20164818   -0.00011973941    0.00026385811
       0.20223464    3.7688394e-05    0.00026309079
       0.20282110   -3.2044679e-05    0.00026268691
       0.20340755    3.8723900e-06    0.00025766005
       0.20399400    0.00032558906     0.0024745298
       0.20458044    3.0092241e-05    0.00026350646
       0.20516687   -3.3432375e-05    0.00026802293
       0.20575330    0.00017596340    0.00027249460
       0.20633973   -8.4133901e-05    0.00025755488
       0.20692615    5.9527603e-05    0.00026368982
       0.20751257    9.1920968e-05    0.00026617402
       0.20809898    0.00012127886    0.00030421117
       0.20868538    0.00016165956    0.00025722987
       0.20927178    3.4639645e-05    0.00025524381
       0.20985818    0.00020371000    0.00025716698
       0.21044456   -3.9281241e-05    0.00025699014
       0.21103095   -9.6450663e-05    0.00025645169
       0.21161733    0.00012127967    0.00026462375
       0.21220370    0.00010235655    0.00029641325
       0.21279007    7.9380467e-05    0.00028287261
       0.21337643    0.00016263793    0.00027964113
       0.21396279    1.5638184e-05    0.00026052552
       0.21454914   -8.4088723e-05    0.00025499750
       0.21513549    0.00012385721    0.00026378234
       0.21572183   -0.00012680645    0.00026917296
       0.21630817    7.9199121e-05    0.00027033761
       0.21689450    0.00011841747    0.00025937667
       0.21748082    0.00016766555    0.00026268049
       0.21806715    5.5144578e-05    0.00027465888
       0.21865346    0.00021653127    0.00026743062
       0.21923977    0.00019234028    0.00028107976
       0.21982607    6.1169302e-05    0.00029218245
       0.22041237    0.00021634944    0.00029264434
       0.22099866    0.00023328979    0.00031978431
       0.22158495    0.00014293386    0.00032035981
       0.22217123    2.0343775e-05    0.00030955120
       0.22275751   -1.6521406e-05    0.00033520440
       0.22334378    0.00015405310    0.00031553039
       0.22393005    0.00017734189    0.00033746591
       0.22451631    0.00024464685    0.00031641699
       0.22510256    0.00022588290    0.00032445590
       0.22568881    0.00031069149    0.00033191239
       0.22627505    0.00015868365    0.00033873386
       0.22686129    0.00021694721    0.00034283998
       0.22744752    0.00016373652    0.00035103634
       0.22803374    0.00014207515    0.00034295082
       0.22861997   -8.9608522e-05    0.00036377477
       0.22920618    0.00023268315    0.00035531198
       0.22979239    0.00016470511    0.00036216267
       0.23037859   -0.00014356117    0.00034820548
       0.23096479    8.6325719e-05    0.00038356333
       0.23155098    9.4266841e-05    0.00037448261
       0.23213717    4.4092700e-05    0.00037575222
       0.23272335   -0.00011574459    0.00036960739
       0.23330952    0.00018018412    0.00037696079
       0.23389569    7.0939069e-05    0.00038353381
       0.23448185   -0.00021384363    0.00039955523
       0.23506801    0.00027693109    0.00039766978
       0.23565416    0.00029306574    0.00040526845
       0.23624030    2.0443151e-05    0.00040634499
       0.23682644    2.5547663e-05    0.00040694288
       0.23741258    0.00024637467    0.00042823288
       0.23799870    0.00048966095    0.00042053115
       0.23858483    8.5299776e-05    0.00043197481
       0.23917094    0.00024260843    0.00043212779
       0.23975705    0.00015472123    0.00045231939
       0.24034315    0.00014190482    0.00046022895
       0.24092925   -0.00010129838    0.00047544829
       0.24151534    0.00021104598    0.00046153794
       0.24210143    0.00032036965    0.00047676848
       0.24268751   -2.2261843e-05    0.00053967020
       0.24327358    3.0610037e-05    0.00050257584
       0.24385965    4.4748361e-05    0.00050203577
       0.24444571   -4.5466453e-05    0.00051578355
       0.24503177    0.00031305637    0.00051953711
       0.24561781    1.0101874e-05    0.00054037693
       0.24620386   -8.1510154e-06    0.00052216139
       0.24678989   -0.00031333051    0.00057681160
       0.24737593   -3.7019222e-05    0.00058404052
       0.24796195    4.8888388e-05    0.00058518095
       0.24854797    0.00031790408    0.00062077985
       0.24913398   -2.6869271e-05    0.00066266259
       0.24971999    0.00058580856    0.00061858985
       0.25030599    0.00022210615    0.00066178111
       0.25089198    0.00038448200    0.00065418909
       0.25147797    0.00010962425    0.00063237523
       0.25206395   -8.4490867e-05    0.00068192423
       0.25264992    9.1189295e-05    0.00067766214
       0.25323589   -2.4291228e-05    0.00071178647
       0.25382185   -1.7232748e-05    0.00070541856
       0.25440781   -5.3974422e-06    0.00070023575
       0.25499376    0.00037850060    0.00072751474
       0.25557970   -6.5317464e-05    0.00076738189
       0.25616564   -0.00013497983    0.00078101459
       0.25675157    0.00072006328    0.00078053449
       0.25733750    0.00026854893    0.00080242343
       0.25792341    0.00023024214    0.00079421295
       0.25850932   -0.00010689149    0.00083325574
       0.25909523   -0.00013643105     0.0011426492
       0.25968113    0.00033589909    0.00085360180
       0.26026702    0.00034583822    0.00094700029
       0.26085290    0.00041523499    0.00094499746
       0.26143878   -9.4123896e-05    0.00091413728
       0.26202466    2.7152670e-05    0.00095821503
       0.26261052    0.00036784303    0.00093701437
       0.26319638   -0.00017359801     0.0010212787
       0.26378223    0.00026208436    0.00095479275
       0.26436808    5.5375459e-05     0.0011299826
       0.26495392    0.00056994219     0.0015421713
       0.26553975   -0.00084343994     0.0017798850
