sum_G03_2.tif
             q                I              Err   
     0.0049922870       0.29130262     0.0093310924
     0.0055796145       0.29120615     0.0038467147
     0.0061669418       0.28846922     0.0025942527
     0.0067542690       0.28966671     0.0023609304
     0.0073415960       0.28776548     0.0021058357
     0.0079289228       0.28643860     0.0017892608
     0.0085162495       0.28616215     0.0016669965
     0.0091035759       0.28517823     0.0015505427
     0.0096909021       0.28390494     0.0015056819
      0.010278228       0.28198657     0.0014050876
      0.010865554       0.28244817     0.0013320089
      0.011452879       0.28105468     0.0013539700
      0.012040204       0.27836786     0.0013093282
      0.012627529       0.27812143     0.0020325017
      0.013214854       0.27710638     0.0012210612
      0.013802178       0.27508133     0.0012027270
      0.014389502       0.27369960     0.0011450447
      0.014976825       0.27172698     0.0010748424
      0.015564148       0.27119903     0.0011184998
      0.016151471       0.26859821     0.0011379548
      0.016738793       0.26684630     0.0010554720
      0.017326115       0.26562682     0.0010446649
      0.017913437       0.26416999    0.00098418806
      0.018500758       0.26254052     0.0010060269
      0.019088078       0.26005789    0.00093733499
      0.019675398       0.25828481    0.00098867436
      0.020262718       0.25770822     0.0011201730
      0.020850037       0.25474732     0.0010926843
      0.021437355       0.25284751     0.0011254568
      0.022024673       0.25000294     0.0011392795
      0.022611991       0.24924771     0.0012449595
      0.023199308       0.24767561     0.0012531877
      0.023786624       0.24508010     0.0012311371
      0.024373940       0.24304958     0.0014383193
      0.024961255       0.24051489     0.0010946463
      0.025548569       0.23874354     0.0013515441
      0.026135883       0.23596044     0.0012736519
      0.026723197       0.23317850     0.0010222976
      0.027310509       0.23111353    0.00095373241
      0.027897821       0.22751940     0.0012704247
      0.028485132       0.22579130    0.00088030722
      0.029072443       0.22276689    0.00085906691
      0.029659752       0.21981210    0.00082792851
      0.030247061       0.21694766    0.00083300452
      0.030834370       0.21358274    0.00079224952
      0.031421677       0.21141668    0.00080607307
      0.032008984       0.20846623    0.00076959108
      0.032596290       0.20504865    0.00074559016
      0.033183595       0.20209055     0.0010606597
      0.033770899       0.20015467    0.00074125239
      0.034358202       0.19659813    0.00071469018
      0.034945505       0.19399548    0.00069822841
      0.035532806       0.19094801    0.00078854159
      0.036120107       0.18821587    0.00068284469
      0.036707407       0.18557716    0.00068758693
      0.037294706       0.18275230    0.00071201629
      0.037882004       0.17926756    0.00071429650
      0.038469301       0.17645755    0.00070100468
      0.039056597       0.17309009    0.00066634535
      0.039643892       0.17028880    0.00068362215
      0.040231186       0.16735944    0.00066594168
      0.040818480       0.16381469    0.00066474281
      0.041405772       0.16106494    0.00065021478
      0.041993063       0.15762767    0.00066298696
      0.042580353       0.15546964    0.00065211868
      0.043167642       0.15182265    0.00060416296
      0.043754930       0.14862816    0.00057883200
      0.044342217       0.14587978    0.00057538655
      0.044929502       0.14268156    0.00057357455
      0.045516787       0.13998432    0.00061535432
      0.046104070       0.13714330    0.00054391872
      0.046691353       0.13382320    0.00053901042
      0.047278634       0.13093238    0.00053581670
      0.047865914       0.12848917    0.00054058609
      0.048453192       0.12482769    0.00053461542
      0.049040470       0.12253503    0.00052056931
      0.049627746       0.11936758    0.00049014782
      0.050215021       0.11674759    0.00049249436
      0.050802295       0.11401980    0.00048647913
      0.051389568       0.11123318    0.00045955768
      0.051976839       0.10861114    0.00047097392
      0.052564109       0.10549586    0.00049341341
      0.053151378       0.10272199    0.00045210911
      0.053738645       0.10053276    0.00044885123
      0.054325911      0.097770985    0.00043886604
      0.054913176      0.095083609    0.00043759125
      0.055500439      0.092750981    0.00042327667
      0.056087701      0.090142808    0.00044207468
      0.056674961      0.087789288    0.00045653213
      0.057262220      0.085340381    0.00040167043
      0.057849478      0.082700511    0.00042291406
      0.058436734      0.080543353    0.00039418381
      0.059023989      0.078068214    0.00042777058
      0.059611242      0.075940304    0.00038383114
      0.060198494      0.073846531    0.00038226768
      0.060785744      0.071097860    0.00037112813
      0.061372993      0.068984107    0.00037084017
      0.061960240      0.066984783    0.00036910426
      0.062547486      0.064804355    0.00036349633
      0.063134730      0.062850322    0.00035715709
      0.063721972      0.060931578    0.00035240305
      0.064309213      0.058829815    0.00034135990
      0.064896452      0.056837224    0.00034670752
      0.065483690      0.054870589    0.00033960302
      0.066070926      0.053007588    0.00034948767
      0.066658161      0.051453512    0.00033200352
      0.067245393      0.049503035    0.00034777499
      0.067832625      0.047612038    0.00034139122
      0.068419854      0.045919836    0.00031797039
      0.069007082      0.044247158    0.00032224118
      0.069594308      0.042607779    0.00031478319
      0.070181532      0.040970721    0.00029768261
      0.070768754      0.039695700    0.00030375461
      0.071355975      0.037963370    0.00031424633
      0.071943194      0.036783362    0.00030008351
      0.072530411      0.035217220    0.00028967282
      0.073117626      0.033755430    0.00029195710
      0.073704840      0.032480129    0.00029419581
      0.074292051      0.031235648    0.00028828528
      0.074879261      0.030151090    0.00029441593
      0.075466469      0.028715130    0.00027156256
      0.076053675      0.027558012    0.00026934760
      0.076640879      0.026211684    0.00026705545
      0.077228081      0.025236449    0.00026431572
      0.077815282      0.023979777    0.00026810912
      0.078402480      0.023001094    0.00029574071
      0.078989676      0.021782307    0.00025465053
      0.079576871      0.020722192    0.00025692581
      0.080164063      0.019960524    0.00025336081
      0.080751254      0.019212236    0.00025790527
      0.081338442      0.018063335    0.00025130738
      0.081925629      0.017322878    0.00024495749
      0.082512813      0.016377740    0.00024828755
      0.083099995      0.015584934    0.00024632077
      0.083687175      0.014974868    0.00024769363
      0.084274353      0.014105732    0.00024749373
      0.084861529      0.013375664    0.00024566295
      0.085448703      0.012499447    0.00024934943
      0.086035875      0.012104989    0.00024729456
      0.086623045      0.011271332    0.00024880969
      0.087210212      0.010836888    0.00024693127
      0.087797377      0.010279329    0.00023569160
      0.088384540     0.0095955915    0.00023819095
      0.088971701     0.0089402520    0.00024092489
      0.089558860     0.0085100743    0.00024255447
      0.090146016     0.0080026517    0.00023531619
      0.090733171     0.0076004471    0.00023460442
      0.091320322     0.0072593688    0.00022895752
      0.091907472     0.0068712645    0.00023056242
      0.092494619     0.0063838757    0.00023474056
      0.093081764     0.0059910455    0.00022997239
      0.093668907     0.0056319001    0.00022423890
      0.094256047     0.0052475563    0.00022024052
      0.094843185     0.0050024911    0.00022040574
      0.095430321     0.0047101280    0.00022610596
      0.096017454     0.0042936398    0.00021831499
      0.096604585     0.0040725283    0.00022587492
      0.097191714     0.0037164456    0.00021788299
      0.097778840     0.0037212915    0.00022087524
      0.098365963     0.0032781013    0.00021955238
      0.098953084     0.0031210229    0.00021974328
      0.099540203     0.0029674188    0.00022506530
       0.10012732     0.0027785239    0.00022006432
       0.10071443     0.0025707184    0.00022525632
       0.10130154     0.0024881070    0.00023043419
       0.10188865     0.0023616286    0.00022383582
       0.10247576     0.0020361872    0.00022737469
       0.10306286     0.0020891779    0.00022708511
       0.10364996     0.0021687767    0.00023342101
       0.10423706     0.0018231363    0.00023278201
       0.10482416     0.0017878201    0.00022375030
       0.10541125     0.0016869540    0.00022311575
       0.10599834     0.0016063300    0.00021966921
       0.10658543     0.0014694643    0.00022054367
       0.10717251     0.0015091326    0.00022135163
       0.10775960     0.0013176695    0.00021824272
       0.10834668     0.0012993621    0.00022069928
       0.10893375     0.0013292964    0.00021562388
       0.10952083     0.0012067176    0.00021375273
       0.11010790     0.0011009169    0.00021581606
       0.11069497     0.0013388281    0.00021304260
       0.11128203     0.0012723791    0.00021617903
       0.11186910     0.0011730961    0.00021873855
       0.11245616     0.0011586774    0.00021875061
       0.11304322     0.0011573949    0.00021260023
       0.11363027     0.0012074929    0.00021339975
       0.11421732     0.0012156208    0.00021758077
       0.11480437     0.0012808139    0.00021256334
       0.11539142     0.0011858453    0.00020992870
       0.11597846     0.0013988719    0.00021231414
       0.11656550     0.0011379095    0.00021732358
       0.11715254     0.0012220122    0.00021331376
       0.11773958     0.0012889648    0.00022443760
       0.11832661     0.0012749401    0.00020870038
       0.11891364     0.0013165989    0.00021016458
       0.11950066     0.0013062957    0.00022171783
       0.12008769     0.0014504198    0.00021602164
       0.12067471     0.0013178842    0.00022185905
       0.12126172     0.0013759010    0.00021807160
       0.12184874     0.0014417060    0.00021996347
       0.12243575     0.0013909991    0.00022107335
       0.12302276     0.0013986217    0.00022337171
       0.12360976     0.0014331378    0.00021961119
       0.12419676     0.0014993967    0.00022128812
       0.12478376     0.0016020740    0.00022065053
       0.12537076     0.0016148318    0.00022862182
       0.12595775     0.0015719827    0.00022077252
       0.12654474     0.0016669387    0.00022844308
       0.12713172     0.0016236926    0.00022545604
       0.12771871     0.0017807904    0.00022243487
       0.12830569     0.0018096744    0.00022671237
       0.12889266     0.0015969149    0.00022294444
       0.12947964     0.0015769900    0.00022008230
       0.13006661     0.0016856868    0.00022332150
       0.13065357     0.0016991205    0.00022460791
       0.13124054     0.0017393864    0.00022086684
       0.13182750     0.0017744804    0.00021946022
       0.13241445     0.0017773772    0.00022238275
       0.13300141     0.0017820665    0.00022158786
       0.13358836     0.0017122258    0.00022142416
       0.13417530     0.0019850305    0.00022490614
       0.13476225     0.0017282601    0.00022284243
       0.13534919     0.0018539929    0.00022856942
       0.13593613     0.0018383297    0.00022000321
       0.13652306     0.0020140314    0.00023157788
       0.13710999     0.0019180918    0.00022458479
       0.13769692     0.0018806187    0.00022519673
       0.13828384     0.0020366870    0.00022331895
       0.13887076     0.0018417150    0.00022623499
       0.13945768     0.0019845161    0.00022621691
       0.14004459     0.0019746203    0.00022933814
       0.14063150     0.0019484358    0.00022601067
       0.14121840     0.0018865587    0.00022365696
       0.14180531     0.0017550232    0.00022125034
       0.14239220     0.0020361734    0.00023217305
       0.14297910     0.0019541974    0.00022266773
       0.14356599     0.0020740853    0.00022505342
       0.14415288     0.0017872276    0.00022434194
       0.14473976     0.0017789536    0.00022924203
       0.14532664     0.0019112024    0.00024037993
       0.14591352     0.0018444514    0.00022141232
       0.14650040     0.0017753673    0.00022496196
       0.14708727     0.0019198359    0.00022103520
       0.14767413     0.0017527449    0.00022331602
       0.14826099     0.0017686566    0.00021834492
       0.14884785     0.0017166725    0.00022001212
       0.14943471     0.0018254191    0.00022471907
       0.15002156     0.0017671708    0.00023219095
       0.15060841     0.0017025045    0.00022686054
       0.15119525     0.0017050598    0.00022155730
       0.15178209     0.0015687773    0.00022620484
       0.15236893     0.0016360719    0.00023079929
       0.15295576     0.0016218919    0.00022102415
       0.15354259     0.0014940315    0.00022434053
       0.15412942     0.0015359123    0.00022478887
       0.15471624     0.0015513043    0.00022630071
       0.15530305     0.0014973025    0.00022229049
       0.15588987     0.0013579778    0.00021926321
       0.15647668     0.0014041978    0.00022003025
       0.15706348     0.0013620727    0.00022097630
       0.15765028     0.0013289954    0.00021736311
       0.15823708     0.0013431322    0.00021745356
       0.15882388     0.0012813248    0.00021573711
       0.15941067     0.0013456577    0.00021964909
       0.15999745     0.0013363978    0.00022112353
       0.16058423     0.0012633692    0.00022035955
       0.16117101     0.0013871549    0.00021664601
       0.16175778     0.0013155496    0.00022806366
       0.16234455     0.0011907389    0.00022655552
       0.16293132    0.00095927703    0.00023636748
       0.16351808     0.0011650576    0.00024392331
       0.16410484     0.0012267830    0.00025385695
       0.16469159    0.00084132466    0.00024763229
       0.16527834     0.0011811604    0.00024922835
       0.16586509    0.00088734325    0.00025767933
       0.16645183    0.00088039683    0.00026116465
       0.16703857    0.00090208638    0.00025234993
       0.16762530    0.00082821106    0.00025816550
       0.16821203     0.0010042877    0.00024964596
       0.16879875    0.00082137273    0.00025781189
       0.16938547    0.00073314741    0.00025222893
       0.16997219    0.00077916133    0.00025328262
       0.17055890    0.00088538476    0.00025052701
       0.17114561    0.00065361532    0.00026204852
       0.17173231    0.00080616787    0.00025694848
       0.17231901    0.00064781079    0.00025617321
       0.17290571    0.00078078467    0.00026549120
       0.17349240    0.00073096154    0.00026548678
       0.17407908    0.00057221704    0.00027358609
       0.17466576    0.00069679669    0.00025436014
       0.17525244    0.00049625518    0.00026589506
       0.17583911    0.00043403436    0.00026166852
       0.17642578    0.00048386346    0.00025662817
       0.17701245    0.00048483013    0.00026455698
       0.17759911    0.00048226622    0.00026003442
       0.17818576    0.00036144331    0.00026940698
       0.17877241    0.00048028536    0.00026096914
       0.17935906    0.00035994404    0.00025800211
       0.17994570    0.00042748588    0.00026208428
       0.18053234    0.00031089670    0.00026652132
       0.18111897    0.00045667868    0.00026426714
       0.18170560    0.00046176900    0.00026627744
       0.18229222    0.00025681907    0.00026513690
       0.18287884    0.00043161691    0.00027787248
       0.18346546    0.00048034907    0.00027182677
       0.18405207    0.00029202134    0.00025891873
       0.18463868    0.00026920608    0.00026054819
       0.18522528    0.00045107417    0.00026532559
       0.18581187    0.00045233477    0.00026369881
       0.18639846    0.00046013376    0.00026860669
       0.18698505    0.00034205213    0.00026532741
       0.18757163    8.6577745e-05    0.00026359761
       0.18815821    0.00034904385    0.00026469568
       0.18874479    0.00022254422    0.00025919539
       0.18933135    0.00020308557    0.00026417037
       0.18991792    0.00021696595    0.00026665586
       0.19050448    0.00028830658    0.00027036196
       0.19109103    0.00025496107    0.00026348691
       0.19167758    0.00013770957    0.00026565800
       0.19226413    0.00027107923    0.00026465039
       0.19285067    0.00036950122    0.00027054250
       0.19343720    0.00033909442    0.00026176944
       0.19402373    0.00013688430    0.00026069949
       0.19461026    0.00015396686    0.00026104385
       0.19519678    0.00013361047    0.00025657155
       0.19578329    0.00022327058    0.00026670055
       0.19636980    0.00018092690    0.00025906807
       0.19695631    0.00032804496    0.00025643079
       0.19754281    0.00027664036    0.00026947087
       0.19812931    0.00041579909    0.00026523564
       0.19871580    0.00020472046    0.00026046726
       0.19930229    0.00014322639    0.00025994458
       0.19988877    0.00024760604    0.00025936489
       0.20047524    0.00014544679    0.00027135165
       0.20106171    0.00017302532    0.00026280876
       0.20164818    0.00016923021    0.00026021121
       0.20223464    0.00014831278    0.00025710795
       0.20282110    0.00017062863    0.00026096478
       0.20340755    0.00014361158    0.00025129703
       0.20399400    5.0699564e-05     0.0015829245
       0.20458044    0.00014131073    0.00025941999
       0.20516687    0.00010988923    0.00026217477
       0.20575330    0.00020342388    0.00026032354
       0.20633973    0.00019732050    0.00025419111
       0.20692615    0.00028736165    0.00025537429
       0.20751257    0.00015108655    0.00025818351
       0.20809898    0.00021314619    0.00029969996
       0.20868538    0.00028458076    0.00025727247
       0.20927178    0.00027253672    0.00024725103
       0.20985818    0.00031394658    0.00025324710
       0.21044456    0.00027639356    0.00025462636
       0.21103095    0.00023011800    0.00025512565
       0.21161733    0.00019887723    0.00026127775
       0.21220370    0.00035578776    0.00029377801
       0.21279007    0.00022630806    0.00027583557
       0.21337643    0.00039943829    0.00027784734
       0.21396279    0.00035456795    0.00025774284
       0.21454914    0.00020668730    0.00025648848
       0.21513549    0.00037897064    0.00025691599
       0.21572183    4.9451390e-05    0.00026503620
       0.21630817    0.00023065150    0.00026262994
       0.21689450    0.00022018932    0.00025871426
       0.21748082    0.00050602460    0.00025931004
       0.21806715    0.00012254236    0.00027077949
       0.21865346    0.00047907335    0.00026383694
       0.21923977    0.00033597171    0.00027611223
       0.21982607    0.00044539883    0.00028143680
       0.22041237    0.00031349330    0.00028238415
       0.22099866    0.00031154172    0.00031851257
       0.22158495    0.00022619074    0.00031629010
       0.22217123    0.00038969073    0.00030199435
       0.22275751    0.00041553449    0.00032652756
       0.22334378    0.00061185079    0.00030661036
       0.22393005    0.00036321727    0.00032713986
       0.22451631    0.00031586685    0.00031197438
       0.22510256    0.00022552043    0.00032136298
       0.22568881    0.00048987337    0.00032535241
       0.22627505    0.00046217668    0.00032881935
       0.22686129    0.00040337318    0.00033494540
       0.22744752    0.00036108560    0.00034407629
       0.22803374    0.00033167412    0.00033924966
       0.22861997    0.00031738760    0.00036006921
       0.22920618    0.00039121147    0.00034829732
       0.22979239    0.00049048264    0.00035570416
       0.23037859    0.00042462693    0.00034909673
       0.23096479    0.00067517410    0.00038031126
       0.23155098    0.00028574807    0.00035999268
       0.23213717    0.00057257281    0.00037838742
       0.23272335    0.00017165185    0.00037252317
       0.23330952    0.00050600582    0.00037838014
       0.23389569    0.00025573903    0.00037678294
       0.23448185    0.00012514232    0.00039176236
       0.23506801    0.00062655302    0.00039010221
       0.23565416    0.00030650856    0.00040135224
       0.23624030    0.00013819599    0.00041269812
       0.23682644    0.00030164511    0.00039753581
       0.23741258    0.00044055647    0.00040406999
       0.23799870    0.00042648733    0.00042020635
       0.23858483    3.6284423e-05    0.00041677005
       0.23917094    0.00043316665    0.00043028466
       0.23975705    0.00074484548    0.00044597421
       0.24034315    0.00039222551    0.00046137124
       0.24092925    9.9110059e-05    0.00045759425
       0.24151534    0.00048678471    0.00045483200
       0.24210143    0.00058328370    0.00047325604
       0.24268751    0.00026222778    0.00053868931
       0.24327358    0.00016818348    0.00048706670
       0.24385965    0.00023905030    0.00048580694
       0.24444571   -0.00011694397    0.00050587005
       0.24503177    0.00045962653    0.00051813005
       0.24561781    0.00025068628    0.00053877540
       0.24620386    0.00018409656    0.00051517103
       0.24678989    1.2443682e-05    0.00055731454
       0.24737593    0.00043093074    0.00056992458
       0.24796195   -2.7790333e-05    0.00059163597
       0.24854797    0.00060840938    0.00058845890
       0.24913398    0.00054246228    0.00063863799
       0.24971999    0.00060525602    0.00062590957
       0.25030599    0.00047908938    0.00063479769
       0.25089198    0.00028394550    0.00063080640
       0.25147797    0.00049510783    0.00062161299
       0.25206395    0.00011214069    0.00065666334
       0.25264992    0.00035155498    0.00069809710
       0.25323589    0.00023720441    0.00071198708
       0.25382185    0.00013355522    0.00070188438
       0.25440781    0.00019773274    0.00068349288
       0.25499376    9.9433653e-05    0.00068504131
       0.25557970   -0.00020715147    0.00075335870
       0.25616564   -8.5144385e-06    0.00076739878
       0.25675157    0.00031397330    0.00079006060
       0.25733750    0.00036817523    0.00076747200
       0.25792341    0.00034660091    0.00082298783
       0.25850932    0.00017171044    0.00080509263
       0.25909523   -0.00045350388     0.0011442594
       0.25968113    0.00065003119    0.00081785728
       0.26026702    0.00011907183    0.00091123009
       0.26085290    0.00057958792    0.00088556373
       0.26143878    0.00050118815    0.00092970065
       0.26202466    0.00052906203    0.00097445261
       0.26261052    0.00046703560    0.00093975751
       0.26319638    0.00011901634     0.0010297326
       0.26378223    4.8001249e-05    0.00091609811
       0.26436808   -0.00019785218     0.0011377169
       0.26495392    0.00079282658     0.0015340979
       0.26553975    0.00099080510     0.0025345276
