# data-average
# 28 input parameters
# SubstractSpectrums.txt_2776
# SubstractSpectrums.txt_2776
# SubstractSpectrums.txt_2776
# SubstractSpectrums.txt_2776
# SubstractSpectrums.txt_2776
# SubstractSpectrums.txt_2776
# SubstractSpectrums.txt_2776
# SubstractSpectrums.txt_2776
# SubstractSpectrums.txt_2776
# SubstractSpectrums.txt_2776
# SubstractSpectrums.txt_2776
# SubstractSpectrums.txt_2776
# SubstractSpectrums.txt_2776
# SubstractSpectrums.txt_2776
# SubstractSpectrums.txt_2776
# SubstractSpectrums.txt_2776
# SubstractSpectrums.txt_2776
# SubstractSpectrums.txt_2776
# SubstractSpectrums.txt_2776
# SubstractSpectrums.txt_2776
# SubstractSpectrums.txt_2776
# SubstractSpectrums.txt_2776
# SubstractSpectrums.txt_2776
# SubstractSpectrums.txt_2776
# SubstractSpectrums.txt_2776
# SubstractSpectrums.txt_2776
# SubstractSpectrums.txt_2776
# SubstractSpectrums.txt_2776

q(A-1)              I(q)Ave_userMacros_2777                                     Sig(q)Ave_userMacros_2777                                   
0.0                 nan                 nan                 
0.000679623030842   nan                 nan                 
0.00135924604259    nan                 nan                 
0.00203886901614    nan                 nan                 
0.0027184919324     nan                 nan                 
0.00339811477227    nan                 nan                 
0.00407773751666    nan                 nan                 
0.00475736014646    nan                 nan                 
0.00543698264259    nan                 nan                 
0.00611660498594    nan                 nan                 
0.00679622715742    nan                 nan                 
0.00747584913793    0.080183670047      0.000765817316988   
0.00815547090837    0.0799601666948     0.000362923566418   
0.00883509244965    0.0809209650988     0.000259464897365   
0.00951471374267    0.0811379017507     0.000189519180517   
0.0101943347683     0.0803504267091     0.000160677340335   
0.0108739555075     0.0798990954827     0.000141521440062   
0.0115535759412     0.0795266098869     0.000129187742856   
0.0122331960502     0.0787674113777     0.000118070327296   
0.0129128158155     0.078588387253      0.000110638156825   
0.0135924352179     0.0782315839524     9.8592554104e-05    
0.0142720542384     0.077550777509      8.94080400036e-05   
0.0149516728579     0.0770180647021     8.45377890993e-05   
0.0156312910572     0.0763597462088     7.95973146712e-05   
0.0163109088173     0.076184700027      7.73779582618e-05   
0.0169905261191     0.0752852147475     7.47332008932e-05   
0.0176701429435     0.0747208695204     7.24829866481e-05   
0.0183497592713     0.0740745450211     7.0926600501e-05    
0.0190293750836     0.0734164994612     6.86709624347e-05   
0.0197089903611     0.0727200014664     6.75287198961e-05   
0.0203886050848     0.0720338648164     6.56583586732e-05   
0.0210682192357     0.0713335819403     6.4274190905e-05    
0.0217478327945     0.0706495721604     6.32222670548e-05   
0.0224274457423     0.0696553007999     6.13620157445e-05   
0.0231070580599     0.0687276650495     6.04749117076e-05   
0.0237866697282     0.0681522304314     5.88565633825e-05   
0.0244662807281     0.0672581930573     5.78842547027e-05   
0.0251458910406     0.0664226941485     5.67463384667e-05   
0.0258255006465     0.065353550308      5.5341272258e-05    
0.0265051095267     0.0644455997094     5.45368161514e-05   
0.0271847176622     0.0636906123563     5.32997288787e-05   
0.0278643250339     0.0627114740766     5.25131540678e-05   
0.0285439316226     0.0618120592693     5.1314405793e-05    
0.0292235374092     0.060844834318      5.02199462017e-05   
0.0299031423748     0.0598610756821     4.95113595815e-05   
0.0305827465001     0.0589581919171     4.83595224947e-05   
0.0312623497661     0.0579577019491     4.77027181514e-05   
0.0319419521536     0.0570255401377     4.66108961195e-05   
0.0326215536437     0.0560674527479     4.59025826011e-05   
0.0333011542172     0.0550977062934     4.5135117169e-05    
0.033980753855      0.0540461579244     4.41520958205e-05   
0.034660352538      0.0530162418668     4.35904406455e-05   
0.0353399502471     0.0520722448358     4.25960646479e-05   
0.0360195469632     0.0509950201347     4.2086188763e-05    
0.0366991426673     0.0499670030151     4.13698239109e-05   
0.0373787373402     0.0490541023754     4.05751812314e-05   
0.0380583309629     0.0480482693474     4.00646767445e-05   
0.0387379235162     0.0469823826575     3.92232185568e-05   
0.0394175149811     0.0461197879118     3.8856250907e-05    
0.0400971053385     0.0452213660667     3.80506786676e-05   
0.0407766945692     0.0442162120396     3.75195627539e-05   
0.0414562826543     0.0433426974534     3.70522542915e-05   
0.0421358695745     0.0424584194337     3.63342926728e-05   
0.0428154553109     0.0415949595743     3.59920461075e-05   
0.0434950398442     0.0406213242122     3.52343267041e-05   
0.0441746231555     0.0397070435915     3.48078497147e-05   
0.0448542052256     0.0388264660844     3.43559552275e-05   
0.0455337860355     0.0379927925475     3.37363057647e-05   
0.046213365566      0.037206905331      3.34130533421e-05   
0.0468929437981     0.0363535554614     3.27442238763e-05   
0.0475725207127     0.0355147421218     3.24749024829e-05   
0.0482520962906     0.0347841721116     3.19418988824e-05   
0.0489316705129     0.0340603280743     3.1495578475e-05    
0.0496112433604     0.0331900572217     3.11587383254e-05   
0.0502908148139     0.0324521510629     3.06223262345e-05   
0.0509703848545     0.031789083205      3.0361345994e-05    
0.0516499534631     0.0310341937878     2.984715781e-05     
0.0523295206205     0.0302500213672     2.95001466219e-05   
0.0530090863076     0.0296103677839     2.91692942054e-05   
0.0536886505055     0.0290105822212     2.87273158001e-05   
0.0543682131949     0.028334838031      2.84890963228e-05   
0.0550477743568     0.0277195738391     2.80326345266e-05   
0.0557273339722     0.0270549960582     2.77714485823e-05   
0.0564068920219     0.0264276191512     2.74150252536e-05   
0.0570864484868     0.0258591715117     2.70568614807e-05   
0.0577660033478     0.0252602566287     2.68114568038e-05   
0.058445556586      0.0247012836225     2.643698098e-05     
0.0591251081821     0.0241593550767     2.62340966438e-05   
0.0598046581171     0.0236610715258     2.5854163174e-05    
0.060484206372      0.0231910199775     2.56301290991e-05   
0.0611637529276     0.022653530715      2.53686311416e-05   
0.0618432977648     0.0221943831933     2.50239790124e-05   
0.0625228408645     0.021641375757      2.48545613209e-05   
0.0632023822078     0.0211640727824     2.45002709572e-05   
0.0638819217754     0.0207094807328     2.43120652625e-05   
0.0645614595484     0.0202458178268     2.40310585482e-05   
0.0652409955075     0.0198084034733     2.37789400343e-05   
0.0659205296338     0.0193841799981     2.36200414349e-05   
0.0666000619082     0.0189360809934     2.32767774545e-05   
0.0672795923116     0.0185258940407     2.31492307557e-05   
0.0679591208248     0.0181330716959     2.28702363952e-05   
0.0686386474288     0.0177804088479     2.26763846379e-05   
0.0693181721046     0.0173808002734     2.25052591416e-05   
0.0699976948331     0.016991927305      2.2211039976e-05    
0.0706772155951     0.0166392746013     2.21157059441e-05   
0.0713567343716     0.0162837703782     2.18332151416e-05   
0.0720362511435     0.0159759819769     2.17063688871e-05   
0.0727157658917     0.0156046727898     2.15061698181e-05   
0.0733952785972     0.0152853506207     2.12666101716e-05   
0.0740747892408     0.0149860178702     2.11882193603e-05   
0.0747542978036     0.0146546026387     2.09144588941e-05   
0.0754338042663     0.0143588982809     2.08063543273e-05   
0.07611330861       0.014064455695      2.06061356134e-05   
0.0767928108155     0.0137331355334     2.04245987497e-05   
0.0774723108639     0.0134268636376     2.03068916806e-05   
0.0781518087359     0.01311784793       2.00573915348e-05   
0.0788313044125     0.0128293864854     1.9986100585e-05    
0.0795107978747     0.0125583786375     1.97774870238e-05   
0.0801902891034     0.0122778285836     1.96459924049e-05   
0.0808697780795     0.0120123398426     1.95007002552e-05   
0.0815492647839     0.0117431068372     1.92923468171e-05   
0.0822287491975     0.0114869989999     1.92303558036e-05   
0.0829082313013     0.0112116843403     1.90161286656e-05   
0.0835877110762     0.0109626017092     1.89102974844e-05   
0.0842671885031     0.0107120522993     1.8865577974e-05    
0.084946663563      0.0104666417071     1.90151562115e-05   
0.0856261362368     0.0102323068811     1.91218252681e-05   
0.0863056065053     0.00997142556061    1.90309740342e-05   
0.0869850743496     0.00972644336018    1.90788934279e-05   
0.0876645397506     0.00950471731913    1.90098256151e-05   
0.0883440026891     0.00929804831184    1.8990985689e-05    
0.0890234631461     0.00908547777655    1.89525825981e-05   
0.0897029211026     0.00885135668278    1.88008069849e-05   
0.0903823765395     0.00866805791931    1.88310833281e-05   
0.0910618294377     0.00848115293982    1.88303394416e-05   
0.0917412797781     0.00826283281779    1.9153271845e-05    
0.0924207275417     0.00806817603692    1.92952557296e-05   
0.0931001727094     0.00784393622666    1.93688898752e-05   
0.0937796152621     0.00763660930807    1.95255415746e-05   
0.0944590551808     0.0074573315066     1.94844751817e-05   
0.0951384924463     0.00727793787398    1.96032000173e-05   
0.0958179270397     0.00709098409088    1.96100590504e-05   
0.0964973589419     0.00689570360943    1.96365593913e-05   
0.0971767881337     0.00670809399301    1.96939587955e-05   
0.0978562145962     0.00653023698626    1.96166283931e-05   
0.0985356383103     0.00638923812517    1.93417449414e-05   
0.0992150592568     0.00626598517107    1.90153028397e-05   
0.0998944774168     0.00607462872158    1.88218199545e-05   
0.100573892771      0.0059246598097     1.86847875559e-05   
0.101253305301      0.00581250034675    1.85200764158e-05   
0.101932714987      0.00562314893703    1.84820881014e-05   
0.10261212181       0.00548107125684    1.830911262e-05     
0.103291525751      0.00534943616403    1.82701555593e-05   
0.103970926791      0.00519546023128    1.81467029334e-05   
0.104650324911      0.00506791027653    1.80526168281e-05   
0.105329720093      0.00493311764308    1.80328268814e-05   
0.106009112316      0.00478503269252    1.78426722822e-05   
0.106688501562      0.00466094906533    1.78517645096e-05   
0.107367887811      0.00451609647908    1.77224970818e-05   
0.108047271046      0.00442442570173    1.7677537517e-05    
0.108726651246      0.0043476178762     1.76245505112e-05   
0.109406028392      0.0041821636753     1.74980102188e-05   
0.110085402466      0.00403698658921    1.75124803175e-05   
0.110764773449      0.0039412242687     1.73830136254e-05   
0.111444141321      0.00384922705577    1.73482563529e-05   
0.112123506063      0.00374922089941    1.72857345516e-05   
0.112802867657      0.00364500956665    1.71940669033e-05   
0.113482226082      0.00354376449061    1.72066258699e-05   
0.114161581321      0.00347627127789    1.70555267288e-05   
0.114840933355      0.00338687795373    1.70754566834e-05   
0.115520282163      0.00327767345521    1.69609190697e-05   
0.116199627727      0.00322297993897    1.6920525292e-05    
0.116878970028      0.00313318900739    1.68860006535e-05   
0.117558309048      0.003036816937      1.6775783488e-05    
0.118237644766      0.00293047944203    1.67711520176e-05   
0.118916977164      0.0028721711667     1.66829793517e-05   
0.119596306222      0.00282214550254    1.66438693759e-05   
0.120275631923      0.00274410313825    1.66002881099e-05   
0.120954954246      0.0026544943925     1.64948635654e-05   
0.121634273172      0.00257145761055    1.65017729427e-05   
0.122313588684      0.00252490118135    1.6407857707e-05    
0.12299290076       0.00245901740419    1.63836560528e-05   
0.123672209384      0.0023992695385     1.6326432999e-05    
0.124351514534      0.00230885266993    1.62512610979e-05   
0.125030816194      0.0022508761032     1.6204196591e-05    
0.125710114342      0.00222560454343    1.61228655695e-05   
0.126389408961      0.00216782538145    1.60800917459e-05   
0.127068700031      0.00210513536661    1.59887959273e-05   
0.127747987533      0.00204917970504    1.59214305295e-05   
0.128427271448      0.00201181138021    1.58895721935e-05   
0.129106551758      0.00197767228861    1.58030899012e-05   
0.129785828443      0.00192898505806    1.57669031612e-05   
0.130465101483      0.0018584792676     1.57052054681e-05   
0.131144370861      0.00181592612844    1.56812696503e-05   
0.131823636557      0.0017961142175     1.56447017564e-05   
0.132502898551      0.00175446206632    1.55911560791e-05   
0.133182156826      0.00172438592892    1.55759091824e-05   
0.133861411361      0.00169420472417    1.55235984591e-05   
0.134540662138      0.00165292197085    1.54988433916e-05   
0.135219909138      0.00164097774831    1.54717949043e-05   
0.135899152342      0.00159491273467    1.54240811734e-05   
0.13657839173       0.00154143775469    1.54049209306e-05   
0.137257627284      0.00151917301828    1.5350180935e-05    
0.137936858985      0.00147847544588    1.53440892316e-05   
0.138616086813      0.00146174716274    1.52853482132e-05   
0.13929531075       0.00142609691621    1.52555717017e-05   
0.139974530776      0.00139850570656    1.52376775299e-05   
0.140653746873      0.00136482455417    1.51871836066e-05   
0.141332959021      0.00134160981722    1.5176909933e-05    
0.142012167202      0.00130166926835    1.51038486865e-05   
0.142691371396      0.00128909693484    1.51042936515e-05   
0.143370571585      0.00126114821756    1.50574570089e-05   
0.144049767748      0.0012384294161     1.50209090904e-05   
0.144728959869      0.0012294817787     1.50126994991e-05   
0.145408147926      0.00122299889085    1.4963686798e-05    
0.146087331902      0.00117180940231    1.4951253387e-05    
0.146766511777      0.0011289002181     1.48919302813e-05   
0.147445687532      0.00110640834684    1.48701599521e-05   
0.148124859149      0.00110129653803    1.4855435739e-05    
0.148804026607      0.00109048214979    1.48053330206e-05   
0.149483189889      0.00106011567958    1.48072133737e-05   
0.150162348975      0.000995894957776   1.47353111635e-05   
0.150841503846      0.000977712851715   1.4716116573e-05    
0.151520654483      0.000957469924034   1.46865457971e-05   
0.152199800867      0.000949093460616   1.46548385568e-05   
0.152878942979      0.000950262198571   1.46519616551e-05   
0.1535580808        0.000936315659794   1.45964036144e-05   
0.154237214311      0.000935462630744   1.46123149181e-05   
0.154916343493      0.000920633016235   1.45591818676e-05   
0.155595468327      0.000873009506544   1.45243409672e-05   
0.156274588794      0.000842506428731   1.45131814608e-05   
0.156953704875      0.000835744454614   1.4464390663e-05    
0.157632816551      0.000849160099602   1.44655698678e-05   
0.158311923803      0.000839977069124   1.44074841271e-05   
0.158991026612      0.000829548022958   1.44060106308e-05   
0.159670124958      0.000816391331958   1.43721838516e-05   
0.160349218824      0.000800935128588   1.43334002506e-05   
0.161028308189      0.000786007308221   1.4330428772e-05    
0.161707393035      0.000753871952242   1.4273463967e-05    
0.162386473343      0.000706993491948   1.42600090714e-05   
0.163065549093      0.00071781624739    1.42272515224e-05   
0.163744620268      0.000701880593371   1.41991168132e-05   
0.164423686847      0.000701515556797   1.41916375863e-05   
0.165102748812      0.000695570115035   1.41395914475e-05   
0.165781806144      0.000685189355127   1.4146378219e-05    
0.166460858824      0.000661795327362   1.40978083898e-05   
0.167139906832      0.000628091945009   1.40786959018e-05   
0.167818950151      0.000593707936389   1.4055820015e-05    
0.16849798876       0.000613761945395   1.40120712188e-05   
0.16917702264       0.000622143119369   1.40192998126e-05   
0.169856051774      0.000578386717067   1.39668025598e-05   
0.170535076141      0.00058382279558    1.39654410947e-05   
0.171214095723      0.00059992088658    1.39362940624e-05   
0.171893110501      0.000592845702218   1.39036967443e-05   
0.172572120455      0.00055774716868    1.38984975075e-05   
0.173251125568      0.00052576274326    1.38469693861e-05   
0.173930125819      0.000497514654717   1.38442464824e-05   
0.17460912119       0.000503363824137   1.37979534682e-05   
0.175288111661      0.0005205471283     1.37899132647e-05   
0.175967097215      0.000537858454556   1.37812821209e-05   
0.176646077831      0.000526410382563   1.37334209245e-05   
0.177325053491      0.000497599229005   1.37315169089e-05   
0.178004024176      0.000491112254355   1.3689148714e-05    
0.178682989866      0.000472702189076   1.36867839328e-05   
0.179361950544      0.000466426541544   1.3653375171e-05    
0.180040906189      0.000473195235561   1.36295610349e-05   
0.180719856783      0.000464170252439   1.36219262002e-05   
0.181398802307      0.000451694480077   1.35686208214e-05   
0.182077742742      0.0004430493504     1.35696386104e-05   
0.182756678068      0.000424285125947   1.35315620233e-05   
0.183435608268      0.000440299218531   1.35185898976e-05   
0.184114533321      0.000430912422101   1.35159759643e-05   
0.184793453209      0.000428299864309   1.3473514247e-05    
0.185472367914      0.000408465180715   1.34645432489e-05   
0.186151277415      0.0003933751656     1.34229729866e-05   
0.186830181694      0.000397765504627   1.341382282e-05     
0.187509080732      0.000387229877894   1.339753354e-05     
0.18818797451       0.000394083022836   1.33500472415e-05   
0.18886686301       0.000391744996442   1.33564692037e-05   
0.189545746211      0.000408466133314   1.33203672456e-05   
0.190224624095      0.000387819211945   1.33184339021e-05   
0.190903496644      0.000383287571558   1.32817979755e-05   
0.191582363837      0.000352566373501   1.32619401059e-05   
0.192261225657      0.000342648526513   1.32568473681e-05   
0.192940082084      0.000346142180532   1.32099082329e-05   
0.193618933099      0.0003393213872     1.32078543904e-05   
0.194297778683      0.000347313024635   1.31794572572e-05   
0.194976618817      0.000334796424254   1.31651725928e-05   
0.195655453483      0.00033257028346    1.31532977415e-05   
0.196334282661      0.000347303052006   1.31236768876e-05   
0.197013106332      0.000327999262204   1.31236661934e-05   
0.197691924478      0.000325424380845   1.30868840074e-05   
0.198370737079      0.00032193096871    1.30797039881e-05   
0.199049544117      0.000340360490051   1.3059795482e-05    
0.199728345572      0.000317566307556   1.30256143121e-05   
0.200407141426      0.000308877521678   1.30253022326e-05   
0.201085931659      0.000312286343004   1.2990249043e-05    
0.201764716252      0.00031969975791    1.29923075417e-05   
0.202443495188      0.000306368736786   1.29571846603e-05   
0.203122268446      0.000311849486494   1.29441745425e-05   
0.203801036007      0.000285703620835   1.29332550378e-05   
0.204479797854      0.000286310700865   1.28902708295e-05   
0.205158553966      0.000302734568338   1.28976503991e-05   
0.205837304325      0.000316692078675   1.2859776104e-05    
0.206516048912      0.000311588546308   1.28581403804e-05   
0.207194787708      0.000300534528761   1.28365438776e-05   
0.207873520693      0.000303441298694   1.28029638396e-05   
0.20855224785       0.000293031440766   1.28158039929e-05   
0.209230969159      0.000296540374742   1.27723386297e-05   
0.209909684601      0.000285253831812   1.27719414281e-05   
0.210588394157      0.000283064391726   1.27357283225e-05   
0.211267097808      0.000276021720618   1.27250084107e-05   
0.211945795535      0.000284973881534   1.27294006855e-05   
0.21262448732       0.00028088203727    1.26833387452e-05   
0.213303173143      0.000295378884439   1.26957237169e-05   
0.213981852986      0.000295239726552   1.26534959609e-05   
0.214660526829      0.000282566640251   1.26512383987e-05   
0.215339194653      0.000260723997942   1.26373064434e-05   
0.21601785644       0.000253258258302   1.25982222649e-05   
0.216696512171      0.000258973766229   1.26016688286e-05   
0.217375161826      0.000259813378391   1.25730315203e-05   
0.218053805388      0.000252829356993   1.25699669042e-05   
0.218732442835      0.000257035341954   1.25422496985e-05   
0.219411074151      0.000265650671143   1.25126530775e-05   
0.220089699316      0.000263634165382   1.25222911216e-05   
0.220768318311      0.00026505685693    1.24838590111e-05   
0.221446931117      0.000258802519395   1.24834132259e-05   
0.222125537714      0.000239391271987   1.24562701804e-05   
0.222804138086      0.000233856109373   1.24409924613e-05   
0.223482732211      0.000245541151657   1.24372554352e-05   
0.224161320072      0.000234440302528   1.23992967832e-05   
0.224839901649      0.000235994231985   1.24023168497e-05   
0.225518476923      0.000234559538183   1.23688401104e-05   
0.226197045876      0.000228373583195   1.23639404431e-05   
0.226875608489      0.000229997607106   1.23445767068e-05   
0.227554164743      0.000223316148707   1.23235322108e-05   
0.228232714618      0.00024146265449    1.23272575365e-05   
0.228911258096      0.000248617697657   1.22961058415e-05   
0.229589795158      0.000251565882205   1.22914418003e-05   
0.230268325785      0.000246829543264   1.22681322592e-05   
0.230946849958      0.000254609656158   1.22546018449e-05   
0.231625367658      0.000254109782545   1.22570828245e-05   
0.232303878866      0.000243585472587   1.2210970509e-05    
0.232982383564      0.000240367137145   1.22215008764e-05   
0.233660881732      0.000235352110534   1.21904980368e-05   
0.234339373351      0.000238355328533   1.21906590378e-05   
0.235017858404      0.000237003537107   1.21763926922e-05   
0.235696336869      0.000229408536821   1.21379250614e-05   
0.23637480873       0.000225303049354   1.21485097495e-05   
0.237053273966      0.00022815904855    1.2109113867e-05    
0.23773173256       0.000227760689386   1.21121051607e-05   
0.238410184491      0.000224973038899   1.2091225199e-05    
0.239088629741      0.000219577860412   1.20670814368e-05   
0.239767068292      0.000226956198666   1.20692530888e-05   
0.240445500124      0.000239996509238   1.20430201553e-05   
0.241123925218      0.000254295687035   1.20500582266e-05   
0.241802343556      0.000236096547718   1.20156494809e-05   
0.242480755118      0.000236003823096   1.2004816708e-05    
0.243159159886      0.000229241143257   1.1997805464e-05    
0.243837557841      0.000212745752826   1.21036348732e-05   
0.244515948963      0.000200137508748   1.22629534959e-05   
0.245194333235      0.000219600585995   1.23314994161e-05   
0.245872710636      0.000215303256073   1.24131656996e-05   
0.246551081149      0.000206788648934   1.24590443181e-05   
0.247229444754      0.00023409914508    1.25025652207e-05   
0.247907801433      0.000246594077897   1.25628507739e-05   
0.248586151166      0.000255707980347   1.25766867136e-05   
0.249264493934      0.000245951853122   1.26183142454e-05   
0.24994282972       0.000226390450557   1.26739621887e-05   
0.250621158503      0.000215800329831   1.29067246332e-05   
0.251299480265      0.000222717527101   1.30841970677e-05   
0.251977794987      0.000218278920722   1.31921104556e-05   
0.25265610265       0.00021638378667    1.33042057399e-05   
0.253334403236      0.000229959129062   1.33507448604e-05   
0.254012696725      0.00022903361216    1.34206221018e-05   
0.254690983098      0.000228001898246   1.35017818106e-05   
0.255369262337      0.000224084942647   1.35605500297e-05   
0.256047534423      0.000198422341296   1.36344785455e-05   
0.256725799337      0.000216780911748   1.36680283123e-05   
0.257404057059      0.000244733891562   1.37670487536e-05   
0.258082307572      0.000257115917999   1.3814486585e-05    
0.258760550856      0.000247631829453   1.3881696547e-05    
0.259438786892      0.000232409140167   1.39549472735e-05   
0.260117015662      0.00018861165739    1.37885369942e-05   
0.260795237146      0.000180939546393   1.35915667488e-05   
0.261473451327      0.000187758776308   1.34802142375e-05   
0.262151658184      0.000194846428563   1.34207568964e-05   
0.262829857699      0.000204884267386   1.33819054785e-05   
0.263508049853      0.000192507200946   1.33268234283e-05   
0.264186234627      0.000182361228709   1.33173665059e-05   
0.264864412003      0.000203277196741   1.32637869578e-05   
0.265542581961      0.000236537621768   1.3255598045e-05    
0.266220744483      0.000239951090567   1.32223542479e-05   
0.26689889955       0.000246624988456   1.31707904636e-05   
0.267577047143      0.000237035213296   1.31515193232e-05   
0.268255187243      0.000220733744486   1.30867476421e-05   
0.268933319831      0.000205798350668   1.30965044405e-05   
0.269611444888      0.000212581872693   1.30643094421e-05   
0.270289562396      0.000198089466891   1.30511448055e-05   
0.270967672336      0.000207168601657   1.30448575652e-05   
0.271645774688      0.000221566080149   1.30280103848e-05   
0.272323869435      0.000216638298142   1.3042344799e-05    
0.273001956556      0.00021412118178    1.29959591052e-05   
0.273680036034      0.000230464147514   1.29916198696e-05   
0.274358107849      0.000226180023561   1.29726280586e-05   
0.275036171983      0.000219076110981   1.29507982213e-05   
0.275714228416      0.000231082586282   1.29701267366e-05   
0.27639227713       0.000222964136515   1.29394682848e-05   
0.277070318106      0.000220611539605   1.29674415559e-05   
0.277748351326      0.00021909164574    1.29554853444e-05   
0.27842637677       0.000215125850967   1.29507047156e-05   
0.279104394419      0.00020552815863    1.29537486321e-05   
0.279782404255      0.00019662624911    1.29111903511e-05   
0.280460406259      0.000202915094596   1.29337921135e-05   
0.281138400411      0.000202397643138   1.28973267615e-05   
0.281816386694      0.000195952704133   1.29035043828e-05   
0.282494365089      0.000190906453301   1.28969737264e-05   
0.283172335575      0.000207020934167   1.28670350299e-05   
0.283850298136      0.000198178440602   1.28895861114e-05   
0.284528252751      0.000196611730094   1.28501281561e-05   
0.285206199402      0.000192173867712   1.28616038982e-05   
0.28588413807       0.000206055759977   1.28446616396e-05   
0.286562068737      0.000199132752306   1.28289669595e-05   
0.287239991383      0.000211604473127   1.28394450273e-05   
0.28791790599       0.000200644164771   1.28013931325e-05   
0.288595812539      0.000203600832414   1.28160035892e-05   
0.28927371101       0.000224669358584   1.27941137878e-05   
0.289951601386      0.000224857890948   1.27964420952e-05   
0.290629483648      0.000194148453009   1.27886333475e-05   
0.291307357776      0.000197277031827   1.27628122129e-05   
0.291985223752      0.000204172915252   1.27819891478e-05   
0.292663081556      0.000205922144604   1.27500075886e-05   
0.293340931171      0.000198561038018   1.27489074113e-05   
0.294018772577      0.000186218125411   1.273548211e-05     
0.294696605756      0.000177452437116   1.27160425947e-05   
0.295374430688      0.000171170569455   1.27350927175e-05   
0.296052247356      0.000179875277211   1.26961050954e-05   
0.296730055739      0.000200878134792   1.27184553442e-05   
0.29740785582       0.00020373964882    1.26933850444e-05   
0.298085647579      0.00018738970755    1.26883132982e-05   
0.298763430998      0.000177233292097   1.26936065738e-05   
0.299441206058      0.000185114149183   1.26633481316e-05   
0.30011897274       0.000193056562922   1.26852138689e-05   
0.300796731025      0.000202366911045   1.26595811237e-05   
0.301474480895      0.000187495151581   1.2658430637e-05    
0.30215222233       0.000183783382243   1.26529371048e-05   
0.302829955312      0.00019808460682    1.26304247545e-05   
0.303507679823      0.000204678427204   1.26558192273e-05   
0.304185395842      0.000187873028234   1.26163114496e-05   
0.304863103353      0.000187594610375   1.26239383168e-05   
0.305540802335      0.000190542652195   1.26084610616e-05   
0.30621849277       0.000179078182103   1.25942736855e-05   
0.306896174639      0.000174248800292   1.26069245093e-05   
0.307573847923      0.000169152825634   1.25727830881e-05   
0.308251512604      0.00018330248146    1.25916587562e-05   
0.308929168663      0.000168393914908   1.25630951886e-05   
0.309606816081      0.000163595372974   1.25686702602e-05   
0.310284454839      0.000158939628474   1.25639053497e-05   
0.310962084918      0.000161690168709   1.2537498713e-05    
0.311639706301      0.000183099315345   1.25518075451e-05   
0.312317318967      0.000188802394047   1.25170942274e-05   
0.312994922898      0.000177051670716   1.25285948524e-05   
0.313672518076      0.000181618316402   1.25084841468e-05   
0.314350104481      0.000181970575312   1.24905892329e-05   
0.315027682095      0.000176818792157   1.25058038598e-05   
0.315705250899      0.000156803378592   1.24710782088e-05   
0.316382810875      0.00015135740449    1.24797216134e-05   
0.317060362003      0.000163411030009   1.24500035603e-05   
0.317737904265      0.000174128281813   1.24533575616e-05   
0.318415437642      0.000171821810458   1.24619760206e-05   
0.319092962115      0.000168871782501   1.24278215101e-05   
0.319770477665      0.000176581201634   1.24478567044e-05   
0.320447984274      0.00016074342133    1.24128807506e-05   
0.321125481923      0.000132553659146   1.24200959818e-05   
0.321802970594      0.000131440357114   1.2413626046e-05    
0.322480450267      0.000176514917711   1.23982023569e-05   
0.323157920923      0.000198815137838   1.24193048616e-05   
0.323835382545      0.000197796579772   1.23821255714e-05   
0.324512835113      0.000184099055537   1.23970356624e-05   
0.325190278608      0.000178875882795   1.23725602836e-05   
0.325867713012      0.000168974760359   1.23669509212e-05   
0.326545138305      0.000160424050018   1.23759664559e-05   
0.32722255447       0.000169320696895   1.23471301295e-05   
0.327899961488      0.000172654621345   1.23601048167e-05   
0.328577359339      0.000159882037118   1.23302532934e-05   
0.329254748005      0.000168538951602   1.23332377873e-05   
0.329932127468      0.000178474892725   1.23419657757e-05   
0.330609497708      0.000174257263208   1.23070237646e-05   
0.331286858707      0.000173586481864   1.23286785435e-05   
0.331964210446      0.000149050434284   1.22902493558e-05   
0.332641552906      0.00015431624579    1.23030943844e-05   
0.333318886069      0.000165309226258   1.22938949929e-05   
0.333996209915      0.000193850886264   1.22799831169e-05   
0.334673524427      0.000188614172541   1.22999449819e-05   
0.335350829585      0.000174625030534   1.2260926979e-05    
0.336028125371      0.000158472509805   1.22757945141e-05   
0.336705411766      0.000152372463078   1.22471984884e-05   
0.337382688751      0.000154194453464   1.22492453113e-05   
0.338059956307      0.000139292779244   1.22445750371e-05   
0.338737214416      0.000153136130366   1.22264152308e-05   
0.33941446306       0.000162320988708   1.22409446242e-05   
0.340091702219      0.000169079432673   1.22138947046e-05   
0.340768931874      0.00015722471548    1.22268807964e-05   
0.341446152007      0.000151321361412   1.22113512977e-05   
0.3421233626        0.000164079793158   1.22062265497e-05   
0.342800563633      0.00016964739316    1.2207326018e-05    
0.343477755088      0.000162939149288   1.2195770805e-05    
0.344154936946      0.000161329194122   1.2199763771e-05    
0.344832109188      0.000149253868874   1.21788288505e-05   
0.345509271796      0.000142485333227   1.21758532841e-05   
0.346186424751      0.000139197104197   1.21742589963e-05   
0.346863568034      0.000136922206137   1.21603942753e-05   
0.347540701627      0.000144156379025   1.21673064803e-05   
0.348217825511      0.000155485730909   1.21414661013e-05   
0.348894939667      0.000151263913371   1.21467302399e-05   
0.349572044076      0.000138286448389   1.2133989598e-05    
0.350249138721      0.000145424453594   1.21212080219e-05   
0.350926223581      0.000140074027137   1.21069615122e-05   
0.351603298639      0.000139979877362   1.20873832969e-05   
0.352280363875      0.000146419110538   1.20753900601e-05   
0.352957419272      0.000128231544457   1.2052138924e-05    
0.35363446481       0.000142565190231   1.20343218909e-05   
0.354311500471      0.000149298599381   1.20255387644e-05   
0.354988526235      0.000158980886763   1.20037402223e-05   
0.355665542085      0.00016693451993    1.19988777178e-05   
0.356342548002      0.000180919811721   1.19848642273e-05   
0.357019543966      0.000172799074072   1.19714820496e-05   
0.35769652996       0.00017108088534    1.19739776505e-05   
0.358373505965      0.000157852867101   1.19598280101e-05   
0.359050471961      0.000142505209448   1.19587996729e-05   
0.359727427931      0.000135221885492   1.19440606711e-05   
0.360404373855      0.000148181390373   1.19401718394e-05   
0.361081309715      0.000157154040641   1.19417545816e-05   
0.361758235493      0.000133238371066   1.1928612772e-05    
0.362435151169      0.000134629048702   1.19217088179e-05   
0.363112056725      0.000126814576496   1.19117931093e-05   
0.363788952142      0.000130735395071   1.19118045227e-05   
0.364465837402      0.000141023141112   1.19030906589e-05   
0.365142712486      0.00013288905788    1.18997125489e-05   
0.365819577375      0.000119332237203   1.18857238527e-05   
0.366496432051      0.000158405823967   1.18845129048e-05   
0.367173276495      0.000158151718756   1.18909725214e-05   
0.367850110688      0.000170106503359   1.18740515801e-05   
0.368526934612      0.000163219970711   1.1874233173e-05    
0.369203748248      0.000134869357448   1.185937767e-05     
0.369880551577      0.000130834804421   1.18584685741e-05   
0.370557344581      0.000141305668637   1.18537196708e-05   
0.371234127241      0.000149538020571   1.18409005042e-05   
0.371910899539      0.000132900925662   1.18360520966e-05   
0.372587661456      0.000122496418911   1.1816986412e-05    
0.373264412972      0.000154414554745   1.18277864727e-05   
0.373941154071      0.000192178294054   1.18235296849e-05   
0.374617884732      0.000171777954461   1.18079896706e-05   
0.375294604937      0.000149746466848   1.18157643404e-05   
0.375971314669      0.000145437041911   1.17910360935e-05   
0.376648013907      0.00013764001457    1.17959527504e-05   
0.377324702633      0.000133858192074   1.17808950278e-05   
0.37800138083       0.000143566990464   1.17662414088e-05   
0.378678048477      0.000154262558159   1.17743351404e-05   
0.379354705557      0.000127357672457   1.17501242781e-05   
0.380031352051      0.000137316905233   1.17548703678e-05   
0.38070798794       0.000129317015917   1.17385140509e-05   
0.381384613206      0.000132696346861   1.17422521046e-05   
0.38206122783       0.000129948386998   1.17332185961e-05   
0.382737831794      0.00014696766787    1.17172668199e-05   
0.383414425078      0.000164326990137   1.17285153577e-05   
0.384091007664      0.000147785948543   1.17075148118e-05   
0.384767579534      0.000139782266773   1.17168453598e-05   
0.38544414067       0.000132953034362   1.16978399155e-05   
0.386120691051      0.000116134855459   1.16879539573e-05   
0.38679723066       0.000105353590203   1.16942521201e-05   
0.387473759479      0.000106161939105   1.16707698843e-05   
0.388150277488      0.000145376445486   1.16878715198e-05   
0.388826784668      0.000131280855619   1.16707530272e-05   
0.389503281003      0.000126187222841   1.16654701206e-05   
0.390179766472      0.000127834385609   1.16670037997e-05   
0.390856241057      0.000122850597056   1.16450113205e-05   
0.39153270474       0.000125983631445   1.16519941698e-05   
0.392209157502      0.000142943198258   1.1635354818e-05    
0.392885599324      0.000150765902378   1.16485646599e-05   
0.393562030189      0.000134132838593   1.16388969624e-05   
0.394238450076      0.00010587645884    1.16218020191e-05   
0.394914858968      9.87054747806e-05   1.16311844458e-05   
0.395591256846      0.000116816933544   1.16130562916e-05   
0.396267643692      9.9095778837e-05    1.16164079519e-05   
0.396944019487      9.94370905036e-05   1.16043341942e-05   
0.397620384212      0.000113319903064   1.1594640539e-05    
0.398296737848      0.000122834999878   1.16039216659e-05   
0.398973080378      0.0001128496609     1.15817352043e-05   
0.399649411783      0.000103137874722   1.15833890483e-05   
0.400325732044      0.000117695127387   1.15696201938e-05   
0.401002041142      0.000123410478812   1.15725400028e-05   
0.401678339059      0.000112638279354   1.15719840721e-05   
0.402354625776      0.000107668450285   1.15462442666e-05   
0.403030901275      0.000102195857176   1.15512637767e-05   
0.403707165538      0.000106199140851   1.15408776116e-05   
0.404383418545      0.000110895802373   1.15482300135e-05   
0.405059660278      9.24775254721e-05   1.15350501569e-05   
0.405735890719      0.000104772976876   1.15310942206e-05   
0.406412109849      0.000123185735262   1.15328352046e-05   
0.407088317649      0.000118461308819   1.15171275742e-05   
0.407764514101      9.15225313939e-05   1.15209082991e-05   
0.408440699187      9.92466608754e-05   1.15027988145e-05   
0.409116872887      0.000114947325072   1.15046054781e-05   
0.409793035184      9.88234510856e-05   1.15031420675e-05   
0.410469186059      0.000107007083354   1.14890990822e-05   
0.411145325492      0.000105615736469   1.14911000622e-05   
0.411821453466      0.000113855305819   1.14742120661e-05   
0.412497569963      0.000131268847813   1.14836378312e-05   
0.413173674963      0.000132553711239   1.14762384816e-05   
0.413849768448      0.000119889642093   1.14603806798e-05   
0.414525850399      0.000111055910527   1.14619273798e-05   
0.415201920799      0.000112582828599   1.14448794159e-05   
0.415877979627      0.000114316345899   1.14583865318e-05   
0.416554026867      0.000104222772038   1.14380641891e-05   
0.4172300625        0.000101466887571   1.14328173446e-05   
0.417906086506      0.000117075971593   1.14357369207e-05   
0.418582098867      0.000115599730703   1.14214786678e-05   
0.419258099566      0.000121771897673   1.14349323793e-05   
0.419934088582      0.000122862020684   1.14080843551e-05   
0.420610065899      9.71343301001e-05   1.14104422079e-05   
0.421286031496      9.17680818304e-05   1.1406828519e-05    
0.421961985357      8.20216305984e-05   1.13867915458e-05   
0.422637927462      8.65214848093e-05   1.13910413365e-05   
0.423313857792      8.53834462996e-05   1.13722827318e-05   
0.42398977633       0.000102341481151   1.13823258122e-05   
0.424665683057      0.000102078140748   1.13747023694e-05   
0.425341577954      9.24304468147e-05   1.1363480605e-05    
0.426017461002      0.000108293373463   1.13702868448e-05   
0.426693332184      9.27258564938e-05   1.13499557681e-05   
0.427369191481      8.43402142584e-05   1.13607932557e-05   
0.428045038874      0.000106459191859   1.13464876612e-05   
0.428720874345      0.000119253576307   1.13445909576e-05   
0.429396697875      0.000120279543653   1.13435064171e-05   
0.430072509445      0.000105897905636   1.13309326258e-05   
0.430748309038      0.000107174225043   1.13372277578e-05   
0.431424096635      0.000123269011579   1.13178754903e-05   
0.432099872218      0.00014380217596    1.13231352808e-05   
0.432775635767      0.000127482025651   1.1317937943e-05    
0.433451387264      0.000100420826382   1.1320859011e-05    
0.434127126691      0.000113034625632   1.13381993603e-05   
0.43480285403       0.000118799781002   1.13407578376e-05   
0.435478569262      0.000123540256465   1.15773028194e-05   
0.436154272368      0.000135207653782   1.16964463565e-05   
0.43682996333       0.00012376461083    1.17922383058e-05   
0.43750564213       0.000104691482076   1.19053639903e-05   
0.438181308749      9.34559681929e-05   1.198653222e-05     
0.438856963169      0.000113660751699   1.20972071028e-05   
0.43953260537       0.000122511666994   1.21622542852e-05   
0.440208235336      0.000116348272043   1.22521523045e-05   
0.440883853046      0.000117934387957   1.23266657363e-05   
0.441559458483      0.000114007284793   1.23917236715e-05   
0.442235051629      0.000122856759436   1.24761034841e-05   
0.442910632465      0.000125490702672   1.25284975939e-05   
0.443586200971      0.000132348780007   1.26126581003e-05   
0.444261757131      0.000117478548254   1.26508413535e-05   
0.444937300926      0.000126837152247   1.26843166348e-05   
0.445612832336      0.000132510961892   1.27375376688e-05   
0.446288351344      0.000151177715962   1.27516313723e-05   
0.446963857932      0.000149870946956   1.28109795982e-05   
0.44763935208       0.000131556225324   1.28330311271e-05   
0.44831483377       0.000119009321148   1.28739776536e-05   
0.448990302985      0.00010460718447    1.29067665425e-05   
0.449665759704      0.000110392446038   1.29243733073e-05   
0.450341203911      0.000107467498712   1.29810617054e-05   
0.451016635587      0.000117079110796   1.29905650981e-05   
0.451692054712      0.000139005449849   1.30409622545e-05   
0.45236746127       0.000133920503678   1.30668169194e-05   
0.45304285524       0.000124989693455   1.30921390799e-05   
0.453718236606      0.000124400607458   1.31297357641e-05   
0.454393605348      0.000117119068066   1.31369518386e-05   
0.455068961448      0.000120218359691   1.31916480756e-05   
0.455744304887      0.000108659372977   1.32098115528e-05   
0.456419635648      0.000115369311902   1.324609272e-05     
0.457094953712      0.000112842816103   1.32708559753e-05   
0.45777025906       0.0001299796735     1.32715682197e-05   
0.458445551675      0.000129362622549   1.3325265054e-05    
0.459120831537      0.000120009302076   1.33231917273e-05   
0.459796098628      0.000102882969893   1.33694851378e-05   
0.460471352929      0.000122397625553   1.33947525089e-05   
0.461146594424      0.000139813678115   1.34165943043e-05   
0.461821823092      0.000134540324537   1.34668754725e-05   
0.462497038916      0.000135368565153   1.34630278067e-05   
0.463172241877      0.000120970689781   1.35125951204e-05   
0.463847431957      0.000140605243609   1.35340890718e-05   
0.464522609137      0.000150504299988   1.35667335355e-05   
0.4651977734        0.000136795273512   1.36000204795e-05   
0.465872924726      0.000122504987518   1.36007738186e-05   
0.466548063097      0.000111938794343   1.36510897182e-05   
0.467223188495      0.000105672779456   1.3649655261e-05    
0.467898300902      0.000123171516314   1.36902630159e-05   
0.468573400299      0.000145144540373   1.37258828781e-05   
0.469248486668      0.000157787514057   1.37409622945e-05   
0.46992355999       0.000158734524026   1.37941713759e-05   
0.470598620247      0.000154373632076   1.37892190316e-05   
0.471273667421      0.000136110431414   1.38273762364e-05   
0.471948701494      0.000135000830252   1.38454704169e-05   
0.472623722446      0.000141724162553   1.38752993176e-05   
0.473298730259      0.000128276772535   1.39200052392e-05   
0.473973724916      0.00012443359835    1.39278182473e-05   
0.474648706398      0.000121085037737   1.39691808852e-05   
0.475323674687      0.000121368517202   1.39754047419e-05   
0.475998629763      0.000137649474114   1.4023205007e-05    
0.476673571609      0.00014897722941    1.40498963431e-05   
0.477348500207      0.000159609013842   1.4056847374e-05    
0.478023415538      0.00014340844308    1.41036920141e-05   
0.478698317583      0.000131323968723   1.4104496182e-05    
0.479373206326      0.000109096608992   1.41530565867e-05   
0.480048081746      0.000118803257764   1.41673820042e-05   
0.480722943826      0.000129773428442   1.41831950786e-05   
0.481397792547      0.000144242654825   1.42393861219e-05   
0.482072627891      0.000144079091153   1.42330340237e-05   
0.48274744984       0.000123380029165   1.4281364921e-05    
0.483422258376      0.000129234757286   1.42883891128e-05   
0.484097053479      0.000121221404658   1.43180138249e-05   
0.484771835133      0.000117909028261   1.43568392374e-05   
0.485446603317      0.000133571997038   1.43520711813e-05   
0.486121358015      0.000137821067516   1.4413978075e-05    
0.486796099208      0.000130696663401   1.44076440046e-05   
0.487470826877      0.000128426510007   1.44496563945e-05   
0.488145541004      0.00014759649431    1.44826345801e-05   
0.488820241571      0.000142902197096   1.44840117398e-05   
0.48949492856       0.000151072370019   1.45414974755e-05   
0.490169601952      0.000163150657116   1.4538320234e-05    
0.490844261729      0.000142942198657   1.4593640448e-05    
0.491518907872      0.000114834914445   1.46024549839e-05   
0.492193540364      0.000113409437814   1.46251594367e-05   
0.492868159186      0.000124420349567   1.46755310839e-05   
0.493542764319      0.000139108892824   1.46721844578e-05   
0.494217355746      0.00014163985721    1.47241367432e-05   
0.494891933448      0.000140656548305   1.47267882645e-05   
0.495566497407      0.000145411655389   1.47629363101e-05   
0.496241047604      0.000141485247765   1.47969811591e-05   
0.496915584022      0.000158455226976   1.48003054136e-05   
0.497590106641      0.000164718288415   1.4859329531e-05    
0.498264615445      0.000170106006142   1.4851734359e-05    
0.498939110413      0.000173433768324   1.49080477294e-05   
0.499613591529      0.000165071413154   1.49191835809e-05   
0.500288058774      0.00014110823657    1.49255240764e-05   
0.500962512129      0.000113864505809   1.49629012248e-05   
0.501636951577      0.000104540307087   1.49318431646e-05   
0.502311377098      0.000135712338392   1.49748769116e-05   
0.502985788675      0.000164522273219   1.49635359185e-05   
0.50366018629       0.000163830500732   1.49825142577e-05   
0.504334569924      0.00014476305217    1.49909318227e-05   
0.50500893956       0.000142509067876   1.49610155289e-05   
0.505683295177      0.000141524308114   1.49751336297e-05   
0.50635763676       0.000135883347181   1.49279161549e-05   
0.507031964288      0.000129851444287   1.49520259172e-05   
0.507706277745      0.000120182836131   1.49570440279e-05   
0.508380577111      0.000136402161002   1.49484428332e-05   
0.509054862368      0.00013359349629    1.49793354158e-05   
0.509729133499      0.000136576065968   1.49562194754e-05   
0.510403390485      0.000130535201354   1.50039294163e-05   
0.511077633307      0.000133956606659   1.49919919692e-05   
0.511751861948      0.000157480785508   1.49914603433e-05   
0.51242607639       0.000142108793584   1.5015592757e-05    
0.513100276613      0.000128917210611   1.49881109842e-05   
0.5137744626        0.000148127167043   1.50382883354e-05   
0.514448634333      0.000125083530298   1.50007702879e-05   
0.515122791793      0.000124440283712   1.5031054469e-05    
0.515796934962      0.000172937791425   1.50547508207e-05   
0.516471063822      0.000176143116024   1.50372667991e-05   
0.517145178355      0.000147501321679   1.5063994556e-05    
0.517819278542      0.000133508519897   1.50348706668e-05   
0.518493364365      0.000131710318088   1.50791255858e-05   
0.519167435806      0.000156703349821   1.50716284713e-05   
0.519841492848      0.000172601869052   1.5061586938e-05    
0.52051553547       0.000158771496307   1.5092783912e-05    
0.521189563656      0.000174544974671   1.50700910755e-05   
0.521863577388      0.000168025568306   1.5112676914e-05    
0.522537576646      0.000154862344013   1.50783653489e-05   
0.523211561413      0.000130407601339   1.5088416754e-05    
0.523885531671      0.000118993560561   1.51105873373e-05   
0.524559487401      0.000140827495715   1.50924668976e-05   
0.525233428585      0.000139468367681   1.51348918032e-05   
0.525907355205      0.000145341128594   1.5099191006e-05    
0.526581267243      0.000152841490742   1.51381653703e-05   
0.527255164681      0.000145162241283   1.51379820597e-05   
0.5279290475        0.000123625432964   1.51288917135e-05   
0.528602915683      0.000137037848162   1.51602671273e-05   
0.52927676921       0.000136854503138   1.5131951028e-05    
0.529950608065      0.000129404114177   1.5172219377e-05    
0.530624432228      0.000145022778265   1.51577114381e-05   
0.531298241681      0.00015069397109    1.51637792705e-05   
0.531972036407      0.000184168831082   1.51965561848e-05   
0.532645816388      0.000185059801498   1.51687557546e-05   
0.533319581604      0.000137928732648   1.52046469821e-05   
0.533993332038      0.000125962795216   1.51749577405e-05   
0.534667067672      0.000136253396361   1.52056312089e-05   
0.535340788488      0.000141697470584   1.52161654668e-05   
0.536014494467      0.000159123667331   1.52067191992e-05   
0.536688185591      0.000148630800316   1.52371649072e-05   
0.537361861842      0.000136795149776   1.51976586033e-05   
0.538035523203      0.000134903299952   1.52351049506e-05   
0.538709169654      0.000137723321608   1.52250862637e-05   
0.539382801177      0.000131388812952   1.52303995509e-05   
0.540056417756      0.00015329371259    1.5248742832e-05    
0.54073001937       0.000165095631695   1.52260982715e-05   
0.541403606003      0.000145423281472   1.5266010845e-05    
0.542077177636      0.00014167413293    1.52468585345e-05   
0.542750734251      0.000125160785822   1.52600382815e-05   
0.54342427583       0.000106796082075   1.52745581898e-05   
0.544097802355      0.000113943520365   1.52561051907e-05   
0.544771313807      0.000136962653818   1.5298863758e-05    
0.545444810169      0.000136853913233   1.52598630482e-05   
0.546118291422      0.000130108229517   1.52982939435e-05   
0.546791757548      0.000151435568188   1.53010289965e-05   
0.547465208529      0.000154462941688   1.52982719318e-05   
0.548138644347      0.000129400037461   1.5330102271e-05    
0.548812064985      0.000149781205549   1.52909687085e-05   
0.549485470423      0.000141593864724   1.5337526385e-05    
0.550158860643      0.000119627850586   1.53116508919e-05   
0.550832235629      0.000123107012826   1.53187435274e-05   
0.55150559536       0.00011364675396    1.5342934148e-05    
0.55217893982       0.000117449347952   1.53056510245e-05   
0.552852268991      0.000121074891733   1.5362938239e-05    
0.553525582853      0.000118871948011   1.53274219575e-05   
0.55419888139       0.000113647165868   1.53546370162e-05   
0.554872164583      0.000143360243845   1.5374465261e-05    
0.555545432413      0.000159109565253   1.53549531086e-05   
0.556218684864      0.00014769873866    1.53955631883e-05   
0.556891921916      0.000138386512621   1.53585037039e-05   
0.557565143551      0.000107803226237   1.53937823045e-05   
0.558238349753      0.000144662025972   1.53889972404e-05   
0.558911540502      0.000183602769601   1.53927346862e-05   
0.55958471578       0.000170992110261   1.54187967328e-05   
0.560257875569      0.000127829660108   1.53849047212e-05   
0.560931019852      9.63837611223e-05   1.5415156942e-05    
0.561604148611      0.000106247559935   1.54003938061e-05   
0.562277261826      0.000103533156294   1.54184150651e-05   
0.56295035948       0.00011967629505    1.54288858308e-05   
0.563623441556      0.000129003558462   1.54150477958e-05   
0.564296508034      0.00014385670454    1.54547686914e-05   
0.564969558898      0.000152088358184   1.54239748621e-05   
0.565642594128      0.000160016031904   1.54663725527e-05   
0.566315613707      0.000140143023214   1.54553849127e-05   
0.566988617617      0.000113076231426   1.54471845867e-05   
0.56766160584       0.000109768285184   1.54692189154e-05   
0.568334578357      0.00011375089381    1.54350199642e-05   
0.569007535151      0.000121206357953   1.54717893534e-05   
0.569680476204      0.000132244256736   1.54533702377e-05   
0.570353401497      0.000125595115748   1.54628185132e-05   
0.571026311013      0.0001038979625     1.54837432839e-05   
0.571699204733      0.000140740407814   1.54651328846e-05   
0.57237208264       0.000150735520578   1.55201516757e-05   
0.573044944715      0.000145263207331   1.54718966704e-05   
0.573717790941      0.000128233143579   1.5510966407e-05    
0.574390621299      0.000160576630655   1.55090859003e-05   
0.575063435772      0.000180028807526   1.54965994753e-05   
0.575736234341      0.00014065669621    1.55345413897e-05   
0.576409016989      0.000139874874237   1.54855360108e-05   
0.577081783697      0.000178972395844   1.55432740802e-05   
0.577754534447      0.000177601854727   1.55225404637e-05   
0.578427269222      0.00015924171728    1.55279570731e-05   
0.579099988003      0.000167534830027   1.55553389807e-05   
0.579772690772      0.000171778581662   1.55245320076e-05   
0.580445377512      0.000132881048372   1.55609416429e-05   
0.581118048204      0.000127641434406   1.55275093656e-05   
0.581790702831      0.000130917339152   1.55546192037e-05   
0.582463341374      0.000145835613584   1.55700978876e-05   
0.583135963815      0.000134529487542   1.55403628769e-05   
0.583808570137      0.000141718831189   1.55971963454e-05   
0.584481160322      0.000130114382698   1.55529876555e-05   
0.585153734351      0.000114342566009   1.55876472256e-05   
0.585826292206      0.000124600799942   1.55848783863e-05   
0.58649883387       0.000122729179121   1.55775352833e-05   
0.587171359324      0.000138470251575   1.56160542075e-05   
0.587843868551      0.00013654807421    1.55875408694e-05   
0.588516361533      0.000133316891743   1.56289244112e-05   
0.589188838251      0.000120191396242   1.5600570175e-05    
0.589861298689      0.000125973085564   1.56109461716e-05   
0.590533742826      0.000149389963243   1.56306464482e-05   
0.591206170647      0.000158331232666   1.56005164373e-05   
0.591878582132      0.000155121594852   1.56524053669e-05   
0.592550977265      0.000138167294802   1.56536861795e-05   
0.593223356026      0.000140137171921   1.57739027491e-05   
0.593895718398      0.000153925711243   1.62232715709e-05   
0.594568064363      0.000135568573326   1.70058043892e-05   
0.595240393904      0.000128284354111   1.74773078874e-05   
0.595912707001      0.000122853975687   1.77971089193e-05   
0.596585003638      0.000118500997987   1.81850284479e-05   
0.597257283796      0.00014033605988    1.84831471449e-05   
0.597929547458      0.000144942571603   1.876522865e-05     
0.598601794605      0.000138298596425   1.88629124343e-05   
0.599274025219      0.000154781705889   1.8901486162e-05    
0.599946239283      0.000121301956251   1.91257608395e-05   
0.600618436779      0.000122897084669   1.91937684924e-05   
0.601290617688      0.000169569448536   1.93808478707e-05   
0.601962781994      0.000183836218616   1.95228367372e-05   
0.602634929677      0.00017255032264    1.96033326293e-05   
0.60330706072       0.000156933173488   1.98010744573e-05   
0.603979175106      0.000138902163299   1.98171722672e-05   
0.604651272815      0.000121416555285   2.00302441902e-05   
0.605323353831      0.000121512880655   2.00859121985e-05   
0.605995418136      0.000106211773247   2.02149872259e-05   
0.60666746571       0.000132664096127   2.03870839647e-05   
0.607339496538      0.000154333391363   2.0425399794e-05    
0.6080115106        0.000141014674365   2.06480410064e-05   
0.608683507879      0.00012995569552    2.06665494911e-05   
0.609355488357      0.00015910582683    2.08503209967e-05   
0.610027452016      0.000158096381197   2.09547690612e-05   
0.610699398838      0.00011334607389    2.10174321043e-05   
0.611371328806      0.000113138449516   2.11855335168e-05   
0.612043241901      9.57299053077e-05   2.12001276941e-05   
0.612715138105      0.000106500684258   2.14064228501e-05   
0.613387017402      0.000127848167925   2.14762456853e-05   
0.614058879772      0.000135244947351   2.1596456594e-05    
0.614730725198      0.000123404696616   2.17117802354e-05   
0.615402553662      0.000107585796563   2.16852788315e-05   
0.616074365146      0.000122279030241   2.18734394484e-05   
0.616746159633      0.000130350402034   2.19259625876e-05   
0.617417937104      0.00012622954895    2.20664669094e-05   
0.618089697542      0.000126431367385   2.22031408911e-05   
0.618761440929      0.000103325844925   2.22771385065e-05   
0.619433167247      0.000129155856276   2.24410331408e-05   
0.620104876478      0.000152584534324   2.2520807736e-05    
0.620776568604      0.000134528540423   2.2665923725e-05    
0.621448243608      0.00013622409895    2.27929310675e-05   
0.622119901471      0.000149293496835   2.28609052995e-05   
0.622791542176      0.000160204397488   2.30437591119e-05   
0.623463165705      0.000171805975689   2.31166515783e-05   
0.62413477204       0.000144011340833   2.32380052659e-05   
0.624806361164      8.62801860725e-05   2.33679489415e-05   
0.625477933058      7.24275773886e-05   2.34306445371e-05   
0.626149487704      9.45313491665e-05   2.36232810723e-05   
0.626821025086      0.000109469354932   2.37146276548e-05   
0.627492545184      0.000122255489598   2.3815872467e-05    
0.628164047982      9.21127600709e-05   2.39584283405e-05   
0.628835533461      7.61853879817e-05   2.40375511515e-05   
0.629507001604      7.61536186952e-05   2.42044692666e-05   
0.630178452392      7.9033245554e-05    2.43052898184e-05   
0.630849885809      8.47257496927e-05   2.44167993272e-05   
0.631521301836      0.000138244391546   2.46213155162e-05   
0.632192700455      0.00010666811312    2.46822980543e-05   
0.632864081649      0.000115439172795   2.48395561085e-05   
0.633535445399      0.000101431328863   2.49560910238e-05   
0.634206791689      0.00010967395579    2.50808566371e-05   
0.6348781205        0.000125121099432   2.52479077304e-05   
0.635549431814      0.000102458130471   2.53452890301e-05   
0.636220725614      8.36149150095e-05   2.54600091341e-05   
0.636892001882      8.42276931412e-05   2.56548069067e-05   
0.637563260601      7.26794955765e-05   2.57384177133e-05   
0.638234501751      5.3826577617e-05    2.59105416227e-05   
0.638905725316      3.87114907784e-05   2.60242795028e-05   
0.639576931278      5.46412443772e-05   2.61373584452e-05   
0.640248119619      7.29611406636e-05   2.6337017384e-05    
0.640919290322      0.000108732355079   2.64781821619e-05   
0.641590443368      8.21579829097e-05   2.65988868884e-05   
0.642261578739      0.000126469284217   2.66392763133e-05   
0.642932696419      0.00011906377687    2.66574823739e-05   
0.643603796389      0.000111107015638   2.66824383155e-05   
0.644274878632      8.70614322592e-05   2.66760756406e-05   
0.64494594313       6.09552450705e-05   2.66294839449e-05   
0.645616989864      8.67835738424e-05   2.67088705903e-05   
0.646288018818      0.000117839514629   2.67146848823e-05   
0.646959029974      0.000138776698302   2.66815613737e-05   
0.647630023313      0.000121099874394   2.66417375597e-05   
0.648300998819      6.09909244552e-05   2.66459783271e-05   
0.648971956473      9.32382354275e-05   2.66856680587e-05   
0.649642896257      0.000100265620237   2.67118472002e-05   
0.650313818155      8.13327023719e-05   2.66839840325e-05   
0.650984722148      0.00011381329366    2.66993021196e-05   
0.651655608218      0.000144347179305   2.67594515789e-05   
0.652326476349      0.000136487295946   2.6762874556e-05    
0.652997326521      0.000130766789969   2.67595418435e-05   
0.653668158718      0.000145798044295   2.68692548786e-05   
0.654338972921      0.000119814514072   2.6997220553e-05    
0.655009769114      0.000123184049306   2.7155933533e-05    
0.655680547278      8.89048476323e-05   2.72911268906e-05   
0.656351307395      9.32923094263e-05   2.73475020538e-05   
0.657022049448      0.000166148825823   2.75957246818e-05   
0.65769277342       0.000127214702482   2.7719746941e-05    
0.658363479292      0.000118093403952   2.78590228879e-05   
0.659034167047      0.000108679086182   2.79912891278e-05   
0.659704836667      5.95658818553e-05   2.81142700939e-05   
0.660375488135      6.60212035558e-05   2.82992654821e-05   
0.661046121432      5.80349823512e-05   2.84291792771e-05   
0.661716736542      6.53734290557e-05   2.85747810923e-05   
0.662387333446      5.33737091318e-05   2.87197878405e-05   
0.663057912127      5.24481570835e-05   2.88535937725e-05   
0.663728472567      8.6397349079e-05    2.90462983392e-05   
0.664399014748      7.44779160635e-05   2.9202082914e-05    
0.665069538654      2.5611478965e-05    2.93634281731e-05   
0.665740044265      -6.85723184881e-06  2.9547265282e-05    
0.666410531565      3.2078722313e-06    2.96770444397e-05   
0.667081000536      4.0309152191e-05    2.98791940602e-05   
0.66775145116       2.97669502909e-05   3.00368688828e-05   
0.66842188342       5.89745015237e-05   3.01778416753e-05   
0.669092297297      0.000113887095816   3.04280691689e-05   
0.669762692775      0.000127071683063   3.06014053828e-05   
0.670433069835      8.11401174863e-05   3.07947677114e-05   
0.671103428461      0.000104729250453   3.09674514984e-05   
0.671773768634      0.000122263824798   3.1145163509e-05    
0.672444090336      0.000136826459741   3.13719519942e-05   
0.673114393551      0.000151911128958   3.15509727699e-05   
0.673784678261      0.000130354272765   3.1771454582e-05    
0.674454944447      0.00014672596177    3.19612564788e-05   
0.675125192092      0.000112052022745   3.21236446355e-05   
0.675795421179      2.47916897628e-05   3.23373921206e-05   
0.67646563169       4.87215454359e-05   3.24943017654e-05   
0.677135823608      9.52463114508e-05   3.27319161399e-05   
0.677805996914      8.56128705575e-05   3.29630516968e-05   
0.678476151592      0.000147960773399   3.31528859095e-05   
0.679146287623      0.000137641544841   3.34024739993e-05   
0.679816404991      5.2932305227e-05    3.35983770115e-05   
0.680486503677      6.68045140568e-05   3.38596954302e-05   
0.681156583663      0.000102890216803   3.41192150241e-05   
0.681826644933      0.000126206227849   3.43321371712e-05   
0.682496687469      0.000211406788769   3.46705084048e-05   
0.683166711252      0.000160214545643   3.4824869342e-05    
0.683836716267      5.36302420203e-05   3.50585612729e-05   
0.684506702494      4.95804667014e-05   3.53417335992e-05   
0.685176669916      6.64374389341e-05   3.55887513174e-05   
0.685846618517      8.03635897814e-05   3.59029811252e-05   
0.686516548277      7.57383220117e-05   3.60942422556e-05   
0.687186459181      1.66517902278e-05   3.63789297991e-05   
0.687856351209      4.14318110977e-06   3.68664116833e-05   
0.688526224345      7.23874581443e-05   3.7157490587e-05    
0.689196078571      0.000100769467957   3.76035475665e-05   
0.689865913869      0.000107854478855   3.78960807111e-05   
0.690535730222      8.5219032619e-05    3.81891672437e-05   
0.691205527613      3.60638395831e-05   3.85247896554e-05   
0.691875306024      5.70870851527e-05   3.87562916758e-05   
0.692545065436      7.83252682208e-05   3.9176900978e-05    
0.693214805834      6.4951296892e-05    3.94952533843e-05   
0.693884527198      7.3865204871e-05    3.98075790573e-05   
0.694554229513      0.000115727773632   4.02599446318e-05   
0.695223912759      9.22052937891e-05   4.05262009249e-05   
0.69589357692       6.92688378104e-05   4.09696996777e-05   
0.696563221978      3.03253442388e-05   4.13286563941e-05   
0.697232847916      6.28358799041e-06   4.16688272455e-05   
0.697902454715      -2.50120206559e-06  4.22064492026e-05   
0.69857204236       4.83738457004e-05   4.25661859092e-05   
0.699241610831      6.49922406365e-06   4.30164688547e-05   
0.699911160112      4.49838577121e-05   4.34622717115e-05   
0.700580690184      8.25152077586e-05   4.38643481502e-05   
0.701250201032      1.49009920688e-05   4.44121789604e-05   
0.701919692636      5.47450689094e-05   4.4790463877e-05    
0.70258916498       0.000108439254493   4.54254809617e-05   
0.703258618046      8.10481407188e-05   4.600784228e-05     
0.703928051816      6.82408802263e-05   4.64788873129e-05   
0.704597466273      3.89510177052e-05   4.71034632415e-05   
0.7052668614        2.73272957465e-05   4.76523318757e-05   
0.705936237179      8.54095423035e-05   4.82870042375e-05   
0.706605593593      5.16372374869e-05   4.89072124942e-05   
0.707274930624      5.37671700616e-05   4.95028022042e-05   
0.707944248254      0.000110484074127   5.0293147923e-05    
0.708613546466      0.000185562029722   5.095429177e-05     
0.709282825244      0.000155287039856   5.16055000302e-05   
0.709952084568      0.000109019188691   5.23305898536e-05   
0.710621324423      0.000161206711294   5.3112858724e-05    
0.711290544789      0.000101840580202   5.40136837452e-05   
0.711959745651      9.00044268483e-05   5.47751759053e-05   
0.712628926989      0.000142531342423   5.57886352968e-05   
0.713298088788      8.08229138885e-05   5.66076467134e-05   
0.71396723103       3.82417541053e-05   5.76859113751e-05   
0.714636353696      4.68387925874e-05   5.86387439952e-05   
0.71530545677       1.44461986915e-05   5.97167564976e-05   
0.715974540235      9.36046634084e-05   6.10444970533e-05   
0.716643604072      0.000149329323327   6.21770092632e-05   
0.717312648264      0.000192126779268   6.35054445162e-05   
0.717981672795      0.000197255429423   6.47731739227e-05   
0.718650677646      7.94430917166e-05   6.62019584668e-05   
0.7193196628        -1.29783784613e-05  6.7618429892e-05    
0.719988628239      9.46281308394e-05   6.94284401483e-05   
0.720657573947      0.000261243839347   7.13693579186e-05   
0.721326499906      0.000186483401818   7.33781680311e-05   
0.721995406098      8.28891087039e-06   7.53428952988e-05   
0.722664292506      -1.33196247181e-05  7.75337421101e-05   
0.723333159113      -1.95337364877e-05  8.01276879871e-05   
0.724002005901      4.77855054076e-05   8.28136383616e-05   
0.724670832852      0.00017015981801    8.59993372211e-05   
0.725339639951      0.000157712071463   8.93703972587e-05   
0.726008427178      0.00017108415598    9.34469219369e-05   
0.726677194517      0.000199847339489   9.80159650785e-05   
0.72734594195       0.00013453224321    0.000102828534751   
0.72801466946       0.000138499774802   0.000108721918212   
0.728683377029      0.000200454164416   0.000116177397262   
0.729352064641      0.000309936008084   0.000125233344501   
0.730020732277      0.000203136676197   0.000135208128027   
0.730689379921      4.64555703248e-05   0.000149574821459   
0.731358007555      6.48234102157e-05   0.000171081171087   
0.732026615161      0.000143829128001   0.000201999775667   
0.732695202723      0.000221403673156   0.000260953275121   
0.733363770223      0.00052942216911    0.000368786464908   
0.734032317643      0.000597174543779   0.000781689324403   
0.734700844966      nan                 nan                 
0.735369352176      nan                 nan                 
0.736037839254      nan                 nan                 
0.736706306183      nan                 nan                 
0.737374752946      nan                 nan                 
0.738043179525      nan                 nan                 
0.738711585904      nan                 nan                 
0.739379972064      nan                 nan                 
0.74004833799       nan                 nan                 
0.740716683662      nan                 nan                 
0.741385009064      nan                 nan                 
0.742053314179      nan                 nan                 
0.742721598989      nan                 nan                 
0.743389863477      nan                 nan                 
0.744058107626      nan                 nan                 
