Sample description: data-average
  8.835092e-03   8.092097e-02   2.594649e-04
  9.514714e-03   8.113790e-02   1.895192e-04
  1.019433e-02   8.035043e-02   1.606773e-04
  1.087396e-02   7.989910e-02   1.415214e-04
  1.155358e-02   7.952661e-02   1.291877e-04
  1.223320e-02   7.876741e-02   1.180703e-04
  1.291282e-02   7.858839e-02   1.106382e-04
  1.359244e-02   7.823158e-02   9.859255e-05
  1.427205e-02   7.755078e-02   8.940804e-05
  1.495167e-02   7.701806e-02   8.453779e-05
  1.563129e-02   7.635975e-02   7.959731e-05
  1.631091e-02   7.618470e-02   7.737796e-05
  1.699053e-02   7.528521e-02   7.473320e-05
  1.767014e-02   7.472087e-02   7.248299e-05
  1.834976e-02   7.407455e-02   7.092660e-05
  1.902938e-02   7.341650e-02   6.867096e-05
  1.970899e-02   7.272000e-02   6.752872e-05
  2.038861e-02   7.203386e-02   6.565836e-05
  2.106822e-02   7.133358e-02   6.427419e-05
  2.174783e-02   7.064957e-02   6.322227e-05
  2.242745e-02   6.965530e-02   6.136202e-05
  2.310706e-02   6.872767e-02   6.047491e-05
  2.378667e-02   6.815223e-02   5.885656e-05
  2.446628e-02   6.725819e-02   5.788425e-05
  2.514589e-02   6.642269e-02   5.674634e-05
  2.582550e-02   6.535355e-02   5.534127e-05
  2.650511e-02   6.444560e-02   5.453682e-05
  2.718472e-02   6.369061e-02   5.329973e-05
  2.786433e-02   6.271147e-02   5.251315e-05
  2.854393e-02   6.181206e-02   5.131441e-05
  2.922354e-02   6.084483e-02   5.021995e-05
  2.990314e-02   5.986108e-02   4.951136e-05
  3.058275e-02   5.895819e-02   4.835952e-05
  3.126235e-02   5.795770e-02   4.770272e-05
  3.194195e-02   5.702554e-02   4.661090e-05
  3.262155e-02   5.606745e-02   4.590258e-05
  3.330115e-02   5.509771e-02   4.513512e-05
  3.398075e-02   5.404616e-02   4.415210e-05
  3.466035e-02   5.301624e-02   4.359044e-05
  3.533995e-02   5.207224e-02   4.259606e-05
  3.601955e-02   5.099502e-02   4.208619e-05
  3.669914e-02   4.996700e-02   4.136982e-05
  3.737874e-02   4.905410e-02   4.057518e-05
  3.805833e-02   4.804827e-02   4.006468e-05
  3.873792e-02   4.698238e-02   3.922322e-05
  3.941751e-02   4.611979e-02   3.885625e-05
  4.009711e-02   4.522137e-02   3.805068e-05
  4.077669e-02   4.421621e-02   3.751956e-05
  4.145628e-02   4.334270e-02   3.705225e-05
  4.213587e-02   4.245842e-02   3.633429e-05
  4.281546e-02   4.159496e-02   3.599205e-05
  4.349504e-02   4.062132e-02   3.523433e-05
  4.417462e-02   3.970704e-02   3.480785e-05
  4.485421e-02   3.882647e-02   3.435596e-05
  4.553379e-02   3.799279e-02   3.373631e-05
  4.621337e-02   3.720691e-02   3.341305e-05
  4.689294e-02   3.635356e-02   3.274422e-05
  4.757252e-02   3.551474e-02   3.247490e-05
  4.825210e-02   3.478417e-02   3.194190e-05
  4.893167e-02   3.406033e-02   3.149558e-05
  4.961124e-02   3.319006e-02   3.115874e-05
  5.029081e-02   3.245215e-02   3.062233e-05
  5.097038e-02   3.178908e-02   3.036135e-05
  5.164995e-02   3.103419e-02   2.984716e-05
  5.232952e-02   3.025002e-02   2.950015e-05
  5.300909e-02   2.961037e-02   2.916929e-05
  5.368865e-02   2.901058e-02   2.872732e-05
  5.436821e-02   2.833484e-02   2.848910e-05
  5.504777e-02   2.771957e-02   2.803263e-05
  5.572733e-02   2.705500e-02   2.777145e-05
  5.640689e-02   2.642762e-02   2.741503e-05
  5.708645e-02   2.585917e-02   2.705686e-05
  5.776600e-02   2.526026e-02   2.681146e-05
  5.844556e-02   2.470128e-02   2.643698e-05
  5.912511e-02   2.415936e-02   2.623410e-05
  5.980466e-02   2.366107e-02   2.585416e-05
  6.048421e-02   2.319102e-02   2.563013e-05
  6.116375e-02   2.265353e-02   2.536863e-05
  6.184330e-02   2.219438e-02   2.502398e-05
  6.252284e-02   2.164138e-02   2.485456e-05
  6.320238e-02   2.116407e-02   2.450027e-05
  6.388192e-02   2.070948e-02   2.431207e-05
  6.456146e-02   2.024582e-02   2.403106e-05
  6.524100e-02   1.980840e-02   2.377894e-05
  6.592053e-02   1.938418e-02   2.362004e-05
  6.660006e-02   1.893608e-02   2.327678e-05
  6.727959e-02   1.852589e-02   2.314923e-05
  6.795912e-02   1.813307e-02   2.287024e-05
  6.863865e-02   1.778041e-02   2.267638e-05
  6.931817e-02   1.738080e-02   2.250526e-05
  6.999769e-02   1.699193e-02   2.221104e-05
  7.067722e-02   1.663927e-02   2.211571e-05
  7.135673e-02   1.628377e-02   2.183322e-05
  7.203625e-02   1.597598e-02   2.170637e-05
  7.271577e-02   1.560467e-02   2.150617e-05
  7.339528e-02   1.528535e-02   2.126661e-05
  7.407479e-02   1.498602e-02   2.118822e-05
  7.475430e-02   1.465460e-02   2.091446e-05
  7.543380e-02   1.435890e-02   2.080635e-05
  7.611331e-02   1.406446e-02   2.060614e-05
  7.679281e-02   1.373314e-02   2.042460e-05
  7.747231e-02   1.342686e-02   2.030689e-05
  7.815181e-02   1.311785e-02   2.005739e-05
  7.883130e-02   1.282939e-02   1.998610e-05
  7.951080e-02   1.255838e-02   1.977749e-05
  8.019029e-02   1.227783e-02   1.964599e-05
  8.086978e-02   1.201234e-02   1.950070e-05
  8.154926e-02   1.174311e-02   1.929235e-05
  8.222875e-02   1.148700e-02   1.923036e-05
  8.290823e-02   1.121168e-02   1.901613e-05
  8.358771e-02   1.096260e-02   1.891030e-05
  8.426719e-02   1.071205e-02   1.886558e-05
  8.494666e-02   1.046664e-02   1.901516e-05
  8.562614e-02   1.023231e-02   1.912183e-05
  8.630561e-02   9.971426e-03   1.903097e-05
  8.698507e-02   9.726443e-03   1.907889e-05
  8.766454e-02   9.504717e-03   1.900983e-05
  8.834400e-02   9.298048e-03   1.899099e-05
  8.902346e-02   9.085478e-03   1.895258e-05
  8.970292e-02   8.851357e-03   1.880081e-05
  9.038238e-02   8.668058e-03   1.883108e-05
  9.106183e-02   8.481153e-03   1.883034e-05
  9.174128e-02   8.262833e-03   1.915327e-05
  9.242073e-02   8.068176e-03   1.929526e-05
  9.310017e-02   7.843936e-03   1.936889e-05
  9.377962e-02   7.636609e-03   1.952554e-05
  9.445906e-02   7.457332e-03   1.948448e-05
  9.513849e-02   7.277938e-03   1.960320e-05
  9.581793e-02   7.090984e-03   1.961006e-05
  9.649736e-02   6.895704e-03   1.963656e-05
  9.717679e-02   6.708094e-03   1.969396e-05
  9.785621e-02   6.530237e-03   1.961663e-05
  9.853564e-02   6.389238e-03   1.934174e-05
  9.921506e-02   6.265985e-03   1.901530e-05
  9.989448e-02   6.074629e-03   1.882182e-05
  1.005739e-01   5.924660e-03   1.868479e-05
  1.012533e-01   5.812500e-03   1.852008e-05
  1.019327e-01   5.623149e-03   1.848209e-05
  1.026121e-01   5.481071e-03   1.830911e-05
  1.032915e-01   5.349436e-03   1.827016e-05
  1.039709e-01   5.195460e-03   1.814670e-05
  1.046503e-01   5.067910e-03   1.805262e-05
  1.053297e-01   4.933118e-03   1.803283e-05
  1.060091e-01   4.785033e-03   1.784267e-05
  1.066885e-01   4.660949e-03   1.785176e-05
  1.073679e-01   4.516096e-03   1.772250e-05
  1.080473e-01   4.424426e-03   1.767754e-05
  1.087267e-01   4.347618e-03   1.762455e-05
  1.094060e-01   4.182164e-03   1.749801e-05
  1.100854e-01   4.036987e-03   1.751248e-05
  1.107648e-01   3.941224e-03   1.738301e-05
  1.114441e-01   3.849227e-03   1.734826e-05
  1.121235e-01   3.749221e-03   1.728573e-05
  1.128029e-01   3.645010e-03   1.719407e-05
  1.134822e-01   3.543764e-03   1.720663e-05
  1.141616e-01   3.476271e-03   1.705553e-05
  1.148409e-01   3.386878e-03   1.707546e-05
  1.155203e-01   3.277673e-03   1.696092e-05
  1.161996e-01   3.222980e-03   1.692053e-05
  1.168790e-01   3.133189e-03   1.688600e-05
  1.175583e-01   3.036817e-03   1.677578e-05
  1.182376e-01   2.930479e-03   1.677115e-05
  1.189170e-01   2.872171e-03   1.668298e-05
  1.195963e-01   2.822146e-03   1.664387e-05
  1.202756e-01   2.744103e-03   1.660029e-05
  1.209550e-01   2.654494e-03   1.649486e-05
  1.216343e-01   2.571458e-03   1.650177e-05
  1.223136e-01   2.524901e-03   1.640786e-05
  1.229929e-01   2.459017e-03   1.638366e-05
  1.236722e-01   2.399270e-03   1.632643e-05
  1.243515e-01   2.308853e-03   1.625126e-05
  1.250308e-01   2.250876e-03   1.620420e-05
  1.257101e-01   2.225605e-03   1.612287e-05
  1.263894e-01   2.167825e-03   1.608009e-05
  1.270687e-01   2.105135e-03   1.598880e-05
  1.277480e-01   2.049180e-03   1.592143e-05
  1.284273e-01   2.011811e-03   1.588957e-05
  1.291066e-01   1.977672e-03   1.580309e-05
  1.297858e-01   1.928985e-03   1.576690e-05
  1.304651e-01   1.858479e-03   1.570521e-05
  1.311444e-01   1.815926e-03   1.568127e-05
  1.318236e-01   1.796114e-03   1.564470e-05
  1.325029e-01   1.754462e-03   1.559116e-05
  1.331822e-01   1.724386e-03   1.557591e-05
  1.338614e-01   1.694205e-03   1.552360e-05
  1.345407e-01   1.652922e-03   1.549884e-05
  1.352199e-01   1.640978e-03   1.547179e-05
  1.358992e-01   1.594913e-03   1.542408e-05
  1.365784e-01   1.541438e-03   1.540492e-05
  1.372576e-01   1.519173e-03   1.535018e-05
  1.379369e-01   1.478475e-03   1.534409e-05
  1.386161e-01   1.461747e-03   1.528535e-05
  1.392953e-01   1.426097e-03   1.525557e-05
  1.399745e-01   1.398506e-03   1.523768e-05
  1.406537e-01   1.364825e-03   1.518718e-05
  1.413330e-01   1.341610e-03   1.517691e-05
  1.420122e-01   1.301669e-03   1.510385e-05
  1.426914e-01   1.289097e-03   1.510429e-05
  1.433706e-01   1.261148e-03   1.505746e-05
  1.440498e-01   1.238429e-03   1.502091e-05
  1.447290e-01   1.229482e-03   1.501270e-05
  1.454081e-01   1.222999e-03   1.496369e-05
  1.460873e-01   1.171809e-03   1.495125e-05
  1.467665e-01   1.128900e-03   1.489193e-05
  1.474457e-01   1.106408e-03   1.487016e-05
  1.481249e-01   1.101297e-03   1.485544e-05
  1.488040e-01   1.090482e-03   1.480533e-05
  1.494832e-01   1.060116e-03   1.480721e-05
  1.501623e-01   9.958950e-04   1.473531e-05
  1.508415e-01   9.777129e-04   1.471612e-05
  1.515207e-01   9.574699e-04   1.468655e-05
  1.521998e-01   9.490935e-04   1.465484e-05
  1.528789e-01   9.502622e-04   1.465196e-05
  1.535581e-01   9.363157e-04   1.459640e-05
  1.542372e-01   9.354626e-04   1.461231e-05
  1.549163e-01   9.206330e-04   1.455918e-05
  1.555955e-01   8.730095e-04   1.452434e-05
  1.562746e-01   8.425064e-04   1.451318e-05
  1.569537e-01   8.357445e-04   1.446439e-05
  1.576328e-01   8.491601e-04   1.446557e-05
  1.583119e-01   8.399771e-04   1.440748e-05
  1.589910e-01   8.295480e-04   1.440601e-05
  1.596701e-01   8.163913e-04   1.437218e-05
  1.603492e-01   8.009351e-04   1.433340e-05
  1.610283e-01   7.860073e-04   1.433043e-05
  1.617074e-01   7.538720e-04   1.427346e-05
  1.623865e-01   7.069935e-04   1.426001e-05
  1.630655e-01   7.178162e-04   1.422725e-05
  1.637446e-01   7.018806e-04   1.419912e-05
  1.644237e-01   7.015156e-04   1.419164e-05
  1.651027e-01   6.955701e-04   1.413959e-05
  1.657818e-01   6.851894e-04   1.414638e-05
  1.664609e-01   6.617953e-04   1.409781e-05
  1.671399e-01   6.280919e-04   1.407870e-05
  1.678190e-01   5.937079e-04   1.405582e-05
  1.684980e-01   6.137619e-04   1.401207e-05
  1.691770e-01   6.221431e-04   1.401930e-05
  1.698561e-01   5.783867e-04   1.396680e-05
  1.705351e-01   5.838228e-04   1.396544e-05
  1.712141e-01   5.999209e-04   1.393629e-05
  1.718931e-01   5.928457e-04   1.390370e-05
  1.725721e-01   5.577472e-04   1.389850e-05
  1.732511e-01   5.257627e-04   1.384697e-05
  1.739301e-01   4.975147e-04   1.384425e-05
  1.746091e-01   5.033638e-04   1.379795e-05
  1.752881e-01   5.205471e-04   1.378991e-05
  1.759671e-01   5.378585e-04   1.378128e-05
  1.766461e-01   5.264104e-04   1.373342e-05
  1.773251e-01   4.975992e-04   1.373152e-05
  1.780040e-01   4.911123e-04   1.368915e-05
  1.786830e-01   4.727022e-04   1.368678e-05
  1.793620e-01   4.664265e-04   1.365338e-05
  1.800409e-01   4.731952e-04   1.362956e-05
  1.807199e-01   4.641703e-04   1.362193e-05
  1.813988e-01   4.516945e-04   1.356862e-05
  1.820777e-01   4.430494e-04   1.356964e-05
  1.827567e-01   4.242851e-04   1.353156e-05
  1.834356e-01   4.402992e-04   1.351859e-05
  1.841145e-01   4.309124e-04   1.351598e-05
  1.847935e-01   4.282999e-04   1.347351e-05
  1.854724e-01   4.084652e-04   1.346454e-05
  1.861513e-01   3.933752e-04   1.342297e-05
  1.868302e-01   3.977655e-04   1.341382e-05
  1.875091e-01   3.872299e-04   1.339753e-05
  1.881880e-01   3.940830e-04   1.335005e-05
  1.888669e-01   3.917450e-04   1.335647e-05
  1.895457e-01   4.084661e-04   1.332037e-05
  1.902246e-01   3.878192e-04   1.331843e-05
  1.909035e-01   3.832876e-04   1.328180e-05
  1.915824e-01   3.525664e-04   1.326194e-05
  1.922612e-01   3.426485e-04   1.325685e-05
  1.929401e-01   3.461422e-04   1.320991e-05
  1.936189e-01   3.393214e-04   1.320785e-05
  1.942978e-01   3.473130e-04   1.317946e-05
  1.949766e-01   3.347964e-04   1.316517e-05
  1.956555e-01   3.325703e-04   1.315330e-05
  1.963343e-01   3.473031e-04   1.312368e-05
  1.970131e-01   3.279993e-04   1.312367e-05
  1.976919e-01   3.254244e-04   1.308688e-05
  1.983707e-01   3.219310e-04   1.307970e-05
  1.990495e-01   3.403605e-04   1.305980e-05
  1.997283e-01   3.175663e-04   1.302561e-05
  2.004071e-01   3.088775e-04   1.302530e-05
  2.010859e-01   3.122863e-04   1.299025e-05
  2.017647e-01   3.196998e-04   1.299231e-05
  2.024435e-01   3.063687e-04   1.295718e-05
  2.031223e-01   3.118495e-04   1.294417e-05
  2.038010e-01   2.857036e-04   1.293326e-05
  2.044798e-01   2.863107e-04   1.289027e-05
  2.051586e-01   3.027346e-04   1.289765e-05
  2.058373e-01   3.166921e-04   1.285978e-05
  2.065160e-01   3.115885e-04   1.285814e-05
  2.071948e-01   3.005345e-04   1.283654e-05
  2.078735e-01   3.034413e-04   1.280296e-05
  2.085522e-01   2.930314e-04   1.281580e-05
  2.092310e-01   2.965404e-04   1.277234e-05
  2.099097e-01   2.852538e-04   1.277194e-05
  2.105884e-01   2.830644e-04   1.273573e-05
  2.112671e-01   2.760217e-04   1.272501e-05
  2.119458e-01   2.849739e-04   1.272940e-05
  2.126245e-01   2.808820e-04   1.268334e-05
  2.133032e-01   2.953789e-04   1.269572e-05
  2.139819e-01   2.952397e-04   1.265350e-05
  2.146605e-01   2.825666e-04   1.265124e-05
  2.153392e-01   2.607240e-04   1.263731e-05
  2.160179e-01   2.532583e-04   1.259822e-05
  2.166965e-01   2.589738e-04   1.260167e-05
  2.173752e-01   2.598134e-04   1.257303e-05
  2.180538e-01   2.528294e-04   1.256997e-05
  2.187324e-01   2.570353e-04   1.254225e-05
  2.194111e-01   2.656507e-04   1.251265e-05
  2.200897e-01   2.636342e-04   1.252229e-05
  2.207683e-01   2.650569e-04   1.248386e-05
  2.214469e-01   2.588025e-04   1.248341e-05
  2.221255e-01   2.393913e-04   1.245627e-05
  2.228041e-01   2.338561e-04   1.244099e-05
  2.234827e-01   2.455412e-04   1.243726e-05
  2.241613e-01   2.344403e-04   1.239930e-05
  2.248399e-01   2.359942e-04   1.240232e-05
  2.255185e-01   2.345595e-04   1.236884e-05
  2.261970e-01   2.283736e-04   1.236394e-05
  2.268756e-01   2.299976e-04   1.234458e-05
  2.275542e-01   2.233161e-04   1.232353e-05
  2.282327e-01   2.414627e-04   1.232726e-05
  2.289113e-01   2.486177e-04   1.229611e-05
  2.295898e-01   2.515659e-04   1.229144e-05
  2.302683e-01   2.468295e-04   1.226813e-05
  2.309468e-01   2.546097e-04   1.225460e-05
  2.316254e-01   2.541098e-04   1.225708e-05
  2.323039e-01   2.435855e-04   1.221097e-05
  2.329824e-01   2.403671e-04   1.222150e-05
  2.336609e-01   2.353521e-04   1.219050e-05
  2.343394e-01   2.383553e-04   1.219066e-05
  2.350179e-01   2.370035e-04   1.217639e-05
  2.356963e-01   2.294085e-04   1.213793e-05
  2.363748e-01   2.253030e-04   1.214851e-05
  2.370533e-01   2.281590e-04   1.210911e-05
  2.377317e-01   2.277607e-04   1.211211e-05
  2.384102e-01   2.249730e-04   1.209123e-05
  2.390886e-01   2.195779e-04   1.206708e-05
  2.397671e-01   2.269562e-04   1.206925e-05
  2.404455e-01   2.399965e-04   1.204302e-05
  2.411239e-01   2.542957e-04   1.205006e-05
  2.418023e-01   2.360965e-04   1.201565e-05
  2.424808e-01   2.360038e-04   1.200482e-05
  2.431592e-01   2.292411e-04   1.199781e-05
  2.438376e-01   2.127458e-04   1.210363e-05
  2.445159e-01   2.001375e-04   1.226295e-05
  2.451943e-01   2.196006e-04   1.233150e-05
  2.458727e-01   2.153033e-04   1.241317e-05
  2.465511e-01   2.067886e-04   1.245904e-05
  2.472294e-01   2.340991e-04   1.250257e-05
  2.479078e-01   2.465941e-04   1.256285e-05
  2.485862e-01   2.557080e-04   1.257669e-05
  2.492645e-01   2.459519e-04   1.261831e-05
  2.499428e-01   2.263905e-04   1.267396e-05
  2.506212e-01   2.158003e-04   1.290672e-05
  2.512995e-01   2.227175e-04   1.308420e-05
  2.519778e-01   2.182789e-04   1.319211e-05
  2.526561e-01   2.163838e-04   1.330421e-05
  2.533344e-01   2.299591e-04   1.335074e-05
  2.540127e-01   2.290336e-04   1.342062e-05
  2.546910e-01   2.280019e-04   1.350178e-05
  2.553693e-01   2.240849e-04   1.356055e-05
  2.560475e-01   1.984223e-04   1.363448e-05
  2.567258e-01   2.167809e-04   1.366803e-05
  2.574041e-01   2.447339e-04   1.376705e-05
  2.580823e-01   2.571159e-04   1.381449e-05
  2.587606e-01   2.476318e-04   1.388170e-05
  2.594388e-01   2.324091e-04   1.395495e-05
  2.601170e-01   1.886117e-04   1.378854e-05
  2.607952e-01   1.809395e-04   1.359157e-05
  2.614735e-01   1.877588e-04   1.348021e-05
  2.621517e-01   1.948464e-04   1.342076e-05
  2.628299e-01   2.048843e-04   1.338191e-05
  2.635080e-01   1.925072e-04   1.332682e-05
  2.641862e-01   1.823612e-04   1.331737e-05
  2.648644e-01   2.032772e-04   1.326379e-05
  2.655426e-01   2.365376e-04   1.325560e-05
  2.662207e-01   2.399511e-04   1.322235e-05
  2.668989e-01   2.466250e-04   1.317079e-05
  2.675770e-01   2.370352e-04   1.315152e-05
  2.682552e-01   2.207337e-04   1.308675e-05
  2.689333e-01   2.057984e-04   1.309650e-05
  2.696114e-01   2.125819e-04   1.306431e-05
  2.702896e-01   1.980895e-04   1.305114e-05
  2.709677e-01   2.071686e-04   1.304486e-05
  2.716458e-01   2.215661e-04   1.302801e-05
  2.723239e-01   2.166383e-04   1.304234e-05
  2.730020e-01   2.141212e-04   1.299596e-05
  2.736800e-01   2.304641e-04   1.299162e-05
  2.743581e-01   2.261800e-04   1.297263e-05
  2.750362e-01   2.190761e-04   1.295080e-05
  2.757142e-01   2.310826e-04   1.297013e-05
  2.763923e-01   2.229641e-04   1.293947e-05
  2.770703e-01   2.206115e-04   1.296744e-05
  2.777484e-01   2.190916e-04   1.295549e-05
  2.784264e-01   2.151259e-04   1.295070e-05
  2.791044e-01   2.055282e-04   1.295375e-05
  2.797824e-01   1.966262e-04   1.291119e-05
  2.804604e-01   2.029151e-04   1.293379e-05
  2.811384e-01   2.023976e-04   1.289733e-05
  2.818164e-01   1.959527e-04   1.290350e-05
  2.824944e-01   1.909065e-04   1.289697e-05
  2.831723e-01   2.070209e-04   1.286704e-05
  2.838503e-01   1.981784e-04   1.288959e-05
  2.845283e-01   1.966117e-04   1.285013e-05
  2.852062e-01   1.921739e-04   1.286160e-05
  2.858841e-01   2.060558e-04   1.284466e-05
  2.865621e-01   1.991328e-04   1.282897e-05
  2.872400e-01   2.116045e-04   1.283945e-05
  2.879179e-01   2.006442e-04   1.280139e-05
  2.885958e-01   2.036008e-04   1.281600e-05
  2.892737e-01   2.246694e-04   1.279411e-05
  2.899516e-01   2.248579e-04   1.279644e-05
  2.906295e-01   1.941485e-04   1.278863e-05
  2.913074e-01   1.972770e-04   1.276281e-05
  2.919852e-01   2.041729e-04   1.278199e-05
  2.926631e-01   2.059221e-04   1.275001e-05
  2.933409e-01   1.985610e-04   1.274891e-05
  2.940188e-01   1.862181e-04   1.273548e-05
  2.946966e-01   1.774524e-04   1.271604e-05
  2.953744e-01   1.711706e-04   1.273509e-05
  2.960522e-01   1.798753e-04   1.269611e-05
  2.967301e-01   2.008781e-04   1.271846e-05
  2.974079e-01   2.037396e-04   1.269339e-05
  2.980856e-01   1.873897e-04   1.268831e-05
  2.987634e-01   1.772333e-04   1.269361e-05
  2.994412e-01   1.851141e-04   1.266335e-05
  3.001190e-01   1.930566e-04   1.268521e-05
  3.007967e-01   2.023669e-04   1.265958e-05
  3.014745e-01   1.874952e-04   1.265843e-05
  3.021522e-01   1.837834e-04   1.265294e-05
  3.028300e-01   1.980846e-04   1.263042e-05
  3.035077e-01   2.046784e-04   1.265582e-05
  3.041854e-01   1.878730e-04   1.261631e-05
  3.048631e-01   1.875946e-04   1.262394e-05
  3.055408e-01   1.905427e-04   1.260846e-05
  3.062185e-01   1.790782e-04   1.259427e-05
  3.068962e-01   1.742488e-04   1.260692e-05
  3.075738e-01   1.691528e-04   1.257278e-05
  3.082515e-01   1.833025e-04   1.259166e-05
  3.089292e-01   1.683939e-04   1.256310e-05
  3.096068e-01   1.635954e-04   1.256867e-05
  3.102845e-01   1.589396e-04   1.256391e-05
  3.109621e-01   1.616902e-04   1.253750e-05
  3.116397e-01   1.830993e-04   1.255181e-05
  3.123173e-01   1.888024e-04   1.251709e-05
  3.129949e-01   1.770517e-04   1.252859e-05
  3.136725e-01   1.816183e-04   1.250848e-05
  3.143501e-01   1.819706e-04   1.249059e-05
  3.150277e-01   1.768188e-04   1.250580e-05
  3.157053e-01   1.568034e-04   1.247108e-05
  3.163828e-01   1.513574e-04   1.247972e-05
  3.170604e-01   1.634110e-04   1.245000e-05
  3.177379e-01   1.741283e-04   1.245336e-05
  3.184154e-01   1.718218e-04   1.246198e-05
  3.190930e-01   1.688718e-04   1.242782e-05
  3.197705e-01   1.765812e-04   1.244786e-05
  3.204480e-01   1.607434e-04   1.241288e-05
  3.211255e-01   1.325537e-04   1.242010e-05
  3.218030e-01   1.314404e-04   1.241363e-05
  3.224805e-01   1.765149e-04   1.239820e-05
  3.231579e-01   1.988151e-04   1.241930e-05
  3.238354e-01   1.977966e-04   1.238213e-05
  3.245128e-01   1.840991e-04   1.239704e-05
  3.251903e-01   1.788759e-04   1.237256e-05
  3.258677e-01   1.689748e-04   1.236695e-05
  3.265451e-01   1.604241e-04   1.237597e-05
  3.272226e-01   1.693207e-04   1.234713e-05
  3.279000e-01   1.726546e-04   1.236010e-05
  3.285774e-01   1.598820e-04   1.233025e-05
  3.292547e-01   1.685390e-04   1.233324e-05
  3.299321e-01   1.784749e-04   1.234197e-05
  3.306095e-01   1.742573e-04   1.230702e-05
  3.312869e-01   1.735865e-04   1.232868e-05
  3.319642e-01   1.490504e-04   1.229025e-05
  3.326416e-01   1.543162e-04   1.230309e-05
  3.333189e-01   1.653092e-04   1.229389e-05
  3.339962e-01   1.938509e-04   1.227998e-05
  3.346735e-01   1.886142e-04   1.229994e-05
  3.353508e-01   1.746250e-04   1.226093e-05
  3.360281e-01   1.584725e-04   1.227579e-05
  3.367054e-01   1.523725e-04   1.224720e-05
  3.373827e-01   1.541945e-04   1.224925e-05
  3.380600e-01   1.392928e-04   1.224458e-05
  3.387372e-01   1.531361e-04   1.222642e-05
  3.394145e-01   1.623210e-04   1.224094e-05
  3.400917e-01   1.690794e-04   1.221389e-05
  3.407689e-01   1.572247e-04   1.222688e-05
  3.414462e-01   1.513214e-04   1.221135e-05
  3.421234e-01   1.640798e-04   1.220623e-05
  3.428006e-01   1.696474e-04   1.220733e-05
  3.434778e-01   1.629391e-04   1.219577e-05
  3.441549e-01   1.613292e-04   1.219976e-05
  3.448321e-01   1.492539e-04   1.217883e-05
  3.455093e-01   1.424853e-04   1.217585e-05
  3.461864e-01   1.391971e-04   1.217426e-05
  3.468636e-01   1.369222e-04   1.216039e-05
  3.475407e-01   1.441564e-04   1.216731e-05
  3.482178e-01   1.554857e-04   1.214147e-05
  3.488949e-01   1.512639e-04   1.214673e-05
  3.495720e-01   1.382864e-04   1.213399e-05
  3.502491e-01   1.454245e-04   1.212121e-05
  3.509262e-01   1.400740e-04   1.210696e-05
  3.516033e-01   1.399799e-04   1.208738e-05
  3.522804e-01   1.464191e-04   1.207539e-05
  3.529574e-01   1.282315e-04   1.205214e-05
  3.536345e-01   1.425652e-04   1.203432e-05
  3.543115e-01   1.492986e-04   1.202554e-05
  3.549885e-01   1.589809e-04   1.200374e-05
  3.556655e-01   1.669345e-04   1.199888e-05
  3.563425e-01   1.809198e-04   1.198486e-05
  3.570195e-01   1.727991e-04   1.197148e-05
  3.576965e-01   1.710809e-04   1.197398e-05
  3.583735e-01   1.578529e-04   1.195983e-05
  3.590505e-01   1.425052e-04   1.195880e-05
  3.597274e-01   1.352219e-04   1.194406e-05
  3.604044e-01   1.481814e-04   1.194017e-05
  3.610813e-01   1.571540e-04   1.194175e-05
  3.617582e-01   1.332384e-04   1.192861e-05
  3.624352e-01   1.346290e-04   1.192171e-05
  3.631121e-01   1.268146e-04   1.191179e-05
  3.637890e-01   1.307354e-04   1.191180e-05
  3.644658e-01   1.410231e-04   1.190309e-05
  3.651427e-01   1.328891e-04   1.189971e-05
  3.658196e-01   1.193322e-04   1.188572e-05
  3.664964e-01   1.584058e-04   1.188451e-05
  3.671733e-01   1.581517e-04   1.189097e-05
  3.678501e-01   1.701065e-04   1.187405e-05
  3.685269e-01   1.632200e-04   1.187423e-05
  3.692037e-01   1.348694e-04   1.185938e-05
  3.698806e-01   1.308348e-04   1.185847e-05
  3.705573e-01   1.413057e-04   1.185372e-05
  3.712341e-01   1.495380e-04   1.184090e-05
  3.719109e-01   1.329009e-04   1.183605e-05
  3.725877e-01   1.224964e-04   1.181699e-05
  3.732644e-01   1.544146e-04   1.182779e-05
  3.739412e-01   1.921783e-04   1.182353e-05
  3.746179e-01   1.717780e-04   1.180799e-05
  3.752946e-01   1.497465e-04   1.181576e-05
  3.759713e-01   1.454370e-04   1.179104e-05
  3.766480e-01   1.376400e-04   1.179595e-05
  3.773247e-01   1.338582e-04   1.178090e-05
  3.780014e-01   1.435670e-04   1.176624e-05
  3.786780e-01   1.542626e-04   1.177434e-05
  3.793547e-01   1.273577e-04   1.175012e-05
  3.800314e-01   1.373169e-04   1.175487e-05
  3.807080e-01   1.293170e-04   1.173851e-05
  3.813846e-01   1.326963e-04   1.174225e-05
  3.820612e-01   1.299484e-04   1.173322e-05
  3.827378e-01   1.469677e-04   1.171727e-05
  3.834144e-01   1.643270e-04   1.172852e-05
  3.840910e-01   1.477859e-04   1.170751e-05
  3.847676e-01   1.397823e-04   1.171685e-05
  3.854441e-01   1.329530e-04   1.169784e-05
  3.861207e-01   1.161349e-04   1.168795e-05
  3.867972e-01   1.053536e-04   1.169425e-05
  3.874738e-01   1.061619e-04   1.167077e-05
  3.881503e-01   1.453764e-04   1.168787e-05
  3.888268e-01   1.312809e-04   1.167075e-05
  3.895033e-01   1.261872e-04   1.166547e-05
  3.901798e-01   1.278344e-04   1.166700e-05
  3.908562e-01   1.228506e-04   1.164501e-05
  3.915327e-01   1.259836e-04   1.165199e-05
  3.922092e-01   1.429432e-04   1.163535e-05
  3.928856e-01   1.507659e-04   1.164856e-05
  3.935620e-01   1.341328e-04   1.163890e-05
  3.942385e-01   1.058765e-04   1.162180e-05
  3.949149e-01   9.870547e-05   1.163118e-05
  3.955913e-01   1.168169e-04   1.161306e-05
  3.962676e-01   9.909578e-05   1.161641e-05
  3.969440e-01   9.943709e-05   1.160433e-05
  3.976204e-01   1.133199e-04   1.159464e-05
  3.982967e-01   1.228350e-04   1.160392e-05
  3.989731e-01   1.128497e-04   1.158174e-05
  3.996494e-01   1.031379e-04   1.158339e-05
  4.003257e-01   1.176951e-04   1.156962e-05
  4.010020e-01   1.234105e-04   1.157254e-05
  4.016783e-01   1.126383e-04   1.157198e-05
  4.023546e-01   1.076685e-04   1.154624e-05
  4.030309e-01   1.021959e-04   1.155126e-05
  4.037072e-01   1.061991e-04   1.154088e-05
  4.043834e-01   1.108958e-04   1.154823e-05
  4.050597e-01   9.247753e-05   1.153505e-05
  4.057359e-01   1.047730e-04   1.153109e-05
  4.064121e-01   1.231857e-04   1.153284e-05
  4.070883e-01   1.184613e-04   1.151713e-05
  4.077645e-01   9.152253e-05   1.152091e-05
  4.084407e-01   9.924666e-05   1.150280e-05
  4.091169e-01   1.149473e-04   1.150461e-05
  4.097930e-01   9.882345e-05   1.150314e-05
  4.104692e-01   1.070071e-04   1.148910e-05
  4.111453e-01   1.056157e-04   1.149110e-05
  4.118215e-01   1.138553e-04   1.147421e-05
  4.124976e-01   1.312688e-04   1.148364e-05
  4.131737e-01   1.325537e-04   1.147624e-05
  4.138498e-01   1.198896e-04   1.146038e-05
  4.145259e-01   1.110559e-04   1.146193e-05
  4.152019e-01   1.125828e-04   1.144488e-05
  4.158780e-01   1.143163e-04   1.145839e-05
  4.165540e-01   1.042228e-04   1.143806e-05
  4.172301e-01   1.014669e-04   1.143282e-05
  4.179061e-01   1.170760e-04   1.143574e-05
  4.185821e-01   1.155997e-04   1.142148e-05
  4.192581e-01   1.217719e-04   1.143493e-05
  4.199341e-01   1.228620e-04   1.140808e-05
  4.206101e-01   9.713433e-05   1.141044e-05
  4.212860e-01   9.176808e-05   1.140683e-05
  4.219620e-01   8.202163e-05   1.138679e-05
  4.226379e-01   8.652148e-05   1.139104e-05
  4.233139e-01   8.538345e-05   1.137228e-05
  4.239898e-01   1.023415e-04   1.138233e-05
  4.246657e-01   1.020781e-04   1.137470e-05
  4.253416e-01   9.243045e-05   1.136348e-05
  4.260175e-01   1.082934e-04   1.137029e-05
  4.266933e-01   9.272586e-05   1.134996e-05
  4.273692e-01   8.434021e-05   1.136079e-05
  4.280450e-01   1.064592e-04   1.134649e-05
  4.287209e-01   1.192536e-04   1.134459e-05
  4.293967e-01   1.202795e-04   1.134351e-05
  4.300725e-01   1.058979e-04   1.133093e-05
  4.307483e-01   1.071742e-04   1.133723e-05
  4.314241e-01   1.232690e-04   1.131788e-05
  4.320999e-01   1.438022e-04   1.132314e-05
  4.327756e-01   1.274820e-04   1.131794e-05
  4.334514e-01   1.004208e-04   1.132086e-05
  4.341271e-01   1.130346e-04   1.133820e-05
  4.348029e-01   1.187998e-04   1.134076e-05
  4.354786e-01   1.235403e-04   1.157730e-05
  4.361543e-01   1.352077e-04   1.169645e-05
  4.368300e-01   1.237646e-04   1.179224e-05
  4.375056e-01   1.046915e-04   1.190536e-05
  4.381813e-01   9.345597e-05   1.198653e-05
  4.388570e-01   1.136608e-04   1.209721e-05
  4.395326e-01   1.225117e-04   1.216225e-05
  4.402082e-01   1.163483e-04   1.225215e-05
  4.408839e-01   1.179344e-04   1.232667e-05
  4.415595e-01   1.140073e-04   1.239172e-05
  4.422351e-01   1.228568e-04   1.247610e-05
  4.429106e-01   1.254907e-04   1.252850e-05
  4.435862e-01   1.323488e-04   1.261266e-05
  4.442618e-01   1.174785e-04   1.265084e-05
  4.449373e-01   1.268372e-04   1.268432e-05
  4.456128e-01   1.325110e-04   1.273754e-05
  4.462884e-01   1.511777e-04   1.275163e-05
  4.469639e-01   1.498709e-04   1.281098e-05
  4.476394e-01   1.315562e-04   1.283303e-05
  4.483148e-01   1.190093e-04   1.287398e-05
  4.489903e-01   1.046072e-04   1.290677e-05
  4.496658e-01   1.103924e-04   1.292437e-05
  4.503412e-01   1.074675e-04   1.298106e-05
  4.510166e-01   1.170791e-04   1.299057e-05
  4.516921e-01   1.390054e-04   1.304096e-05
  4.523675e-01   1.339205e-04   1.306682e-05
  4.530429e-01   1.249897e-04   1.309214e-05
  4.537182e-01   1.244006e-04   1.312974e-05
  4.543936e-01   1.171191e-04   1.313695e-05
  4.550690e-01   1.202184e-04   1.319165e-05
  4.557443e-01   1.086594e-04   1.320981e-05
  4.564196e-01   1.153693e-04   1.324609e-05
  4.570950e-01   1.128428e-04   1.327086e-05
  4.577703e-01   1.299797e-04   1.327157e-05
  4.584456e-01   1.293626e-04   1.332527e-05
  4.591208e-01   1.200093e-04   1.332319e-05
  4.597961e-01   1.028830e-04   1.336949e-05
  4.604714e-01   1.223976e-04   1.339475e-05
  4.611466e-01   1.398137e-04   1.341659e-05
  4.618218e-01   1.345403e-04   1.346688e-05
  4.624970e-01   1.353686e-04   1.346303e-05
  4.631722e-01   1.209707e-04   1.351260e-05
  4.638474e-01   1.406052e-04   1.353409e-05
  4.645226e-01   1.505043e-04   1.356673e-05
  4.651978e-01   1.367953e-04   1.360002e-05
  4.658729e-01   1.225050e-04   1.360077e-05
  4.665481e-01   1.119388e-04   1.365109e-05
  4.672232e-01   1.056728e-04   1.364966e-05
  4.678983e-01   1.231715e-04   1.369026e-05
  4.685734e-01   1.451445e-04   1.372588e-05
  4.692485e-01   1.577875e-04   1.374096e-05
  4.699236e-01   1.587345e-04   1.379417e-05
  4.705986e-01   1.543736e-04   1.378922e-05
  4.712737e-01   1.361104e-04   1.382738e-05
  4.719487e-01   1.350008e-04   1.384547e-05
  4.726237e-01   1.417242e-04   1.387530e-05
  4.732987e-01   1.282768e-04   1.392001e-05
  4.739737e-01   1.244336e-04   1.392782e-05
  4.746487e-01   1.210850e-04   1.396918e-05
  4.753237e-01   1.213685e-04   1.397540e-05
  4.759986e-01   1.376495e-04   1.402321e-05
  4.766736e-01   1.489772e-04   1.404990e-05
  4.773485e-01   1.596090e-04   1.405685e-05
  4.780234e-01   1.434084e-04   1.410369e-05
  4.786983e-01   1.313240e-04   1.410450e-05
  4.793732e-01   1.090966e-04   1.415306e-05
  4.800481e-01   1.188033e-04   1.416738e-05
  4.807229e-01   1.297734e-04   1.418320e-05
  4.813978e-01   1.442427e-04   1.423939e-05
  4.820726e-01   1.440791e-04   1.423303e-05
  4.827474e-01   1.233800e-04   1.428136e-05
  4.834223e-01   1.292348e-04   1.428839e-05
  4.840971e-01   1.212214e-04   1.431801e-05
  4.847718e-01   1.179090e-04   1.435684e-05
  4.854466e-01   1.335720e-04   1.435207e-05
  4.861214e-01   1.378211e-04   1.441398e-05
  4.867961e-01   1.306967e-04   1.440764e-05
  4.874708e-01   1.284265e-04   1.444966e-05
  4.881455e-01   1.475965e-04   1.448263e-05
  4.888202e-01   1.429022e-04   1.448401e-05
  4.894949e-01   1.510724e-04   1.454150e-05
  4.901696e-01   1.631507e-04   1.453832e-05
  4.908443e-01   1.429422e-04   1.459364e-05
  4.915189e-01   1.148349e-04   1.460245e-05
  4.921935e-01   1.134094e-04   1.462516e-05
  4.928682e-01   1.244203e-04   1.467553e-05
  4.935428e-01   1.391089e-04   1.467218e-05
  4.942174e-01   1.416399e-04   1.472414e-05
  4.948919e-01   1.406565e-04   1.472679e-05
  4.955665e-01   1.454117e-04   1.476294e-05
  4.962410e-01   1.414852e-04   1.479698e-05
  4.969156e-01   1.584552e-04   1.480031e-05
  4.975901e-01   1.647183e-04   1.485933e-05
  4.982646e-01   1.701060e-04   1.485173e-05
  4.989391e-01   1.734338e-04   1.490805e-05
  4.996136e-01   1.650714e-04   1.491918e-05
  5.002881e-01   1.411082e-04   1.492552e-05
  5.009625e-01   1.138645e-04   1.496290e-05
  5.016370e-01   1.045403e-04   1.493184e-05
  5.023114e-01   1.357123e-04   1.497488e-05
  5.029858e-01   1.645223e-04   1.496354e-05
  5.036602e-01   1.638305e-04   1.498251e-05
  5.043346e-01   1.447631e-04   1.499093e-05
  5.050089e-01   1.425091e-04   1.496102e-05
  5.056833e-01   1.415243e-04   1.497513e-05
  5.063576e-01   1.358833e-04   1.492792e-05
  5.070320e-01   1.298514e-04   1.495203e-05
  5.077063e-01   1.201828e-04   1.495704e-05
  5.083806e-01   1.364022e-04   1.494844e-05
  5.090549e-01   1.335935e-04   1.497934e-05
  5.097291e-01   1.365761e-04   1.495622e-05
  5.104034e-01   1.305352e-04   1.500393e-05
  5.110776e-01   1.339566e-04   1.499199e-05
  5.117519e-01   1.574808e-04   1.499146e-05
  5.124261e-01   1.421088e-04   1.501559e-05
  5.131003e-01   1.289172e-04   1.498811e-05
  5.137745e-01   1.481272e-04   1.503829e-05
  5.144486e-01   1.250835e-04   1.500077e-05
  5.151228e-01   1.244403e-04   1.503105e-05
  5.157969e-01   1.729378e-04   1.505475e-05
  5.164711e-01   1.761431e-04   1.503727e-05
  5.171452e-01   1.475013e-04   1.506399e-05
  5.178193e-01   1.335085e-04   1.503487e-05
  5.184934e-01   1.317103e-04   1.507913e-05
  5.191674e-01   1.567033e-04   1.507163e-05
  5.198415e-01   1.726019e-04   1.506159e-05
  5.205155e-01   1.587715e-04   1.509278e-05
  5.211896e-01   1.745450e-04   1.507009e-05
  5.218636e-01   1.680256e-04   1.511268e-05
  5.225376e-01   1.548623e-04   1.507837e-05
  5.232116e-01   1.304076e-04   1.508842e-05
  5.238855e-01   1.189936e-04   1.511059e-05
  5.245595e-01   1.408275e-04   1.509247e-05
  5.252334e-01   1.394684e-04   1.513489e-05
  5.259074e-01   1.453411e-04   1.509919e-05
  5.265813e-01   1.528415e-04   1.513817e-05
  5.272552e-01   1.451622e-04   1.513798e-05
  5.279290e-01   1.236254e-04   1.512889e-05
  5.286029e-01   1.370378e-04   1.516027e-05
  5.292768e-01   1.368545e-04   1.513195e-05
  5.299506e-01   1.294041e-04   1.517222e-05
  5.306244e-01   1.450228e-04   1.515771e-05
  5.312982e-01   1.506940e-04   1.516378e-05
  5.319720e-01   1.841688e-04   1.519656e-05
  5.326458e-01   1.850598e-04   1.516876e-05
  5.333196e-01   1.379287e-04   1.520465e-05
  5.339933e-01   1.259628e-04   1.517496e-05
  5.346671e-01   1.362534e-04   1.520563e-05
  5.353408e-01   1.416975e-04   1.521617e-05
  5.360145e-01   1.591237e-04   1.520672e-05
  5.366882e-01   1.486308e-04   1.523716e-05
  5.373619e-01   1.367951e-04   1.519766e-05
  5.380355e-01   1.349033e-04   1.523510e-05
  5.387092e-01   1.377233e-04   1.522509e-05
  5.393828e-01   1.313888e-04   1.523040e-05
  5.400564e-01   1.532937e-04   1.524874e-05
  5.407300e-01   1.650956e-04   1.522610e-05
  5.414036e-01   1.454233e-04   1.526601e-05
  5.420772e-01   1.416741e-04   1.524686e-05
  5.427507e-01   1.251608e-04   1.526004e-05
  5.434243e-01   1.067961e-04   1.527456e-05
  5.440978e-01   1.139435e-04   1.525611e-05
  5.447713e-01   1.369627e-04   1.529886e-05
  5.454448e-01   1.368539e-04   1.525986e-05
  5.461183e-01   1.301082e-04   1.529829e-05
  5.467918e-01   1.514356e-04   1.530103e-05
  5.474652e-01   1.544629e-04   1.529827e-05
  5.481386e-01   1.294000e-04   1.533010e-05
  5.488121e-01   1.497812e-04   1.529097e-05
  5.494855e-01   1.415939e-04   1.533753e-05
  5.501589e-01   1.196279e-04   1.531165e-05
  5.508322e-01   1.231070e-04   1.531874e-05
  5.515056e-01   1.136468e-04   1.534293e-05
  5.521789e-01   1.174493e-04   1.530565e-05
  5.528523e-01   1.210749e-04   1.536294e-05
  5.535256e-01   1.188719e-04   1.532742e-05
  5.541989e-01   1.136472e-04   1.535464e-05
  5.548722e-01   1.433602e-04   1.537447e-05
  5.555454e-01   1.591096e-04   1.535495e-05
  5.562187e-01   1.476987e-04   1.539556e-05
  5.568919e-01   1.383865e-04   1.535850e-05
  5.575651e-01   1.078032e-04   1.539378e-05
  5.582383e-01   1.446620e-04   1.538900e-05
  5.589115e-01   1.836028e-04   1.539273e-05
  5.595847e-01   1.709921e-04   1.541880e-05
  5.602579e-01   1.278297e-04   1.538490e-05
  5.609310e-01   9.638376e-05   1.541516e-05
  5.616041e-01   1.062476e-04   1.540039e-05
  5.622773e-01   1.035332e-04   1.541842e-05
  5.629504e-01   1.196763e-04   1.542889e-05
  5.636234e-01   1.290036e-04   1.541505e-05
  5.642965e-01   1.438567e-04   1.545477e-05
  5.649696e-01   1.520884e-04   1.542397e-05
  5.656426e-01   1.600160e-04   1.546637e-05
  5.663156e-01   1.401430e-04   1.545538e-05
  5.669886e-01   1.130762e-04   1.544718e-05
  5.676616e-01   1.097683e-04   1.546922e-05
  5.683346e-01   1.137509e-04   1.543502e-05
  5.690075e-01   1.212064e-04   1.547179e-05
  5.696805e-01   1.322443e-04   1.545337e-05
  5.703534e-01   1.255951e-04   1.546282e-05
  5.710263e-01   1.038980e-04   1.548374e-05
  5.716992e-01   1.407404e-04   1.546513e-05
  5.723721e-01   1.507355e-04   1.552015e-05
  5.730449e-01   1.452632e-04   1.547190e-05
  5.737178e-01   1.282331e-04   1.551097e-05
  5.743906e-01   1.605766e-04   1.550909e-05
  5.750634e-01   1.800288e-04   1.549660e-05
  5.757362e-01   1.406567e-04   1.553454e-05
  5.764090e-01   1.398749e-04   1.548554e-05
  5.770818e-01   1.789724e-04   1.554327e-05
  5.777545e-01   1.776019e-04   1.552254e-05
  5.784273e-01   1.592417e-04   1.552796e-05
  5.791000e-01   1.675348e-04   1.555534e-05
  5.797727e-01   1.717786e-04   1.552453e-05
  5.804454e-01   1.328810e-04   1.556094e-05
  5.811180e-01   1.276414e-04   1.552751e-05
  5.817907e-01   1.309173e-04   1.555462e-05
  5.824633e-01   1.458356e-04   1.557010e-05
  5.831360e-01   1.345295e-04   1.554036e-05
  5.838086e-01   1.417188e-04   1.559720e-05
  5.844812e-01   1.301144e-04   1.555299e-05
  5.851537e-01   1.143426e-04   1.558765e-05
  5.858263e-01   1.246008e-04   1.558488e-05
  5.864988e-01   1.227292e-04   1.557754e-05
  5.871714e-01   1.384703e-04   1.561605e-05
  5.878439e-01   1.365481e-04   1.558754e-05
  5.885164e-01   1.333169e-04   1.562892e-05
  5.891888e-01   1.201914e-04   1.560057e-05
  5.898613e-01   1.259731e-04   1.561095e-05
  5.905337e-01   1.493900e-04   1.563065e-05
  5.912062e-01   1.583312e-04   1.560052e-05
  5.918786e-01   1.551216e-04   1.565241e-05
  5.925510e-01   1.381673e-04   1.565369e-05
  5.932234e-01   1.401372e-04   1.577390e-05
  5.938957e-01   1.539257e-04   1.622327e-05
  5.945681e-01   1.355686e-04   1.700580e-05
  5.952404e-01   1.282844e-04   1.747731e-05
  5.959127e-01   1.228540e-04   1.779711e-05
  5.965850e-01   1.185010e-04   1.818503e-05
  5.972573e-01   1.403361e-04   1.848315e-05
  5.979295e-01   1.449426e-04   1.876523e-05
  5.986018e-01   1.382986e-04   1.886291e-05
  5.992740e-01   1.547817e-04   1.890149e-05
  5.999462e-01   1.213020e-04   1.912576e-05
  6.006184e-01   1.228971e-04   1.919377e-05
  6.012906e-01   1.695694e-04   1.938085e-05
  6.019628e-01   1.838362e-04   1.952284e-05
  6.026349e-01   1.725503e-04   1.960333e-05
  6.033071e-01   1.569332e-04   1.980107e-05
  6.039792e-01   1.389022e-04   1.981717e-05
  6.046513e-01   1.214166e-04   2.003024e-05
  6.053234e-01   1.215129e-04   2.008591e-05
  6.059954e-01   1.062118e-04   2.021499e-05
  6.066675e-01   1.326641e-04   2.038708e-05
  6.073395e-01   1.543334e-04   2.042540e-05
  6.080115e-01   1.410147e-04   2.064804e-05
  6.086835e-01   1.299557e-04   2.066655e-05
  6.093555e-01   1.591058e-04   2.085032e-05
  6.100275e-01   1.580964e-04   2.095477e-05
  6.106994e-01   1.133461e-04   2.101743e-05
  6.113713e-01   1.131384e-04   2.118553e-05
  6.120432e-01   9.572991e-05   2.120013e-05
  6.127151e-01   1.065007e-04   2.140642e-05
  6.133870e-01   1.278482e-04   2.147625e-05
  6.140589e-01   1.352449e-04   2.159646e-05
  6.147307e-01   1.234047e-04   2.171178e-05
  6.154026e-01   1.075858e-04   2.168528e-05
  6.160744e-01   1.222790e-04   2.187344e-05
  6.167462e-01   1.303504e-04   2.192596e-05
  6.174179e-01   1.262295e-04   2.206647e-05
  6.180897e-01   1.264314e-04   2.220314e-05
  6.187614e-01   1.033258e-04   2.227714e-05
  6.194332e-01   1.291559e-04   2.244103e-05
  6.201049e-01   1.525845e-04   2.252081e-05
  6.207766e-01   1.345285e-04   2.266592e-05
  6.214482e-01   1.362241e-04   2.279293e-05
  6.221199e-01   1.492935e-04   2.286091e-05
  6.227915e-01   1.602044e-04   2.304376e-05
  6.234632e-01   1.718060e-04   2.311665e-05
  6.241348e-01   1.440113e-04   2.323801e-05
