Wild type 1.4mg/ml
0	0	0
0.001	0	0
0.002	0	0
0.003	-0.1328286	0
0.004	-0.042547	0
0.005	-0.0129584	0
0.006	-0.0010596	0
0.007	0.00592445	0
0.008	0.01606275	0
0.009	0.0224661	0
0.01	0.0269703	0
0.011	0.0286721	0
0.012	0.02689165	0
0.013	0.0268373	0
0.014	0.02717615	0
0.015	0.02830945	0
0.016	0.02648345	0
0.017	0.0256818	0
0.018	0.02606245	0
0.019	0.0258511	0
0.02	0.02483035	0
0.021	0.02388675	0
0.022	0.0233136	0
0.023	0.0219674	0
0.024	0.0229739	0
0.025	0.0221918	0
0.026	0.02197155	0
0.027	0.0203073	0
0.028	0.0199216	0
0.029	0.01894315	0
0.03	0.0190038	0
0.031	0.01861375	0
0.032	0.0181017	0
0.033	0.01771645	0
0.034	0.0168503	0
0.035	0.0164986	0
0.036	0.0159266	0
0.037	0.01500505	0
0.038	0.01511885	0
0.039	0.0141515	0
0.04	0.0134219	0
0.041	0.01336765	0
0.042	0.01323405	0
0.043	0.0121439	0
0.044	0.0122928	0
0.045	0.0120781	0
0.046	0.01104075	0
0.047	0.0105245	0
0.048	0.0104539	0
0.049	0.0095923	0
0.05	0.0099381	0
0.051	0.0092151	0
0.052	0.0086745	0
0.053	0.0085786	0
0.054	0.0075149	0
0.055	0.00769195	0
0.056	0.00727565	0
0.057	0.00711355	0
0.058	0.0066296	0
0.059	0.00629785	0
0.06	0.0059976	0
0.061	0.0058221	0
0.062	0.0053871	0
0.063	0.00526835	0
0.064	0.00514415	0
0.065	0.00473945	0
0.066	0.00452325	0
0.067	0.0045753	0
0.068	0.00461085	0
0.069	0.0035612	0
0.07	0.0034539	0
0.071	0.00302715	0
0.072	0.0027658	0
0.073	0.0031948	0
0.074	0.0030914	0
0.075	0.0027405	0
0.076	0.00246475	0
0.077	0.001942	0
0.078	0.00247705	0
0.079	0.00240295	0
0.08	0.0021127	0
0.081	0.00204025	0
0.082	0.0018737	0
0.083	0.0018212	0
0.084	0.00159485	0
0.085	0.0017783	0
0.086	0.0016828	0
0.087	0.0014879	0
0.088	0.00161235	0
0.089	0.0016828	0
0.09	0.0013228	0
0.091	0.0017037	0
0.092	0.0014198	0
0.093	0.00109845	0
0.094	0.0009349	0
0.095	0.00135385	0
0.096	0.00112695	0
0.097	0.00118835	0
0.098	0.0014205	0
0.099	0.0011574	0
0.1	0.0017706	0
0.101	0.0008263	0
0.102	0.0014296	0
0.103	0.00117065	0
0.104	0.0015522	0
0.105	0.0013203	0
0.106	0.00134985	0
0.107	0.0013396	0
0.108	0.0013589	0
0.109	0.0014697	0
0.11	0.00135085	0
0.111	0.0014059	0
0.112	0.0016669	0
0.113	0.00162395	0
0.114	0.0013263	0
0.115	0.0015786	0
0.116	0.00166845	0
0.117	0.00183475	0
0.118	0.0019734	0
0.119	0.0017891	0
0.12	0.0018672	0
0.121	0.00166205	0
0.122	0.00205385	0
0.123	0.0021322	0
0.124	0.0022102	0
0.125	0.00197805	0
0.126	0.0018537	0
0.127	0.00192585	0
0.128	0.0022626	0
0.129	0.00224465	0
0.13	0.0022653	0
0.131	0.0024529	0
0.132	0.00224175	0
0.133	0.00233125	0
0.134	0.0023291	0
0.135	0.00247755	0
0.136	0.00219665	0
0.137	0.0023964	0
0.138	0.0023993	0
0.139	0.00231405	0
0.14	0.00255815	0
0.141	0.0021574	0
0.142	0.00242625	0
0.143	0.00255495	0
0.144	0.00227515	0
0.145	0.0022847	0
0.146	0.0023851	0
0.147	0.00226915	0
0.148	0.0024939	0
0.149	0.00248765	0
0.15	0.00221365	0
0.151	0.00216985	0
0.152	0.0026332	0
0.153	0.0025555	0
0.154	0.002372	0
0.155	0.00224695	0
0.156	0.00251455	0
0.157	0.00225205	0
0.158	0.00225305	0
0.159	0.00228385	0
0.16	0.0021153	0
0.161	0.002362	0
0.162	0.00243635	0
0.163	0.0020006	0
0.164	0.002447	0
0.165	0.0022612	0
0.166	0.00218085	0
0.167	0.0020963	0
0.168	0.0020194	0
0.169	0.002105	0
0.17	0.00200235	0
0.171	0.0016194	0
0.172	0.00169555	0
0.173	0.00194085	0
0.174	0.00190515	0
0.175	0.00187095	0
0.176	0.00183825	0
0.177	0.00186445	0
0.178	0.00186325	0
0.179	0.00181675	0
0.18	0.0017641	0
0.181	0.00172865	0
0.182	0.0016827	0
0.183	0.00190285	0
0.184	0.00160545	0
0.185	0.001479	0
0.186	0.00144	0
0.187	0.00164265	0
0.188	0.001258	0
0.189	0.0016649	0
0.19	0.00115725	0
0.191	0.0013393	0
0.192	0.00120185	0
0.193	0.00118425	0
0.194	0.00146605	0
0.195	0.00138665	0
0.196	0.00133905	0
0.197	0.00135555	0
0.198	0.0011836	0
0.199	0.00123105	0
0.2	0.00105605	0
0.201	0.00116635	0
0.202	0.00116085	0
0.203	0.0011507	0
0.204	0.0008945	0
0.205	0.00109505	0
0.206	0.0011516	0
0.207	0.00086175	0
0.208	0.00088045	0
0.209	0.0010223	0
0.21	0.00079685	0
0.211	0.00082115	0
0.212	0.0005144	0
0.213	0.00089575	0
0.214	0.0009104	0
0.215	0.0007233	0
0.216	0.00090615	0
0.217	0.0006312	0
0.218	0.0007104	0
0.219	0.00073595	0
0.22	0.000687	0
0.221	0.0006914	0
0.222	0.000861	0
0.223	0.0006045	0
0.224	0.00058305	0
0.225	0.00045515	0
0.226	0.0006129	0
0.227	0.00031495	0
0.228	0.00058305	0
0.229	0.000517	0
0.23	0.0006756	0
0.231	0.0004446	0
0.232	0.00042215	0
0.233	0.0004776	0
0.234	0.0005275	0
0.235	0.0002591	0
0.236	0.0002298	0
0.237	0.0002815	0
0.238	0.0005775	0
0.239	0.0005013	0
0.24	0.00043565	0
0.241	0.0004337	0
0.242	0.0004884	0
0.243	0.0002316	0
0.244	0.00023295	0
0.245	0.00022105	0
0.246	0.0002486	0
0.247	0.00033185	0
0.248	0.0002582	0
