gi_0221.tif
             q                I              Err   
      0.012099010      0.058768230     0.0028159544
      0.012879589      0.059163168     0.0023638608
      0.013660167      0.057660866     0.0023798513
      0.014440745      0.059627569     0.0021381061
      0.015221322      0.057789450     0.0020449767
      0.016001899      0.056298004     0.0019274806
      0.016782475      0.055776458     0.0018468660
      0.017563050      0.054009117     0.0016517356
      0.018343625      0.055075535     0.0018584462
      0.019124199      0.054634601     0.0017215392
      0.019904772      0.055457278     0.0016046248
      0.020685345      0.053648660     0.0015633742
      0.021465917      0.051434815     0.0015117363
      0.022246488      0.051428713     0.0014280150
      0.023027058      0.050299339     0.0014547507
      0.023807628      0.049813494     0.0013665196
      0.024588196      0.049221228     0.0014008208
      0.025368764      0.048328633     0.0014127387
      0.026149331      0.047632718     0.0013397238
      0.026929896      0.047137627     0.0013758893
      0.027710461      0.046797724     0.0013582459
      0.028491025      0.045629698     0.0013958708
      0.029271588      0.045899293     0.0013456111
      0.030052149      0.043905751     0.0012892064
      0.030832710      0.043580029     0.0012561186
      0.031613269      0.042756832     0.0012673154
      0.032393827      0.042983599     0.0012371088
      0.033174384      0.041139611     0.0011710388
      0.033954940      0.040499375     0.0011378333
      0.034735494      0.039950018     0.0012145799
      0.035516047      0.038044802     0.0011287516
      0.036296599      0.038503490     0.0011185748
      0.037077149      0.037061772     0.0010809532
      0.037857699      0.036525153     0.0010858467
      0.038638246      0.034863827     0.0010684119
      0.039418793      0.035585641     0.0011039176
      0.040199337      0.033971279     0.0011140183
      0.040979881      0.033510517     0.0011721498
      0.041760423      0.032537516     0.0011704605
      0.042540963      0.031331886     0.0011746095
      0.043321501      0.031922281     0.0011820114
      0.044102039      0.030169074     0.0011472792
      0.044882574      0.029472424     0.0010818478
      0.045663108      0.028496778     0.0010891500
      0.046443640      0.026834009    0.00099446391
      0.047224170      0.026289723    0.00094990120
      0.048004699      0.025672741    0.00092194950
      0.048785226      0.025236750    0.00093131857
      0.049565751      0.025094638    0.00089449325
      0.050346274      0.024155872    0.00085968138
      0.051126795      0.023161546    0.00086254989
      0.051907315      0.021890368    0.00082666335
      0.052687832      0.021601856    0.00082870412
      0.053468348      0.020993370    0.00078655082
      0.054248861      0.020260480    0.00079242000
      0.055029373      0.019280965    0.00076343577
      0.055809882      0.018660361    0.00077236337
      0.056590390      0.018476614    0.00075358236
      0.057370895      0.017535494    0.00073133837
      0.058151398      0.017137812    0.00076391748
      0.058931899      0.016342894    0.00072387319
      0.059712398      0.015603163    0.00069545932
      0.060492895      0.015004216    0.00071005134
      0.061273389      0.014546458    0.00067971997
      0.062053882      0.013769754    0.00067735756
      0.062834371      0.013008945    0.00065197211
      0.063614859      0.012757572    0.00065265049
      0.064395344      0.012068610    0.00068058142
      0.065175827      0.011727417    0.00061891998
      0.065956307      0.011479451    0.00063498097
      0.066736785      0.010890600    0.00063457907
      0.067517261     0.0094633636    0.00060766669
      0.068297734     0.0096380432    0.00060080657
      0.069078204     0.0090614852    0.00061079506
      0.069858672     0.0078290832    0.00059175714
      0.070639137     0.0080385853    0.00057592724
      0.071419600     0.0080263642    0.00058368946
      0.072200060     0.0079352337    0.00056990098
      0.072980517     0.0075768655    0.00056505756
      0.073760972     0.0063193725    0.00053185028
      0.074541424     0.0062501073    0.00056722634
      0.075321873     0.0060670064    0.00054365035
      0.076102319     0.0052441842    0.00055334382
      0.076882763     0.0051632161    0.00052359492
      0.077663203     0.0052581431    0.00052004396
      0.078443641     0.0048374395    0.00052609766
      0.079224076     0.0042554544    0.00051728205
      0.080004508     0.0043080456    0.00049510444
      0.080784937     0.0040064579    0.00049359072
      0.081565363     0.0039565028    0.00049501233
      0.082345786     0.0036278694    0.00049292004
      0.083126206     0.0028743385    0.00048868113
      0.083906623     0.0029756446    0.00048957295
      0.084687036     0.0030322044    0.00046960867
      0.085467447     0.0027139315    0.00049078696
      0.086247854     0.0022707926    0.00046119619
      0.087028259     0.0024657794    0.00047073042
      0.087808660     0.0022150873    0.00045500238
      0.088589057     0.0017872798    0.00045952536
      0.089369452     0.0019585215    0.00047300895
      0.090149843     0.0018900327    0.00044927326
      0.090930231     0.0017895169    0.00044744848
      0.091710615     0.0014858892    0.00043487054
      0.092490996     0.0011432698    0.00043720041
      0.093271374     0.0011628959    0.00042419984
      0.094051748     0.0013741682    0.00044309133
      0.094832119    0.00081957935    0.00042854207
      0.095612486    0.00057566627    0.00041730852
      0.096392849     0.0011555405    0.00043835386
      0.097173210    0.00085705068    0.00043286375
      0.097953566    0.00093539518    0.00045607000
      0.098733919     0.0012847615    0.00044449188
      0.099514268    0.00074707720    0.00041719545
       0.10029461    0.00048056932    0.00041598394
       0.10107496    0.00043888272    0.00041439310
       0.10185529     0.0010023231    0.00041878017
       0.10263563    0.00075361804    0.00042529030
       0.10341596    0.00014544764    0.00041514303
       0.10419628    0.00054625454    0.00042348745
       0.10497661    0.00045715367    0.00041969154
       0.10575693    0.00016230372    0.00039831022
       0.10653724    0.00013417406    0.00039682889
       0.10731755    2.1237667e-06    0.00039093496
       0.10809786   -3.2983015e-05    0.00039838217
       0.10887816    0.00030030174    0.00040451555
       0.10965846    0.00047924080    0.00040302590
       0.11043876    0.00067942417    0.00039927615
       0.11121905    0.00040592331    0.00040352924
       0.11199933    9.3652414e-05    0.00039990891
       0.11277962    0.00016760432    0.00040913213
       0.11355989    0.00041374009    0.00039354661
       0.11434017    0.00040883032    0.00038807025
       0.11512044    0.00010482739    0.00037637660
       0.11590070    0.00047520456    0.00038850982
       0.11668097    0.00032486041    0.00038037523
       0.11746122    0.00044364380    0.00040204005
       0.11824148    0.00052623816    0.00037551883
       0.11902172    0.00033134852    0.00037636043
       0.11980197    0.00023831743    0.00038866406
       0.12058221    0.00029046322    0.00039275247
       0.12136244    0.00025852898    0.00038818468
       0.12214267    0.00017251226    0.00039592957
       0.12292290    0.00012459655    0.00039382366
       0.12370312    0.00056605993    0.00040973768
       0.12448334    0.00020020532    0.00041574860
       0.12526355    0.00048836973    0.00040417177
       0.12604376    0.00029695171    0.00040671116
       0.12682396    0.00039751657    0.00042636444
       0.12760416    0.00025392870    0.00042011080
       0.12838435    0.00068096213    0.00041453493
       0.12916454    0.00042264427    0.00041057770
       0.12994472    0.00033864584    0.00041810311
       0.13072490    0.00016796476    0.00040601385
       0.13150508    6.3317810e-05    0.00040667443
       0.13228525    0.00037418217    0.00040234851
       0.13306541    0.00031895872    0.00040010773
       0.13384557    9.5264467e-05    0.00040443458
       0.13462573    0.00028934737    0.00040208214
       0.13540587    0.00025337146    0.00039043402
       0.13618602    0.00051860875    0.00040517453
       0.13696616    0.00086389487    0.00039890163
       0.13774629    0.00039134079    0.00040228714
       0.13852642    0.00052536130    0.00040055780
       0.13930655    0.00041565095    0.00040530875
       0.14008667    0.00022919870    0.00039403848
       0.14086678    0.00039280942    0.00040444274
       0.14164689    0.00029749448    0.00040032375
       0.14242699    0.00081529784    0.00038964316
       0.14320709    0.00035694108    0.00038948010
       0.14398718    0.00075288192    0.00039642348
       0.14476727    0.00052469274    0.00038809190
       0.14554735    0.00034425305    0.00038607636
       0.14632743    0.00017008120    0.00040034403
       0.14710750    0.00040483414    0.00038933086
       0.14788757    7.9654337e-05    0.00038734717
       0.14866763    0.00037198449    0.00038809544
       0.14944768    0.00045855322    0.00039925167
       0.15022773    0.00043001515    0.00038991850
       0.15100778    0.00051297327    0.00039394410
       0.15178781    0.00061715415    0.00037574835
       0.15256785    0.00045067206    0.00038712573
       0.15334787    0.00022002649    0.00038444417
       0.15412790    0.00069247950    0.00039369199
       0.15490791    0.00048091628    0.00038671946
       0.15568792    0.00046604427    0.00038424905
       0.15646793    0.00025124157    0.00038108491
       0.15724792    0.00033103923    0.00038638533
       0.15802792    0.00028657363    0.00037913519
       0.15880790    2.2982723e-05    0.00038373733
       0.15958788    0.00051928332    0.00037309578
       0.16036786    0.00028665595    0.00038630638
       0.16114783    0.00030707715    0.00038934149
       0.16192779    0.00051837588    0.00038445544
       0.16270775    0.00019813526    0.00038145306
       0.16348770    0.00022159724    0.00038743391
       0.16426764    0.00033252681    0.00038662876
       0.16504758    0.00040339544    0.00039002808
       0.16582751    5.3037170e-05    0.00038992831
       0.16660744    0.00032075809    0.00039583292
       0.16738736    0.00042226482    0.00039842544
       0.16816728    0.00026121571    0.00039622266
       0.16894718    0.00025178093    0.00039277583
       0.16972709    0.00031572859    0.00039134125
       0.17050698   -2.3413869e-05    0.00039187573
       0.17128687    0.00048345148    0.00039475252
       0.17206675    0.00027678359    0.00040082999
       0.17284663    2.6616640e-05    0.00038880362
       0.17362650    0.00012440476    0.00039574981
       0.17440636    0.00028127324    0.00039593959
       0.17518622    0.00026488676    0.00039759467
       0.17596607    0.00020729504    0.00040518924
       0.17674591   -2.1435405e-05    0.00040798819
       0.17752575    0.00014029431    0.00039551182
       0.17830558    0.00039408350    0.00039686161
       0.17908541    7.9779939e-06    0.00039373153
       0.17986523    0.00020673312    0.00039981071
       0.18064504    9.9169977e-05    0.00040305048
       0.18142484   -8.2485474e-07    0.00039163738
       0.18220464    0.00019573422    0.00039812068
       0.18298443    0.00023551807    0.00041485818
       0.18376421    4.9118516e-05    0.00039815233
       0.18454399    2.9445347e-05    0.00040040146
       0.18532376   -1.6606009e-05    0.00040240866
       0.18610353    4.9193696e-06    0.00041005735
       0.18688328   -9.7461739e-05    0.00040522031
       0.18766303   -0.00013573392    0.00041062916
       0.18844278   -0.00022324466    0.00040233759
       0.18922251    0.00019105590    0.00039713663
       0.19000224    0.00014246332    0.00040018711
       0.19078196   -0.00013954473    0.00040537196
       0.19156168   -0.00015026937    0.00040887377
       0.19234139    0.00012616933    0.00041394469
       0.19312109   -0.00029418800    0.00040050716
       0.19390078    9.4347144e-05    0.00040605270
       0.19468047    7.1452567e-05    0.00041205040
       0.19546015   -0.00016902636    0.00039629670
       0.19623982    0.00021157261    0.00039795941
       0.19701948    9.0882721e-05    0.00040342573
       0.19779914    0.00048496651    0.00042558214
       0.19857879    0.00010254304    0.00041374017
       0.19935843    2.2948331e-05    0.00041951459
       0.20013807    0.00032311946    0.00040871579
       0.20091770    2.7175928e-05    0.00041258752
       0.20169732    0.00031127544    0.00041086032
       0.20247693    0.00012927374    0.00041764045
       0.20325653   -6.9200599e-05    0.00040306875
       0.20403613    0.00014936715    0.00040389352
       0.20481572    4.1460889e-05    0.00042039465
       0.20559531    0.00028969554    0.00041975960
       0.20637488   -0.00016826967    0.00042118696
       0.20715445   -6.6256949e-05    0.00041669275
       0.20793401    0.00013852958    0.00043102574
       0.20871356    2.0786837e-05    0.00043340508
       0.20949311    0.00033891089    0.00042011820
       0.21027264    3.3419174e-05    0.00043416288
       0.21105217    9.7206843e-05    0.00044561788
       0.21183169    1.9091938e-05    0.00043482785
       0.21261121   -4.5072070e-06    0.00042857375
       0.21339071    0.00014988903    0.00042977465
       0.21417021    0.00019673927    0.00042424547
       0.21494970    0.00022327809    0.00042776539
       0.21572918    5.8728360e-05    0.00042724027
       0.21650865    8.8283433e-05    0.00043481551
       0.21728812   -2.8621768e-05    0.00043002275
       0.21806758    0.00031556634    0.00042224872
       0.21884703    0.00014788834    0.00041599110
       0.21962647   -0.00026019094    0.00043352210
       0.22040590    0.00017782364    0.00044210608
       0.22118533    0.00012610811    0.00043671666
       0.22196475   -0.00023853531    0.00045645108
       0.22274415   -5.7678827e-05    0.00043349113
       0.22352356   -0.00012751114    0.00044079062
       0.22430295    0.00016908896    0.00044202086
       0.22508233   -0.00011887134    0.00042175408
       0.22586171   -0.00022379186    0.00044805651
       0.22664108   -2.5647886e-05    0.00043877458
       0.22742043    0.00038997825    0.00045004815
       0.22819979    0.00025943804    0.00044233580
       0.22897913   -0.00012170694    0.00045052473
       0.22975846   -4.1489817e-05    0.00044964570
       0.23053779    5.0998321e-05    0.00045394346
       0.23131710   -0.00013248675    0.00045406960
       0.23209641    3.9396829e-05    0.00045473802
       0.23287571    0.00044067352    0.00046330528
       0.23365500   -8.0998422e-05    0.00045796416
       0.23443428    1.1262313e-05    0.00045802878
       0.23521356    2.7433165e-05    0.00046079227
       0.23599282    0.00042037934    0.00047593790
       0.23677208    0.00023166663    0.00047247971
       0.23755133   -7.1575016e-05    0.00046083470
       0.23833057    0.00023791513    0.00046922072
       0.23910980    5.4500326e-05    0.00047717648
       0.23988902    0.00013016449    0.00048597209
       0.24066823    2.8444810e-05    0.00047081036
       0.24144743    0.00019104032    0.00047409486
       0.24222663    0.00023257297    0.00048551434
       0.24300581   -0.00013821469    0.00047637634
       0.24378499    0.00012374888    0.00047524134
       0.24456416    0.00023326556    0.00048032890
       0.24534331    0.00043019397    0.00052008114
       0.24612246    0.00020060186    0.00052457492
       0.24690160    7.2447334e-05    0.00049542310
       0.24768074    6.6776069e-05    0.00048566991
       0.24845986   -0.00011745678    0.00049796281
       0.24923897    0.00025156195    0.00049419358
       0.25001807    4.9750076e-05    0.00047669597
       0.25079717    0.00040309519    0.00049842292
       0.25157625    0.00022274318    0.00048290403
       0.25235533    9.4602632e-05    0.00049843604
       0.25313440    0.00026917833    0.00049743528
       0.25391345    4.3463290e-05    0.00050445731
       0.25469250   -1.5007707e-05    0.00047485768
       0.25547154   -0.00017926394    0.00048327963
       0.25625057   -8.6599716e-05    0.00047040933
       0.25702959    8.4869767e-06    0.00048806313
       0.25780860    0.00020924007    0.00047880901
       0.25858760    0.00049661282    0.00049787756
       0.25936659    0.00026230960    0.00048896799
       0.26014557   -0.00011048338    0.00048401190
       0.26092454    0.00036346728    0.00049601000
       0.26170350   -8.8780477e-05    0.00048321967
       0.26248245    0.00032770680    0.00048467240
       0.26326140    0.00018489419    0.00048128816
       0.26404033   -0.00012561793    0.00049987385
       0.26481925    0.00022596556    0.00048835140
       0.26559817   -6.9160388e-05    0.00048593180
       0.26637707   -4.8904960e-05    0.00049375215
       0.26715596   -0.00016046326    0.00048093648
       0.26793485    0.00023327140    0.00053539563
       0.26871372   -0.00013013839    0.00049210507
       0.26949259    0.00012964965    0.00047205730
       0.27027144   -2.8051227e-05    0.00047980666
       0.27105028    3.2553965e-05    0.00048197604
       0.27182912    4.5650840e-05    0.00048987686
       0.27260794    0.00012265103    0.00047923910
       0.27338676    0.00013504923    0.00050990178
       0.27416556   -0.00036576430    0.00050172316
       0.27494435    0.00011918061    0.00050305799
       0.27572314    7.6232110e-05    0.00047085071
       0.27650191    6.6435841e-05    0.00048071199
       0.27728067    0.00052840378    0.00049391695
       0.27805943    3.4594518e-05    0.00049404133
       0.27883817   -0.00023815101    0.00046097275
       0.27961690    0.00013006269    0.00047310294
       0.28039562    0.00026492748    0.00048096255
       0.28117433    0.00027150273    0.00050603570
       0.28195304    0.00014403457    0.00048396213
       0.28273173   -0.00038069791    0.00048437922
       0.28351041    0.00033246304    0.00047464146
       0.28428908   -0.00026831276    0.00048774516
       0.28506774   -4.6347654e-05    0.00050374035
       0.28584639   -6.3276004e-05    0.00050181432
       0.28662502   -0.00020543615    0.00049290301
       0.28740365    4.8024724e-05    0.00050511128
       0.28818227    3.6457524e-05    0.00050622069
       0.28896088   -0.00013613057    0.00052670476
       0.28973947    0.00024012704    0.00054920734
       0.29051806    0.00044551746    0.00054041565
       0.29129663    3.1869987e-05    0.00054622539
       0.29207519   -0.00037540137    0.00055471282
       0.29285375   -0.00025466619    0.00056291327
       0.29363229    0.00013136392    0.00057615352
       0.29441082   -0.00068787641    0.00060383114
       0.29518934    0.00024250151    0.00059319684
       0.29596785   -0.00011866986    0.00059421441
       0.29674635    9.8895195e-05    0.00059693214
       0.29752484   -0.00036271295    0.00061051744
       0.29830331   -0.00027737023    0.00059960270
       0.29908178    0.00033003381    0.00065541153
       0.29986023    0.00020004045    0.00062714716
       0.30063868    0.00031598906    0.00063588035
       0.30141711   -8.3089716e-05    0.00061992131
       0.30219553   -0.00013684393    0.00064287586
       0.30297394   -0.00021214325    0.00065455126
       0.30375234    0.00032224184    0.00066438615
       0.30453073   -0.00048699258    0.00068212690
       0.30530910    0.00013586255    0.00067562572
       0.30608747    0.00084629984    0.00068898262
       0.30686582    0.00042307096    0.00070973932
       0.30764417    1.9222377e-05    0.00069332035
       0.30842250    8.6976195e-05    0.00069850374
       0.30920082   -0.00016667830    0.00072795780
       0.30997913    0.00024564784    0.00073045970
       0.31075742   -0.00022061649    0.00075552272
       0.31153571   -0.00016117612    0.00073741535
       0.31231398    0.00019887791    0.00076056990
       0.31309224    0.00011159402    0.00077619884
       0.31387050    0.00028462217    0.00082805733
       0.31464873   -0.00016060677    0.00076366896
       0.31542696    0.00036217231    0.00080115622
       0.31620518   -0.00012460655    0.00082867346
       0.31698338   -0.00034309463    0.00081688322
       0.31776158   -0.00020239423    0.00082122529
       0.31853976   -0.00012349075    0.00085126242
       0.31931793   -0.00017127072    0.00086360725
       0.32009608    0.00059934167    0.00088305490
       0.32087423   -0.00054591302    0.00087042062
       0.32165236   -0.00018466218    0.00089042742
       0.32243049    0.00018382825    0.00093143331
       0.32320860   -0.00041641278    0.00094138675
       0.32398669   -5.6757027e-05    0.00099471876
       0.32476478   -0.00028469871     0.0010651979
       0.32554285   -0.00021230903     0.0010080926
       0.32632092   -0.00050761969     0.0010490112
       0.32709897    0.00018688851     0.0010608221
       0.32787701   -0.00066597292     0.0010928059
       0.32865503    0.00041416670     0.0011352330
       0.32943305    0.00057848323     0.0010905544
       0.33021105   -0.00030281606     0.0011212202
       0.33098904   -4.9353563e-05     0.0011895369
       0.33176701    6.6193279e-05     0.0011631754
       0.33254498    0.00049992083     0.0011929949
       0.33332293    0.00010539963     0.0012016920
       0.33410087   -0.00019862032     0.0012022002
       0.33487880    0.00023671552     0.0013122803
       0.33565672   -4.5996588e-06     0.0014305229
       0.33643462   -0.00033633332     0.0014737941
       0.33721251    0.00052711789     0.0013262507
       0.33799039    0.00067701812     0.0013683345
       0.33876826    0.00066972319     0.0014695222
       0.33954611    0.00075535494     0.0014653952
       0.34032395    2.4132939e-05     0.0013905180
       0.34110178   -0.00056967472     0.0013726758
       0.34187960     0.0010769901     0.0014854668
       0.34265740     0.0016776551     0.0014805401
       0.34343519    0.00074481818     0.0014820067
       0.34421297    0.00017661017     0.0015769446
       0.34499074    0.00043819824     0.0015635490
       0.34576849   -0.00060566106     0.0016121897
       0.34654623    0.00014699587     0.0017132634
       0.34732396    9.1037306e-05     0.0017416010
       0.34810167   -0.00069255556     0.0018040901
       0.34887937   -6.7634353e-05     0.0018786156
       0.34965706   -4.5382320e-05     0.0018260546
       0.35043474    -0.0019563595     0.0020923919
       0.35121240     0.0014045811     0.0021717059
       0.35199005    6.4442779e-05     0.0023103209
       0.35276769   -0.00039596767     0.0022057822
       0.35354531    -0.0010898466     0.0025923294
       0.35432292    -0.0014668343     0.0024572276
       0.35510052    0.00031844099     0.0026679850
       0.35587811   -0.00076817005     0.0028766451
       0.35665568    0.00077232860     0.0033319456
       0.35743324     0.0019498999     0.0039666738
       0.35821078     0.0014402802     0.0038290383
       0.35898832   -0.00048796034     0.0041837148
       0.35976583   -4.9790501e-06     0.0053340895
       0.36054334     0.0025058833     0.0049580538
       0.36132083        0.0000000        0.0000000
