gi_0220.tif
             q                I              Err   
      0.012099010      0.060553996     0.0029893596
      0.012879589      0.060167149     0.0024830677
      0.013660167      0.060153517     0.0022384449
      0.014440745      0.060283443     0.0021829487
      0.015221322      0.058276786     0.0020473749
      0.016001899      0.056730395     0.0018676022
      0.016782475      0.058149227     0.0019043992
      0.017563050      0.058130894     0.0018759380
      0.018343625      0.056561679     0.0017782098
      0.019124199      0.055409606     0.0016629956
      0.019904772      0.055305838     0.0016983357
      0.020685345      0.054842117     0.0015330008
      0.021465917      0.053263418     0.0015204299
      0.022246488      0.053980271     0.0014452074
      0.023027058      0.052131760     0.0014924952
      0.023807628      0.051015801     0.0014973844
      0.024588196      0.051125212     0.0014497144
      0.025368764      0.050236702     0.0014165850
      0.026149331      0.049354676     0.0013463055
      0.026929896      0.048985989     0.0014063320
      0.027710461      0.048064538     0.0013542225
      0.028491025      0.046706073     0.0014143615
      0.029271588      0.045964709     0.0013911712
      0.030052149      0.044592650     0.0012450314
      0.030832710      0.045054313     0.0013155864
      0.031613269      0.043791088     0.0012365722
      0.032393827      0.043890634     0.0012414040
      0.033174384      0.042383434     0.0011830508
      0.033954940      0.042427150     0.0011768272
      0.034735494      0.040627977     0.0011589786
      0.035516047      0.039544802     0.0011139409
      0.036296599      0.037679486     0.0010708893
      0.037077149      0.037742136     0.0011295513
      0.037857699      0.037341214     0.0010908939
      0.038638246      0.035860749     0.0011068217
      0.039418793      0.035618963     0.0010728755
      0.040199337      0.034284396     0.0011139791
      0.040979881      0.034268211     0.0012058371
      0.041760423      0.033791565     0.0011881546
      0.042540963      0.031939072     0.0011958180
      0.043321501      0.030854184     0.0011264434
      0.044102039      0.031367638     0.0011385285
      0.044882574      0.030009163     0.0011457617
      0.045663108      0.028511154     0.0010458948
      0.046443640      0.028408843     0.0010195845
      0.047224170      0.027682906    0.00099027465
      0.048004699      0.026921187    0.00091631995
      0.048785226      0.025164060    0.00089827257
      0.049565751      0.024359554    0.00087090041
      0.050346274      0.024026134    0.00087894958
      0.051126795      0.022786356    0.00083940917
      0.051907315      0.022777911    0.00084669456
      0.052687832      0.021995091    0.00083599425
      0.053468348      0.021216143    0.00080981788
      0.054248861      0.020650814    0.00074289691
      0.055029373      0.019304186    0.00077966144
      0.055809882      0.019589289    0.00075630272
      0.056590390      0.019306071    0.00078614284
      0.057370895      0.018111535    0.00073644656
      0.058151398      0.017033395    0.00070358360
      0.058931899      0.016513500    0.00072302980
      0.059712398      0.015242576    0.00071673680
      0.060492895      0.015245224    0.00070849500
      0.061273389      0.014171421    0.00069902018
      0.062053882      0.014068128    0.00067167774
      0.062834371      0.013378900    0.00067865782
      0.063614859      0.013333979    0.00066912140
      0.064395344      0.012723298    0.00067791316
      0.065175827      0.012123324    0.00065612292
      0.065956307      0.011488436    0.00064099603
      0.066736785      0.011112735    0.00063693420
      0.067517261      0.010479245    0.00059618935
      0.068297734     0.0096144310    0.00060371213
      0.069078204     0.0091699402    0.00062087400
      0.069858672     0.0085205712    0.00058044535
      0.070639137     0.0089232103    0.00059499050
      0.071419600     0.0084463326    0.00058609110
      0.072200060     0.0075035078    0.00056179133
      0.072980517     0.0071824050    0.00057686573
      0.073760972     0.0069277868    0.00056925496
      0.074541424     0.0064739923    0.00057344128
      0.075321873     0.0065550164    0.00055170140
      0.076102319     0.0060930497    0.00056677861
      0.076882763     0.0055329652    0.00052263800
      0.077663203     0.0048240147    0.00051752748
      0.078443641     0.0052349217    0.00053705305
      0.079224076     0.0045578202    0.00051836655
      0.080004508     0.0045433851    0.00052302215
      0.080784937     0.0043654241    0.00049287169
      0.081565363     0.0036811415    0.00049045316
      0.082345786     0.0029520847    0.00047878309
      0.083126206     0.0038496711    0.00050161712
      0.083906623     0.0031916826    0.00048576059
      0.084687036     0.0029783712    0.00048506470
      0.085467447     0.0028263768    0.00048554333
      0.086247854     0.0021723527    0.00046657475
      0.087028259     0.0021707442    0.00046260734
      0.087808660     0.0021856277    0.00045759479
      0.088589057     0.0021987947    0.00045277659
      0.089369452     0.0021183362    0.00046400676
      0.090149843     0.0019064417    0.00044538032
      0.090930231     0.0014172396    0.00044826483
      0.091710615     0.0015603162    0.00044541315
      0.092490996     0.0017338370    0.00044621578
      0.093271374     0.0014976566    0.00043274170
      0.094051748    0.00096736727    0.00044330726
      0.094832119     0.0012721466    0.00043556932
      0.095612486     0.0011781537    0.00042673686
      0.096392849    0.00061605950    0.00043287107
      0.097173210    0.00089522714    0.00042470779
      0.097953566     0.0010128980    0.00044984917
      0.098733919    0.00057547186    0.00044367366
      0.099514268     0.0010277205    0.00041709470
       0.10029461    0.00082356559    0.00041934137
       0.10107496    0.00034206293    0.00041029484
       0.10185529    0.00045029186    0.00042309260
       0.10263563    0.00092189354    0.00041161703
       0.10341596    0.00044466345    0.00041673659
       0.10419628    0.00057220384    0.00042104049
       0.10497661    0.00064226514    0.00041975708
       0.10575693    0.00068659282    0.00041084419
       0.10653724    0.00018747670    0.00039989677
       0.10731755    4.9350990e-05    0.00039434410
       0.10809786    0.00027250395    0.00039930915
       0.10887816   -3.1373139e-05    0.00040084581
       0.10965846    0.00021636481    0.00039206497
       0.11043876    0.00039244031    0.00039872565
       0.11121905    0.00032744007    0.00040873560
       0.11199933   -5.4245958e-05    0.00039547955
       0.11277962    0.00055673879    0.00040687393
       0.11355989    0.00029947577    0.00038687228
       0.11434017    0.00017059514    0.00038883656
       0.11512044    0.00017619856    0.00038492549
       0.11590070    0.00044511794    0.00038316370
       0.11668097    0.00022156559    0.00038049718
       0.11746122    0.00057060826    0.00038742336
       0.11824148    0.00037591704    0.00038041368
       0.11902172    0.00026610393    0.00037547001
       0.11980197   -0.00016902912    0.00037749070
       0.12058221    0.00025507383    0.00038402465
       0.12136244   -0.00017227546    0.00037889785
       0.12214267    0.00025339497    0.00039800892
       0.12292290    0.00026747837    0.00040008152
       0.12370312    0.00045555517    0.00040923183
       0.12448334    0.00035040889    0.00041677118
       0.12526355    0.00024483320    0.00040389493
       0.12604376    0.00029705264    0.00041167072
       0.12682396    0.00014905487    0.00041792664
       0.12760416    0.00079662864    0.00041715743
       0.12838435    0.00035294115    0.00041844007
       0.12916454    0.00045163611    0.00041034882
       0.12994472    0.00018494651    0.00041765085
       0.13072490    0.00047070005    0.00041052493
       0.13150508    8.3008150e-05    0.00040314771
       0.13228525    0.00049104990    0.00040125976
       0.13306541    0.00023125990    0.00040119339
       0.13384557    0.00039384781    0.00040140101
       0.13462573    0.00019699400    0.00040496747
       0.13540587    0.00042640513    0.00040019493
       0.13618602    0.00052714486    0.00040554431
       0.13696616    0.00057282927    0.00039769587
       0.13774629    0.00063472269    0.00040176520
       0.13852642    0.00063663484    0.00039750709
       0.13930655    0.00037471404    0.00040330713
       0.14008667    0.00045212560    0.00039814945
       0.14086678    0.00029624129    0.00039301379
       0.14164689    0.00049921550    0.00039324452
       0.14242699    0.00053379751    0.00038871251
       0.14320709    0.00074228330    0.00039965091
       0.14398718    0.00019050355    0.00039066911
       0.14476727    0.00013005577    0.00038887425
       0.14554735    0.00041391896    0.00039618020
       0.14632743    9.2701585e-05    0.00039589474
       0.14710750    0.00032373309    0.00040072902
       0.14788757    0.00053357637    0.00039678481
       0.14866763    0.00034442143    0.00038337982
       0.14944768    0.00051570281    0.00040458551
       0.15022773    0.00032802587    0.00038038499
       0.15100778    0.00033720551    0.00039242007
       0.15178781    0.00068915380    0.00038609307
       0.15256785    0.00030411658    0.00038621446
       0.15334787    5.8342126e-05    0.00038327597
       0.15412790    0.00016126467    0.00039426886
       0.15490791    0.00038593455    0.00038125866
       0.15568792    0.00038067238    0.00037948385
       0.15646793    3.8245941e-05    0.00038188435
       0.15724792    0.00037396417    0.00038633927
       0.15802792    0.00048204429    0.00038231449
       0.15880790    8.8004962e-06    0.00037464355
       0.15958788    0.00030679562    0.00037971766
       0.16036786    0.00029350242    0.00037896264
       0.16114783    0.00012464755    0.00037664754
       0.16192779    7.0519814e-05    0.00037403364
       0.16270775    7.7180741e-05    0.00037784725
       0.16348770   -4.1092319e-05    0.00038166977
       0.16426764    0.00036609799    0.00037805099
       0.16504758   -2.0061698e-05    0.00038613767
       0.16582751    9.6789768e-05    0.00038790459
       0.16660744    0.00023351057    0.00038310065
       0.16738736    0.00023527838    0.00040527659
       0.16816728    0.00049206811    0.00039905965
       0.16894718    3.7688074e-05    0.00039046250
       0.16972709    0.00019263909    0.00038548935
       0.17050698    0.00016173774    0.00039120691
       0.17128687    0.00017623126    0.00038700779
       0.17206675    0.00024068762    0.00040230871
       0.17284663    0.00017422443    0.00038639280
       0.17362650    0.00026194379    0.00040388526
       0.17440636    0.00014232977    0.00040452864
       0.17518622    6.3568999e-05    0.00039454530
       0.17596607    0.00012249185    0.00039287475
       0.17674591    0.00047498039    0.00041478703
       0.17752575    0.00025795379    0.00039605527
       0.17830558   -6.6641419e-05    0.00039997976
       0.17908541   -1.1316577e-05    0.00039186103
       0.17986523    2.3512541e-05    0.00040480257
       0.18064504    6.5340992e-06    0.00040439290
       0.18142484    0.00010376243    0.00039540778
       0.18220464   -8.9893709e-05    0.00039516686
       0.18298443    3.7386994e-05    0.00040844767
       0.18376421   -7.7803762e-05    0.00039568135
       0.18454399   -0.00023575816    0.00039539477
       0.18532376    4.4970274e-05    0.00039482144
       0.18610353    5.5776720e-05    0.00040446610
       0.18688328   -1.0265679e-05    0.00040645808
       0.18766303   -0.00010887970    0.00039899735
       0.18844278    4.9983779e-05    0.00039809742
       0.18922251    7.9476324e-05    0.00040910228
       0.19000224   -1.1654194e-05    0.00040324768
       0.19078196   -9.4057076e-05    0.00040821162
       0.19156168    0.00019623354    0.00041025543
       0.19234139    0.00052235638    0.00040874941
       0.19312109    0.00026035757    0.00041358279
       0.19390078    2.8861263e-05    0.00040505932
       0.19468047   -0.00028634261    0.00040998151
       0.19546015   -0.00038699100    0.00040736433
       0.19623982   -7.8136023e-05    0.00040913027
       0.19701948    0.00035435979    0.00039302272
       0.19779914    0.00024949331    0.00042025438
       0.19857879    1.1727487e-05    0.00040155252
       0.19935843    0.00027593083    0.00042524125
       0.20013807   -3.0082360e-06    0.00040874393
       0.20091770   -7.5681438e-05    0.00041444771
       0.20169732    0.00016888089    0.00040870229
       0.20247693    3.7819003e-05    0.00042066221
       0.20325653   -6.9170119e-05    0.00039853948
       0.20403613    5.8128764e-05    0.00041910446
       0.20481572    0.00015834498    0.00041143551
       0.20559531    0.00038004397    0.00042554652
       0.20637488    0.00031792905    0.00042650871
       0.20715445   -0.00019450033    0.00042952084
       0.20793401    4.2092356e-05    0.00043057606
       0.20871356   -1.8680400e-05    0.00044268999
       0.20949311   -3.2304392e-05    0.00043931113
       0.21027264    0.00031444862    0.00043959268
       0.21105217    0.00014694219    0.00044637214
       0.21183169   -0.00018031156    0.00043196930
       0.21261121    0.00016881358    0.00042611543
       0.21339071    0.00028534673    0.00041910815
       0.21417021    0.00018107907    0.00042015356
       0.21494970   -8.5030259e-05    0.00042319520
       0.21572918    0.00026284231    0.00042603927
       0.21650865    0.00027274949    0.00043765357
       0.21728812   -0.00026936582    0.00043086703
       0.21806758    8.8298239e-07    0.00041639101
       0.21884703   -2.9290043e-05    0.00040709342
       0.21962647   -0.00015596958    0.00042965034
       0.22040590    0.00010232008    0.00042844641
       0.22118533   -0.00013048741    0.00042663163
       0.22196475    0.00032796807    0.00046470824
       0.22274415   -3.1625492e-05    0.00043256874
       0.22352356   -0.00010653428    0.00044011524
       0.22430295   -0.00020662110    0.00045233300
       0.22508233    0.00044087664    0.00043655985
       0.22586171    0.00036173330    0.00045136981
       0.22664108    0.00057323963    0.00045368470
       0.22742043    9.9318487e-05    0.00045505464
       0.22819979   -0.00015003488    0.00044985594
       0.22897913    7.0964997e-05    0.00046593144
       0.22975846    5.0848772e-05    0.00044807756
       0.23053779    0.00016585962    0.00045531302
       0.23131710   -2.6582608e-06    0.00044628859
       0.23209641    0.00028434249    0.00044439141
       0.23287571    0.00021495155    0.00046338646
       0.23365500    0.00024716027    0.00046349399
       0.23443428   -1.2678694e-05    0.00046232143
       0.23521356    0.00010545943    0.00046283133
       0.23599282    0.00020133911    0.00046302938
       0.23677208    0.00034140940    0.00047324127
       0.23755133   -7.5482975e-06    0.00046488002
       0.23833057    0.00011613427    0.00046096396
       0.23910980   -0.00013102834    0.00047161553
       0.23988902    0.00038808267    0.00047660588
       0.24066823    0.00021755136    0.00047750366
       0.24144743    0.00011374156    0.00048417528
       0.24222663   -2.6346632e-06    0.00048505232
       0.24300581    0.00037548723    0.00048088240
       0.24378499   -0.00012260425    0.00048163531
       0.24456416    0.00049213827    0.00047496432
       0.24534331   -0.00016300889    0.00051832815
       0.24612246   -0.00015406102    0.00053030118
       0.24690160   -0.00018159468    0.00049355873
       0.24768074   -0.00022961443    0.00047943998
       0.24845986   -1.8520203e-05    0.00048818999
       0.24923897    1.2515137e-05    0.00050208431
       0.25001807   -0.00020892173    0.00046622219
       0.25079717   -9.4660309e-05    0.00048200728
       0.25157625    0.00051110962    0.00049182819
       0.25235533    0.00032072160    0.00049618046
       0.25313440   -8.4381731e-05    0.00049735617
       0.25391345    0.00040319503    0.00049477592
       0.25469250   -0.00012213300    0.00047779161
       0.25547154   -0.00018137903    0.00047450631
       0.25625057    0.00025862392    0.00049156435
       0.25702959    0.00031809945    0.00048843600
       0.25780860   -0.00021673401    0.00047226017
       0.25858760    2.2263427e-05    0.00048543991
       0.25936659    7.2498571e-05    0.00046764206
       0.26014557    0.00017090957    0.00047156438
       0.26092454    0.00015559630    0.00049502120
       0.26170350    3.0207694e-05    0.00048158838
       0.26248245    0.00023436574    0.00048105223
       0.26326140    0.00045464068    0.00047415703
       0.26404033   -0.00036022442    0.00048238724
       0.26481925   -8.8625234e-05    0.00048598242
       0.26559817   -0.00019910077    0.00048892802
       0.26637707   -0.00012219441    0.00048024629
       0.26715596    2.0804375e-05    0.00047374414
       0.26793485    0.00039905609    0.00052344624
       0.26871372    0.00047012862    0.00048422424
       0.26949259    0.00012546089    0.00047645256
       0.27027144    0.00024839834    0.00047950629
       0.27105028    0.00021250138    0.00048842443
       0.27182912   -0.00052438381    0.00047110229
       0.27260794   -7.4701572e-05    0.00048218133
       0.27338676    8.6848645e-05    0.00049782668
       0.27416556   -0.00010835675    0.00049579886
       0.27494435   -4.1162713e-05    0.00050092222
       0.27572314    0.00013287993    0.00046959063
       0.27650191    0.00038863826    0.00048884765
       0.27728067    0.00013016728    0.00046738950
       0.27805943    0.00022867699    0.00048656827
       0.27883817   -0.00014146009    0.00046761660
       0.27961690    5.1776559e-05    0.00048222574
       0.28039562    0.00023315417    0.00049004276
       0.28117433    3.8437164e-05    0.00049624287
       0.28195304   -0.00022952971    0.00049392086
       0.28273173    0.00025792116    0.00047243745
       0.28351041    2.2383844e-05    0.00048432101
       0.28428908    9.1872776e-05    0.00048212115
       0.28506774    0.00015736684    0.00049692694
       0.28584639   -0.00013403963    0.00051398507
       0.28662502   -0.00017379450    0.00048460920
       0.28740365    0.00035917535    0.00050657743
       0.28818227   -4.3305721e-05    0.00051483649
       0.28896088   -0.00014688548    0.00053446897
       0.28973947    6.2470481e-05    0.00052964924
       0.29051806    0.00051951427    0.00054543907
       0.29129663    0.00028219793    0.00056402303
       0.29207519    0.00040071108    0.00056281784
       0.29285375   -7.0888956e-05    0.00056667017
       0.29363229    0.00082227890    0.00058689301
       0.29441082    0.00016592375    0.00058421737
       0.29518934     0.0012230949    0.00059802900
       0.29596785   -0.00047229166    0.00058791993
       0.29674635   -0.00021909688    0.00058046086
       0.29752484   -0.00019633582    0.00061521205
       0.29830331    0.00015882200    0.00061980906
       0.29908178   -6.1325104e-05    0.00063931735
       0.29986023    0.00020419201    0.00064400700
       0.30063868   -0.00057257504    0.00063106077
       0.30141711    0.00018628348    0.00064107937
       0.30219553    0.00068474557    0.00064791325
       0.30297394    0.00043229939    0.00065847867
       0.30375234   -3.9902412e-05    0.00065350617
       0.30453073   -0.00056196460    0.00066783707
       0.30530910    0.00072866580    0.00067347175
       0.30608747   -0.00015799280    0.00068408289
       0.30686582    0.00012491247    0.00068996259
       0.30764417    8.7829220e-05    0.00069382983
       0.30842250    0.00037507029    0.00068850028
       0.30920082   -0.00035909164    0.00068987594
       0.30997913   -0.00044872243    0.00071379220
       0.31075742    0.00035520595    0.00075524445
       0.31153571    0.00074848083    0.00078824072
       0.31231398    0.00014385841    0.00075851486
       0.31309224   -8.8937453e-05    0.00079130843
       0.31387050    0.00037920681    0.00081563847
       0.31464873   -0.00014484238    0.00079664221
       0.31542696   -0.00064201777    0.00076711492
       0.31620518   -0.00058525076    0.00080979193
       0.31698338    0.00014959157    0.00083254090
       0.31776158    0.00044637177    0.00084670015
       0.31853976   -0.00028352362    0.00081477454
       0.31931793   -0.00015313806    0.00083289472
       0.32009608    0.00022006208    0.00088370382
       0.32087423    4.0666889e-05    0.00086693220
       0.32165236   -0.00018829780    0.00089278351
       0.32243049   -0.00020355050    0.00090360950
       0.32320860    0.00077398740    0.00093442514
       0.32398669   -0.00019173680    0.00096216694
       0.32476478    0.00060031332     0.0010524844
       0.32554285    7.5144288e-05     0.0010497750
       0.32632092   -1.7212734e-05     0.0010226677
       0.32709897   -0.00041325507     0.0010001046
       0.32787701   -3.9415278e-05     0.0010876965
       0.32865503   -0.00063787558     0.0011312800
       0.32943305    0.00066582802     0.0011981329
       0.33021105    0.00012975705     0.0011754652
       0.33098904   -0.00029016641     0.0011995425
       0.33176701   -0.00037026436     0.0010760535
       0.33254498    0.00011885461     0.0012106206
       0.33332293   -8.7922115e-05     0.0012106489
       0.33410087    0.00086540581     0.0011765775
       0.33487880   -0.00015181582     0.0012484901
       0.33565672    0.00040036873     0.0014457980
       0.33643462   -0.00080025620     0.0013848895
       0.33721251    0.00029874919     0.0014250115
       0.33799039     0.0010381729     0.0014215062
       0.33876826    0.00094319751     0.0013674191
       0.33954611   -0.00024142611     0.0013257559
       0.34032395    0.00049041869     0.0014632762
       0.34110178    0.00082259059     0.0014889714
       0.34187960    0.00073468483     0.0014816932
       0.34265740   -0.00047312310     0.0015914753
       0.34343519    0.00026841642     0.0015986459
       0.34421297   -0.00036804608     0.0015577850
       0.34499074    0.00073989185     0.0015889181
       0.34576849   -0.00078417976     0.0017442362
       0.34654623     0.0014129587     0.0017484140
       0.34732396    0.00050843966     0.0018736976
       0.34810167   -0.00059633884     0.0018462579
       0.34887937   -0.00092754891     0.0017905812
       0.34965706    0.00017070088     0.0019834916
       0.35043474    0.00067740566     0.0021402902
       0.35121240    0.00096034506     0.0021684414
       0.35199005     0.0018898566     0.0023272400
       0.35276769     0.0012000472     0.0025859840
       0.35354531    -0.0010858888     0.0023237442
       0.35432292   -0.00038622624     0.0025845001
       0.35510052     0.0010592344     0.0031853821
       0.35587811    0.00018040115     0.0031223935
       0.35665568    0.00077670852     0.0033860989
       0.35743324    -0.0013282776     0.0036961023
       0.35821078    -0.0010024502     0.0039383178
       0.35898832    0.00063775320     0.0048741794
       0.35976583    -0.0050479127     0.0040920645
       0.36054334     0.0089199432     0.0088433492
