Sample description: primus/qt temporary file
Sample: primus/qt tempo  c= 0 mg/ml  Code: tmp
Parent(s): /data/lachlan/Data/JL15_SAXS_Jul2015/sec2/msub/SENDING/gi_0220.dat
  1.209900e-02   5.904015e-02   2.914626e-03
  1.287960e-02   5.866292e-02   2.420993e-03
  1.366020e-02   5.864966e-02   2.182479e-03
  1.444070e-02   5.877632e-02   2.128376e-03
  1.522130e-02   5.681988e-02   1.996186e-03
  1.600190e-02   5.531214e-02   1.820910e-03
  1.678250e-02   5.669547e-02   1.856790e-03
  1.756310e-02   5.667763e-02   1.829041e-03
  1.834360e-02   5.514766e-02   1.733755e-03
  1.912420e-02   5.402436e-02   1.621425e-03
  1.990480e-02   5.392316e-02   1.655882e-03
  2.068530e-02   5.347105e-02   1.494675e-03
  2.146590e-02   5.193181e-02   1.482419e-03
  2.224650e-02   5.263079e-02   1.409080e-03
  2.302710e-02   5.082850e-02   1.455187e-03
  2.380760e-02   4.974041e-02   1.459945e-03
  2.458820e-02   4.984707e-02   1.413467e-03
  2.536880e-02   4.898078e-02   1.381165e-03
  2.614930e-02   4.812083e-02   1.312652e-03
  2.692990e-02   4.776135e-02   1.371172e-03
  2.771050e-02   4.686289e-02   1.320364e-03
  2.849100e-02   4.553845e-02   1.379001e-03
  2.927160e-02   4.481558e-02   1.356391e-03
  3.005210e-02   4.347779e-02   1.213904e-03
  3.083270e-02   4.392794e-02   1.282700e-03
  3.161330e-02   4.269632e-02   1.205656e-03
  3.239380e-02   4.279334e-02   1.210365e-03
  3.317440e-02   4.132381e-02   1.153474e-03
  3.395490e-02   4.136642e-02   1.147409e-03
  3.473550e-02   3.961230e-02   1.130006e-03
  3.551600e-02   3.855618e-02   1.086091e-03
  3.629660e-02   3.673751e-02   1.044118e-03
  3.707710e-02   3.679855e-02   1.101311e-03
  3.785770e-02   3.640767e-02   1.063618e-03
  3.863820e-02   3.496418e-02   1.079149e-03
  3.941880e-02   3.472852e-02   1.046058e-03
  4.019930e-02   3.342729e-02   1.086130e-03
  4.097990e-02   3.341149e-02   1.175694e-03
  4.176040e-02   3.294681e-02   1.158446e-03
  4.254100e-02   3.114062e-02   1.165924e-03
  4.332150e-02   3.008284e-02   1.098279e-03
  4.410200e-02   3.058341e-02   1.110067e-03
  4.488260e-02   2.925897e-02   1.117116e-03
  4.566310e-02   2.779842e-02   1.019743e-03
  4.644360e-02   2.769858e-02   9.940905e-04
  4.722420e-02   2.699083e-02   9.655181e-04
  4.800470e-02   2.624817e-02   8.934120e-04
  4.878520e-02   2.453500e-02   8.758162e-04
  4.956580e-02   2.375061e-02   8.491275e-04
  5.034630e-02   2.342545e-02   8.569762e-04
  5.112680e-02   2.221674e-02   8.184238e-04
  5.190730e-02   2.220845e-02   8.255276e-04
  5.268780e-02   2.144522e-02   8.150941e-04
  5.346830e-02   2.068570e-02   7.895725e-04
  5.424890e-02   2.013453e-02   7.243246e-04
  5.502940e-02   1.882159e-02   7.601695e-04
  5.580990e-02   1.909957e-02   7.373954e-04
  5.659040e-02   1.882345e-02   7.664894e-04
  5.737090e-02   1.765871e-02   7.180358e-04
  5.815140e-02   1.660757e-02   6.859944e-04
  5.893190e-02   1.610066e-02   7.049543e-04
  5.971240e-02   1.486154e-02   6.988186e-04
  6.049290e-02   1.486407e-02   6.907826e-04
  6.127340e-02   1.381711e-02   6.815445e-04
  6.205390e-02   1.371640e-02   6.548860e-04
  6.283440e-02   1.304443e-02   6.616915e-04
  6.361490e-02   1.300065e-02   6.523930e-04
  6.439530e-02   1.240522e-02   6.609652e-04
  6.517580e-02   1.182022e-02   6.397199e-04
  6.595630e-02   1.120119e-02   6.249711e-04
  6.673680e-02   1.083488e-02   6.210106e-04
  6.751730e-02   1.021722e-02   5.812843e-04
  6.829770e-02   9.374069e-03   5.886192e-04
  6.907820e-02   8.940692e-03   6.053522e-04
  6.985870e-02   8.307556e-03   5.659339e-04
  7.063910e-02   8.700130e-03   5.801152e-04
  7.141960e-02   8.235172e-03   5.714387e-04
  7.220010e-02   7.315922e-03   5.477462e-04
  7.298050e-02   7.002850e-03   5.624443e-04
  7.376100e-02   6.754595e-03   5.550236e-04
  7.454140e-02   6.312140e-03   5.591050e-04
  7.532190e-02   6.391144e-03   5.379085e-04
  7.610230e-02   5.940724e-03   5.526095e-04
  7.688280e-02   5.394646e-03   5.095720e-04
  7.766320e-02   4.703410e-03   5.045888e-04
  7.844360e-02   5.104047e-03   5.236267e-04
  7.922410e-02   4.443874e-03   5.054078e-04
  8.000450e-02   4.429805e-03   5.099464e-04
  8.078490e-02   4.256284e-03   4.805502e-04
  8.156540e-02   3.589111e-03   4.781917e-04
  8.234580e-02   2.878278e-03   4.668134e-04
  8.312620e-02   3.753428e-03   4.890766e-04
  8.390660e-02   3.111888e-03   4.736170e-04
  8.468700e-02   2.903911e-03   4.729384e-04
  8.546740e-02   2.755720e-03   4.734044e-04
  8.624790e-02   2.118041e-03   4.549106e-04
  8.702830e-02   2.116472e-03   4.510418e-04
  8.780870e-02   2.130989e-03   4.461551e-04
  8.858910e-02   2.143820e-03   4.414576e-04
  8.936950e-02   2.065381e-03   4.524068e-04
  9.014980e-02   1.858779e-03   4.342455e-04
  9.093020e-02   1.381809e-03   4.370584e-04
  9.171060e-02   1.521312e-03   4.342777e-04
  9.249100e-02   1.690494e-03   4.350606e-04
  9.327140e-02   1.460219e-03   4.219234e-04
  9.405170e-02   9.431828e-04   4.322243e-04
  9.483210e-02   1.240346e-03   4.246798e-04
  9.561250e-02   1.148696e-03   4.160686e-04
  9.639280e-02   6.006585e-04   4.220492e-04
  9.717320e-02   8.728463e-04   4.140903e-04
  9.795360e-02   9.875775e-04   4.386028e-04
  9.873390e-02   5.610852e-04   4.325822e-04
  9.951430e-02   1.002027e-03   4.066676e-04
  1.002950e-01   8.029768e-04   4.088575e-04
  1.010750e-01   3.335114e-04   4.000376e-04
  1.018550e-01   4.390347e-04   4.125157e-04
  1.026360e-01   8.988467e-04   4.013266e-04
  1.034160e-01   4.335464e-04   4.063186e-04
  1.041960e-01   5.578989e-04   4.105140e-04
  1.049770e-01   6.262084e-04   4.092631e-04
  1.057570e-01   6.694282e-04   4.005729e-04
  1.065370e-01   1.827901e-04   3.898996e-04
  1.073180e-01   4.811723e-05   3.844854e-04
  1.080980e-01   2.656914e-04   3.893263e-04
  1.088780e-01  -3.058877e-05   3.908248e-04
  1.096580e-01   2.109559e-04   3.822634e-04
  1.104390e-01   3.826290e-04   3.887579e-04
  1.112190e-01   3.192540e-04   3.985176e-04
  1.119990e-01  -5.288985e-05   3.855930e-04
  1.127800e-01   5.428205e-04   3.967021e-04
  1.135600e-01   2.919891e-04   3.772002e-04
  1.143400e-01   1.663301e-04   3.791161e-04
  1.151200e-01   1.717940e-04   3.753019e-04
  1.159010e-01   4.339901e-04   3.735849e-04
  1.166810e-01   2.160268e-04   3.709846e-04
  1.174610e-01   5.563428e-04   3.777374e-04
  1.182410e-01   3.665191e-04   3.709036e-04
  1.190220e-01   2.594514e-04   3.660832e-04
  1.198020e-01  -1.648033e-04   3.680537e-04
  1.205820e-01   2.486971e-04   3.744244e-04
  1.213620e-01  -1.679681e-04   3.694256e-04
  1.221430e-01   2.470601e-04   3.880588e-04
  1.229230e-01   2.607910e-04   3.900799e-04
  1.237030e-01   4.441661e-04   3.990012e-04
  1.244830e-01   3.416488e-04   4.063517e-04
  1.252640e-01   2.387122e-04   3.937976e-04
  1.260440e-01   2.896267e-04   4.013792e-04
  1.268240e-01   1.453286e-04   4.074788e-04
  1.276040e-01   7.767133e-04   4.067281e-04
  1.283840e-01   3.441175e-04   4.079790e-04
  1.291650e-01   4.403451e-04   4.000903e-04
  1.299450e-01   1.803233e-04   4.072097e-04
  1.307250e-01   4.589325e-04   4.002619e-04
  1.315050e-01   8.093290e-05   3.930693e-04
  1.322850e-01   4.787738e-04   3.912285e-04
  1.330650e-01   2.254785e-04   3.911632e-04
  1.338460e-01   3.840018e-04   3.913660e-04
  1.346260e-01   1.920692e-04   3.948428e-04
  1.354060e-01   4.157449e-04   3.901901e-04
  1.361860e-01   5.139664e-04   3.954054e-04
  1.369660e-01   5.585083e-04   3.877536e-04
  1.377460e-01   6.188549e-04   3.917209e-04
  1.385260e-01   6.207191e-04   3.875693e-04
  1.393070e-01   3.653462e-04   3.932243e-04
  1.400870e-01   4.408229e-04   3.881953e-04
  1.408670e-01   2.888350e-04   3.831887e-04
  1.416470e-01   4.867346e-04   3.834139e-04
  1.424270e-01   5.204531e-04   3.789952e-04
  1.432070e-01   7.237259e-04   3.896597e-04
  1.439870e-01   1.857414e-04   3.809023e-04
  1.447670e-01   1.268046e-04   3.791522e-04
  1.455470e-01   4.035710e-04   3.862755e-04
  1.463270e-01   9.038406e-05   3.859976e-04
  1.471080e-01   3.156397e-04   3.907108e-04
  1.478880e-01   5.202366e-04   3.868654e-04
  1.486680e-01   3.358105e-04   3.737955e-04
  1.494480e-01   5.028104e-04   3.944714e-04
  1.502280e-01   3.198253e-04   3.708754e-04
  1.510080e-01   3.287758e-04   3.826095e-04
  1.517880e-01   6.719251e-04   3.764407e-04
  1.525680e-01   2.965141e-04   3.765586e-04
  1.533480e-01   5.688355e-05   3.736941e-04
  1.541280e-01   1.572334e-04   3.844123e-04
  1.549080e-01   3.762866e-04   3.717275e-04
  1.556880e-01   3.711552e-04   3.699969e-04
  1.564680e-01   3.728975e-05   3.723369e-04
  1.572480e-01   3.646149e-04   3.766805e-04
  1.580280e-01   4.699929e-04   3.727562e-04
  1.588080e-01   8.580487e-06   3.652779e-04
  1.595880e-01   2.991261e-04   3.702251e-04
  1.603680e-01   2.861644e-04   3.694889e-04
  1.611480e-01   1.215318e-04   3.672318e-04
  1.619280e-01   6.875680e-05   3.646831e-04
  1.627080e-01   7.525118e-05   3.684008e-04
  1.634880e-01  -4.006499e-05   3.721283e-04
  1.642680e-01   3.569455e-04   3.685997e-04
  1.650480e-01  -1.956016e-05   3.764845e-04
  1.658280e-01   9.437006e-05   3.782074e-04
  1.666070e-01   2.276732e-04   3.735235e-04
  1.673870e-01   2.293961e-04   3.951451e-04
  1.681670e-01   4.797663e-04   3.890835e-04
  1.689470e-01   3.674590e-05   3.807014e-04
  1.697270e-01   1.878230e-04   3.758518e-04
  1.705070e-01   1.576945e-04   3.814268e-04
  1.712870e-01   1.718252e-04   3.773328e-04
  1.720670e-01   2.346708e-04   3.922513e-04
  1.728470e-01   1.698684e-04   3.767332e-04
  1.736260e-01   2.553954e-04   3.937879e-04
  1.744060e-01   1.387718e-04   3.944158e-04
  1.751860e-01   6.197978e-05   3.846814e-04
  1.759660e-01   1.194297e-04   3.830531e-04
  1.767460e-01   4.631055e-04   4.044173e-04
  1.775260e-01   2.515052e-04   3.861536e-04
  1.783060e-01  -6.497536e-05   3.899805e-04
  1.790850e-01  -1.103368e-05   3.820645e-04
  1.798650e-01   2.292469e-05   3.946829e-04
  1.806450e-01   6.370747e-06   3.942832e-04
  1.814250e-01   1.011680e-04   3.855228e-04
  1.822050e-01  -8.764636e-05   3.852878e-04
  1.829840e-01   3.645232e-05   3.982368e-04
  1.837640e-01  -7.585871e-05   3.857890e-04
  1.845440e-01  -2.298640e-04   3.855101e-04
  1.853240e-01   4.384604e-05   3.849505e-04
  1.861040e-01   5.438228e-05   3.943544e-04
  1.868830e-01  -1.000906e-05   3.962965e-04
  1.876630e-01  -1.061580e-04   3.890221e-04
  1.884430e-01   4.873420e-05   3.881446e-04
  1.892230e-01   7.748939e-05   3.988745e-04
  1.900020e-01  -1.136284e-05   3.931668e-04
  1.907820e-01  -9.170567e-05   3.980067e-04
  1.915620e-01   1.913281e-04   3.999986e-04
  1.923410e-01   5.092971e-04   3.985303e-04
  1.931210e-01   2.538490e-04   4.032434e-04
  1.939010e-01   2.813977e-05   3.949325e-04
  1.946800e-01  -2.791844e-04   3.997324e-04
  1.954600e-01  -3.773162e-04   3.971799e-04
  1.962400e-01  -7.618260e-05   3.989017e-04
  1.970190e-01   3.455010e-04   3.831974e-04
  1.977990e-01   2.432557e-04   4.097476e-04
  1.985790e-01   1.143431e-05   3.915142e-04
  1.993580e-01   2.690327e-04   4.146100e-04
  2.001380e-01  -2.933034e-06   3.985254e-04
  2.009180e-01  -7.378936e-05   4.040868e-04
  2.016970e-01   1.646590e-04   3.984844e-04
  2.024770e-01   3.687353e-05   4.101454e-04
  2.032570e-01  -6.744085e-05   3.885755e-04
  2.040360e-01   5.667558e-05   4.086264e-04
  2.048160e-01   1.543864e-04   4.011501e-04
  2.055950e-01   3.705429e-04   4.149083e-04
  2.063750e-01   3.099808e-04   4.158463e-04
  2.071540e-01  -1.896375e-04   4.187830e-04
  2.079340e-01   4.104009e-05   4.198116e-04
  2.087140e-01  -1.821339e-05   4.316227e-04
  2.094930e-01  -3.149679e-05   4.283282e-04
  2.102730e-01   3.065878e-04   4.286032e-04
  2.110520e-01   1.432684e-04   4.352127e-04
  2.118320e-01  -1.758042e-04   4.211698e-04
  2.126110e-01   1.645936e-04   4.154621e-04
  2.133910e-01   2.782133e-04   4.086303e-04
  2.141700e-01   1.765520e-04   4.096502e-04
  2.149500e-01  -8.290454e-05   4.126151e-04
  2.157290e-01   2.562710e-04   4.153880e-04
  2.165090e-01   2.659303e-04   4.267126e-04
  2.172880e-01  -2.626319e-04   4.200953e-04
  2.180680e-01   8.609075e-07   4.059812e-04
  2.188470e-01  -2.855775e-05   3.969157e-04
  2.196260e-01  -1.520708e-04   4.189087e-04
  2.204060e-01   9.976200e-05   4.177349e-04
  2.211850e-01  -1.272248e-04   4.159662e-04
  2.219650e-01   3.197688e-04   4.530903e-04
  2.227440e-01  -3.083486e-05   4.217548e-04
  2.235240e-01  -1.038706e-04   4.291121e-04
  2.243030e-01  -2.014555e-04   4.410247e-04
  2.250820e-01   4.298551e-04   4.256460e-04
  2.258620e-01   3.526897e-04   4.400857e-04
  2.266410e-01   5.589090e-04   4.423429e-04
  2.274200e-01   9.683554e-05   4.436786e-04
  2.282000e-01  -1.462841e-04   4.386096e-04
  2.289790e-01   6.919087e-05   4.542827e-04
  2.297580e-01   4.957758e-05   4.368760e-04
  2.305380e-01   1.617135e-04   4.439302e-04
  2.313170e-01  -2.591804e-06   4.351318e-04
  2.320960e-01   2.772334e-04   4.332812e-04
  2.328760e-01   2.095782e-04   4.518013e-04
  2.336550e-01   2.409810e-04   4.519066e-04
  2.344340e-01  -1.236173e-05   4.507630e-04
  2.352140e-01   1.028225e-04   4.512602e-04
  2.359930e-01   1.963055e-04   4.514533e-04
  2.367720e-01   3.328738e-04   4.614100e-04
  2.375510e-01  -7.359593e-06   4.532580e-04
  2.383310e-01   1.132306e-04   4.494399e-04
  2.391100e-01  -1.277523e-04   4.598256e-04
  2.398890e-01   3.783809e-04   4.646908e-04
  2.406680e-01   2.121122e-04   4.655664e-04
  2.414470e-01   1.108984e-04   4.720706e-04
  2.422270e-01  -2.568794e-06   4.729257e-04
  2.430060e-01   3.660998e-04   4.688600e-04
  2.437850e-01  -1.195389e-04   4.695941e-04
  2.445640e-01   4.798346e-04   4.630899e-04
  2.453430e-01  -1.589338e-04   5.053698e-04
  2.461220e-01  -1.502095e-04   5.170435e-04
  2.469020e-01  -1.770551e-04   4.812200e-04
  2.476810e-01  -2.238737e-04   4.674540e-04
  2.484600e-01  -1.805720e-05   4.759852e-04
  2.492390e-01   1.220222e-05   4.895319e-04
  2.500180e-01  -2.036989e-04   4.545664e-04
  2.507970e-01  -9.229379e-05   4.699568e-04
  2.515760e-01   4.983322e-04   4.795323e-04
  2.523550e-01   3.127040e-04   4.837755e-04
  2.531340e-01  -8.227216e-05   4.849221e-04
  2.539130e-01   3.931151e-04   4.824066e-04
  2.546920e-01  -1.190797e-04   4.658472e-04
  2.554720e-01  -1.768445e-04   4.626433e-04
  2.562510e-01   2.521584e-04   4.792749e-04
  2.570300e-01   3.101465e-04   4.762251e-04
  2.578090e-01  -2.113157e-04   4.604535e-04
  2.585880e-01   2.170682e-05   4.733040e-04
  2.593670e-01   7.068613e-05   4.559509e-04
  2.601460e-01   1.666373e-04   4.597749e-04
  2.609250e-01   1.517061e-04   4.826455e-04
  2.617030e-01   2.945251e-05   4.695483e-04
  2.624820e-01   2.285069e-04   4.690257e-04
  2.632610e-01   4.432750e-04   4.623031e-04
  2.640400e-01  -3.512184e-04   4.703273e-04
  2.648190e-01  -8.640957e-05   4.738324e-04
  2.655980e-01  -1.941235e-04   4.767048e-04
  2.663770e-01  -1.191391e-04   4.682398e-04
  2.671560e-01   2.028429e-05   4.619004e-04
  2.679350e-01   3.890796e-04   5.103599e-04
  2.687140e-01   4.583758e-04   4.721184e-04
  2.694930e-01   1.223245e-04   4.645417e-04
  2.702710e-01   2.421880e-04   4.675184e-04
  2.710500e-01   2.071885e-04   4.762134e-04
  2.718290e-01  -5.112744e-04   4.593244e-04
  2.726080e-01  -7.283406e-05   4.701265e-04
  2.733870e-01   8.467738e-05   4.853813e-04
  2.741660e-01  -1.056481e-04   4.834040e-04
  2.749440e-01  -4.013363e-05   4.883990e-04
  2.757230e-01   1.295580e-04   4.578512e-04
  2.765020e-01   3.789221e-04   4.766268e-04
  2.772810e-01   1.269128e-04   4.557043e-04
  2.780590e-01   2.229601e-04   4.744038e-04
  2.788380e-01  -1.379235e-04   4.559266e-04
  2.796170e-01   5.048219e-05   4.701703e-04
  2.803960e-01   2.273252e-04   4.777919e-04
  2.811740e-01   3.747627e-05   4.838369e-04
  2.819530e-01  -2.237917e-04   4.815730e-04
  2.827320e-01   2.514730e-04   4.606261e-04
  2.835100e-01   2.182421e-05   4.722130e-04
  2.842890e-01   8.957598e-05   4.700680e-04
  2.850680e-01   1.534328e-04   4.845038e-04
  2.858460e-01  -1.306890e-04   5.011354e-04
  2.866250e-01  -1.694492e-04   4.724938e-04
  2.874040e-01   3.501956e-04   4.939126e-04
  2.881820e-01  -4.222306e-05   5.019651e-04
  2.889610e-01  -1.432129e-04   5.211073e-04
  2.897390e-01   6.090874e-05   5.164078e-04
  2.905180e-01   5.065262e-04   5.318030e-04
  2.912970e-01   2.751431e-04   5.499224e-04
  2.920750e-01   3.906932e-04   5.487476e-04
  2.928540e-01  -6.911678e-05   5.525032e-04
  2.936320e-01   8.017220e-04   5.722207e-04
  2.944110e-01   1.617759e-04   5.696116e-04
  2.951890e-01   1.192513e-03   5.830783e-04
  2.959680e-01  -4.604847e-04   5.732220e-04
  2.967460e-01  -2.136196e-04   5.659495e-04
  2.975250e-01  -1.914276e-04   5.998317e-04
  2.983030e-01   1.548515e-04   6.043138e-04
  2.990820e-01  -5.979197e-05   6.233341e-04
  2.998600e-01   1.990872e-04   6.279068e-04
  3.006390e-01  -5.582606e-04   6.152845e-04
  3.014170e-01   1.816259e-04   6.250520e-04
  3.021960e-01   6.676273e-04   6.317152e-04
  3.029740e-01   4.214915e-04   6.420170e-04
  3.037520e-01  -3.890484e-05   6.371683e-04
  3.045310e-01  -5.479159e-04   6.511411e-04
  3.053090e-01   7.104493e-04   6.566352e-04
  3.060870e-01  -1.540432e-04   6.669809e-04
  3.068660e-01   1.217892e-04   6.727139e-04
  3.076440e-01   8.563347e-05   6.764842e-04
  3.084220e-01   3.656933e-04   6.712875e-04
  3.092010e-01  -3.501147e-04   6.726291e-04
  3.099790e-01  -4.375039e-04   6.959472e-04
  3.107570e-01   3.463258e-04   7.363629e-04
  3.115360e-01   7.297690e-04   7.685350e-04
  3.123140e-01   1.402615e-04   7.395521e-04
  3.130920e-01  -8.671406e-05   7.715253e-04
  3.138700e-01   3.697268e-04   7.952471e-04
  3.146490e-01  -1.412210e-04   7.767259e-04
  3.154270e-01  -6.259675e-04   7.479371e-04
  3.162050e-01  -5.706197e-04   7.895472e-04
  3.169830e-01   1.458522e-04   8.117275e-04
  3.177620e-01   4.352127e-04   8.255325e-04
  3.185400e-01  -2.764359e-04   7.944056e-04
  3.193180e-01  -1.493096e-04   8.120726e-04
  3.200960e-01   2.145604e-04   8.616114e-04
  3.208740e-01   3.965023e-05   8.452587e-04
  3.216520e-01  -1.835905e-04   8.704644e-04
  3.224300e-01  -1.984612e-04   8.810197e-04
  3.232090e-01   7.546373e-04   9.110644e-04
  3.239870e-01  -1.869436e-04   9.381128e-04
  3.247650e-01   5.853052e-04   1.026168e-03
  3.255430e-01   7.326569e-05   1.023526e-03
  3.263210e-01  -1.678238e-05   9.971032e-04
  3.270990e-01  -4.029236e-04   9.750975e-04
  3.278770e-01  -3.842992e-05   1.060507e-03
  3.286550e-01  -6.219291e-04   1.102998e-03
  3.294330e-01   6.491823e-04   1.168177e-03
  3.302110e-01   1.265131e-04   1.146083e-03
  3.309890e-01  -2.829119e-04   1.169551e-03
  3.317670e-01  -3.610074e-04   1.049149e-03
  3.325450e-01   1.158836e-04   1.180354e-03
  3.333230e-01  -8.572405e-05   1.180384e-03
  3.341010e-01   8.437708e-04   1.147165e-03
  3.348790e-01  -1.480206e-04   1.217278e-03
  3.356570e-01   3.903598e-04   1.409655e-03
  3.364350e-01  -7.802496e-04   1.350268e-03
  3.372130e-01   2.912803e-04   1.389385e-03
  3.379900e-01   1.012216e-03   1.385972e-03
  3.387680e-01   9.196180e-04   1.333234e-03
  3.395460e-01  -2.353903e-04   1.292616e-03
  3.403240e-01   4.781585e-04   1.426698e-03
  3.411020e-01   8.020262e-04   1.451746e-03
  3.418800e-01   7.163179e-04   1.444648e-03
  3.426570e-01  -4.612949e-04   1.551693e-03
  3.434350e-01   2.617056e-04   1.558684e-03
  3.442130e-01  -3.588449e-04   1.518835e-03
  3.449910e-01   7.213947e-04   1.549197e-03
  3.457680e-01  -7.645755e-04   1.700634e-03
  3.465460e-01   1.377636e-03   1.704700e-03
  3.473240e-01   4.957290e-04   1.826858e-03
  3.481020e-01  -5.814305e-04   1.800103e-03
  3.488790e-01  -9.043603e-04   1.745815e-03
  3.496570e-01   1.664335e-04   1.933903e-03
  3.504350e-01   6.604708e-04   2.086783e-03
  3.512120e-01   9.363364e-04   2.114229e-03
  3.519900e-01   1.842613e-03   2.269059e-03
  3.527680e-01   1.170049e-03   2.521330e-03
  3.535450e-01  -1.058743e-03   2.265646e-03
  3.543230e-01  -3.765703e-04   2.519887e-03
  3.551010e-01   1.032749e-03   3.105745e-03
  3.558780e-01   1.758910e-04   3.044330e-03
  3.566560e-01   7.572913e-04   3.301448e-03
  3.574330e-01  -1.295073e-03   3.603697e-03
  3.582110e-01  -9.773888e-04   3.839862e-03
  3.589880e-01   6.218092e-04   4.752325e-03
  3.597660e-01  -4.921712e-03   3.989759e-03
  3.605430e-01   8.696941e-03   8.622266e-03
parent: /data/lachlan/Data/JL15_SAXS_Jul2015/sec2/msub/SENDING/gi_0220.dat
range-from: 1
range-to: 448
