0.000000	0.000000	0.000000	0.000000	0.000000	0.000000
0.001000	0.000000	0.000000	0.000000	0.000000	0.000000
0.002000	0.000000	0.000000	0.000000	0.000000	0.000000
0.003000	0.000000	0.000000	0.000000	0.000000	0.000000
0.004000	71.051354	20.581136	13512979.692333	12.000000	4418.833333
0.005000	54.624254	7.424567	48480944.205438	56.000000	3397.196429
0.006000	43.555856	4.370992	72482535.482028	105.000000	2708.828571
0.007000	34.792299	2.856253	87123986.531656	158.000000	2163.803797
0.008000	26.684768	1.979695	80355306.047703	190.000000	1659.578947
0.009000	21.140356	1.429818	75386284.634228	225.000000	1314.760000
0.010000	17.147167	1.116024	65494816.680235	241.000000	1066.414938
0.011000	14.393723	0.887127	60909063.722938	267.000000	895.172285
0.012000	12.235754	0.743500	53134772.352911	274.000000	760.963504
0.013000	10.580672	0.585227	55338159.670642	330.000000	658.030303
0.014000	9.228513	0.467084	57626925.569797	394.000000	573.936548
0.015000	8.136776	0.380660	59449855.903184	461.000000	506.039046
0.016000	7.315060	0.326942	58547288.710255	505.000000	454.934653
0.017000	6.615275	0.291283	54519115.505635	520.000000	411.413462
0.018000	5.990166	0.259963	50791393.441124	535.000000	372.536449
0.019000	5.495720	0.242305	45118211.164252	518.000000	341.785714
0.020000	5.064486	0.208716	47597882.085206	593.000000	314.966273
0.021000	4.647924	0.189318	44714179.894350	607.000000	289.059308
0.022000	4.282878	0.173731	41541733.605510	612.000000	266.356209
0.023000	3.971871	0.156924	40602460.295844	645.000000	247.013953
0.024000	3.669210	0.144456	37799267.979519	650.000000	228.190769
0.025000	3.435636	0.131174	37625538.549672	691.000000	213.664255
0.026000	3.207921	0.120390	36351908.109986	715.000000	199.502098
0.027000	2.970292	0.111426	33706193.340514	716.000000	184.723464
0.028000	2.779088	0.100656	33826809.812247	768.000000	172.832031
0.029000	2.598396	0.095166	30968542.541786	752.000000	161.594415
0.030000	2.448017	0.086623	31271372.235513	806.000000	152.241935
0.031000	2.294113	0.080238	29996197.865692	825.000000	142.670303
0.032000	2.159921	0.076511	27522726.205067	804.000000	134.324627
0.033000	2.042675	0.069077	28586277.381684	883.000000	127.032843
0.034000	1.921791	0.065132	26803180.673068	880.000000	119.514773
0.035000	1.821537	0.060728	26213279.178511	908.000000	113.279736
0.036000	1.753869	0.057901	25767621.533635	927.000000	109.071197
0.037000	1.667410	0.055190	24365252.664305	922.000000	103.694143
0.038000	1.592532	0.050831	25063109.315098	993.000000	99.037261
0.039000	1.530089	0.048924	23983379.030792	989.000000	95.153691
0.040000	1.475573	0.046840	23503056.811203	1005.000000	91.763184
0.041000	1.429695	0.044545	23610681.988748	1042.000000	88.909789
0.042000	1.370522	0.043404	21938402.831209	1010.000000	85.229703
0.043000	1.347970	0.040939	23457415.996549	1098.000000	83.826958
0.044000	1.302811	0.039666	22547661.733248	1092.000000	81.018315
0.045000	1.265493	0.038624	21801518.847395	1087.000000	78.697332
0.046000	1.230715	0.036513	22450722.654302	1151.000000	76.534318
0.047000	1.207370	0.035957	21852652.265666	1142.000000	75.082312
0.048000	1.175965	0.034500	21955189.205256	1178.000000	73.129032
0.049000	1.156982	0.033934	21619112.565362	1179.000000	71.948261
0.050000	1.130518	0.032799	21572557.966706	1204.000000	70.302326
0.051000	1.102986	0.031406	21868797.087447	1251.000000	68.589928
0.052000	1.071905	0.030501	21286523.467112	1253.000000	66.656824
0.053000	1.054279	0.029873	21137006.869895	1265.000000	65.560474
0.054000	1.028573	0.028697	21273706.723284	1305.000000	63.961686
0.055000	1.007845	0.028531	20238016.608334	1267.000000	62.672455
0.056000	0.988671	0.026995	21357234.832569	1363.000000	61.479824
0.057000	0.967443	0.026496	20760682.679327	1354.000000	60.159527
0.058000	0.944582	0.026033	20030571.791208	1338.000000	58.737668
0.059000	0.924408	0.024632	20994593.145285	1433.000000	57.482903
0.060000	0.903812	0.024520	19796278.571454	1382.000000	56.201881
0.061000	0.885202	0.023524	20216407.503143	1441.000000	55.044414
0.062000	0.863776	0.022920	19809215.497340	1447.000000	53.711818
0.063000	0.847477	0.022267	19838370.708832	1477.000000	52.698037
0.064000	0.824844	0.021471	19674585.689751	1505.000000	51.290365
0.065000	0.810320	0.021284	18981413.774197	1478.000000	50.387009
0.066000	0.791601	0.020289	19483883.575041	1553.000000	49.222795
0.067000	0.771837	0.019760	19046354.975986	1557.000000	47.993577
0.068000	0.754975	0.019423	18438813.928295	1541.000000	46.944841
0.069000	0.730963	0.018354	18755992.420326	1619.000000	45.451513
0.070000	0.717295	0.018031	18393904.085167	1618.000000	44.601360
0.071000	0.697851	0.017549	17884231.525651	1617.000000	43.392084
0.072000	0.679743	0.016670	18314333.785194	1700.000000	42.265882
0.073000	0.660694	0.016568	17026220.457442	1626.000000	41.081181
0.074000	0.649298	0.015861	17658708.514112	1716.000000	40.372378
0.075000	0.627879	0.015373	17016481.299335	1710.000000	39.040351
0.076000	0.614201	0.014862	17044877.775700	1751.000000	38.189606
0.077000	0.598290	0.014422	16726616.409784	1764.000000	37.200113
0.078000	0.578132	0.014050	15933983.977516	1739.000000	35.946521
0.079000	0.560812	0.013233	16398767.998274	1845.000000	34.869377
0.080000	0.548000	0.013096	15676735.754914	1805.000000	34.072576
0.081000	0.534672	0.012754	15371715.544135	1814.000000	33.243660
0.082000	0.518335	0.012066	15624937.571999	1902.000000	32.227655
0.083000	0.510117	0.012012	15029578.456651	1859.000000	31.716514
0.084000	0.488576	0.011344	14828555.614832	1915.000000	30.377023
0.085000	0.477047	0.011003	14720574.555983	1947.000000	29.659990
0.086000	0.463897	0.010792	14072178.416813	1914.000000	28.842215
0.087000	0.454841	0.010374	14366956.653648	1993.000000	28.278976
0.088000	0.441585	0.010387	13101400.319229	1872.000000	27.454594
0.089000	0.429616	0.010312	12242421.057211	1798.000000	26.710234
0.090000	0.418637	0.010211	11597818.036585	1748.000000	26.027460
0.091000	0.402344	0.010226	10253701.165043	1608.000000	25.014303
0.092000	0.397995	0.010256	9896884.399319	1569.000000	24.743786
0.093000	0.385638	0.010169	9161754.065939	1499.000000	23.975317
0.094000	0.377146	0.009689	9450144.707553	1581.000000	23.447185
0.095000	0.367770	0.008927	10340173.914917	1774.000000	22.864149
0.096000	0.359029	0.008782	9923695.565214	1744.000000	22.320528
0.097000	0.346481	0.008532	9472540.819994	1725.000000	21.540290
0.098000	0.340621	0.008407	9274530.761770	1718.000000	21.175786
0.099000	0.332086	0.008053	9400033.619298	1786.000000	20.645017
0.100000	0.321578	0.007543	9739687.263193	1911.000000	19.991627
0.101000	0.310405	0.007210	9578388.184013	1947.000000	19.296867
0.102000	0.305640	0.006941	9886692.396780	2041.000000	19.000490
0.103000	0.296234	0.006699	9648145.797292	2055.000000	18.415572
0.104000	0.289939	0.006610	9328266.038586	2030.000000	18.024138
0.105000	0.281069	0.006228	9577429.453719	2150.000000	17.472558
0.106000	0.277843	0.006154	9476295.321298	2152.000000	17.271840
0.107000	0.272027	0.006009	9359862.533797	2171.000000	16.910180
0.108000	0.265836	0.005801	9370141.513602	2224.000000	16.525180
0.109000	0.259724	0.005704	9076510.908856	2205.000000	16.145125
0.110000	0.254381	0.005474	9260672.203981	2297.000000	15.812799
0.111000	0.247775	0.005358	8957348.986829	2281.000000	15.402017
0.112000	0.241875	0.005207	8824591.828971	2302.000000	15.035187
0.113000	0.235397	0.004973	8920284.688241	2391.000000	14.632371
0.114000	0.232147	0.004984	8535871.679883	2320.000000	14.430172
0.115000	0.228305	0.004765	8912033.257050	2463.000000	14.191230
0.116000	0.224095	0.004712	8602068.358477	2422.000000	13.929397
0.117000	0.220426	0.004635	8454261.258142	2420.000000	13.701240
0.118000	0.216158	0.004469	8622882.253183	2517.000000	13.435836
0.119000	0.209898	0.004360	8283329.275804	2490.000000	13.046586
0.120000	0.205335	0.004223	8246435.889394	2534.000000	12.762826
0.121000	0.202704	0.004152	8288588.613887	2580.000000	12.599225
0.122000	0.198726	0.004097	8012516.602224	2544.000000	12.351808
0.123000	0.195102	0.003960	8119946.140157	2626.000000	12.126428
0.124000	0.192469	0.003917	7931076.247276	2600.000000	11.962692
0.125000	0.188226	0.003801	7944160.045649	2663.000000	11.698836
0.126000	0.186350	0.003742	7929960.990991	2685.000000	11.582123
0.127000	0.181504	0.003654	7703599.481164	2678.000000	11.280807
0.128000	0.179066	0.003546	7864075.545406	2771.000000	11.129195
0.129000	0.176483	0.003505	7739459.259395	2767.000000	10.968558
0.130000	0.171986	0.003427	7509520.338764	2755.000000	10.688929
0.131000	0.170935	0.003341	7721003.937783	2850.000000	10.623509
0.132000	0.167868	0.003307	7481371.403378	2812.000000	10.432788
0.133000	0.165832	0.003224	7606154.778171	2894.000000	10.306151
0.134000	0.164125	0.003197	7507034.071457	2886.000000	10.199931
0.135000	0.159328	0.003124	7219448.263152	2859.000000	9.901714
0.136000	0.158550	0.003075	7362596.130125	2930.000000	9.853242
0.137000	0.155669	0.003026	7199203.691577	2918.000000	9.674092
0.138000	0.152817	0.002960	7113337.435343	2937.000000	9.496765
0.139000	0.149812	0.002879	7101685.408689	2991.000000	9.309930
0.140000	0.148839	0.002878	6954098.231370	2948.000000	9.249322
0.141000	0.147659	0.002814	7144691.466078	3053.000000	9.175893
0.142000	0.144223	0.002760	6912173.763982	3024.000000	8.962302
0.143000	0.141721	0.002725	6751828.236969	3006.000000	8.806720
0.144000	0.140406	0.002644	6965126.769317	3130.000000	8.724920
0.145000	0.137346	0.002615	6689241.793449	3073.000000	8.534657
0.146000	0.135992	0.002560	6780629.562151	3146.000000	8.450413
0.147000	0.135281	0.002551	6736584.742196	3142.000000	8.406111
0.148000	0.133516	0.002500	6733348.482505	3182.000000	8.296354
0.149000	0.130212	0.002446	6558455.150500	3178.000000	8.090938
0.150000	0.128336	0.002423	6400901.644348	3147.000000	7.974261
0.151000	0.128984	0.002380	6774656.757832	3314.000000	8.014484
0.152000	0.125785	0.002337	6508954.237520	3265.000000	7.815620
0.153000	0.125062	0.002338	6410063.791310	3234.000000	7.770563
0.154000	0.125300	0.002298	6640734.426472	3344.000000	7.785287
0.155000	0.121327	0.002248	6322474.003752	3288.000000	7.538321
0.156000	0.119947	0.002223	6298063.890117	3313.000000	7.452460
0.157000	0.117736	0.002148	6355538.012353	3406.000000	7.315032
0.158000	0.117362	0.002155	6255367.572366	3363.000000	7.291704
0.159000	0.115375	0.002103	6262844.966816	3425.000000	7.168175
0.160000	0.114013	0.002075	6215987.076087	3440.000000	7.083430
0.161000	0.114592	0.002085	6256628.566240	3445.000000	7.119303
0.162000	0.111852	0.002028	6185025.259573	3489.000000	6.948983
0.163000	0.111147	0.002023	6070306.448415	3446.000000	6.905107
0.164000	0.110411	0.001974	6241821.284380	3567.000000	6.859265
0.165000	0.107185	0.001927	6039087.714794	3555.000000	6.658790
0.166000	0.108997	0.001971	6056515.538901	3506.000000	6.771249
0.167000	0.107137	0.001900	6187473.988187	3644.000000	6.655598
0.168000	0.106637	0.001910	6021726.376209	3563.000000	6.624474
0.169000	0.104158	0.001889	5772800.648935	3497.000000	6.470403
0.170000	0.102798	0.001897	5506776.608063	3380.000000	6.385799
0.171000	0.102218	0.001920	5304018.916011	3274.000000	6.349725
0.172000	0.102776	0.001935	5319911.002294	3266.000000	6.384262
0.173000	0.100946	0.001935	5050809.097800	3157.000000	6.270510
0.174000	0.100913	0.001939	5012351.767568	3134.000000	6.268347
0.175000	0.097648	0.001866	4915210.340752	3176.000000	6.065491
0.176000	0.097405	0.001837	5032650.210200	3260.000000	6.050307
0.177000	0.096863	0.001779	5293236.656358	3448.000000	6.016531
0.178000	0.095077	0.001743	5230288.396183	3471.000000	5.905503
0.179000	0.094672	0.001733	5190046.293585	3459.000000	5.880312
0.180000	0.096092	0.001735	5491730.007530	3606.000000	5.968386
0.181000	0.093859	0.001709	5230258.112623	3516.000000	5.829636
0.182000	0.092302	0.001639	5403853.697488	3694.000000	5.732810
0.183000	0.090906	0.001626	5291909.613023	3673.000000	5.646066
0.184000	0.089639	0.001600	5226660.437633	3679.000000	5.567274
0.185000	0.089952	0.001595	5341827.357627	3747.000000	5.586603
0.186000	0.089123	0.001579	5295462.385318	3749.000000	5.535076
0.187000	0.087949	0.001554	5257772.614552	3772.000000	5.462089
0.188000	0.087801	0.001542	5319864.696747	3823.000000	5.452786
0.189000	0.087618	0.001542	5289320.943906	3809.000000	5.441323
0.190000	0.086082	0.001497	5320791.378613	3900.000000	5.345897
0.191000	0.086048	0.001496	5352774.691225	3925.000000	5.343694
0.192000	0.085967	0.001500	5271443.779905	3869.000000	5.338589
0.193000	0.084845	0.001455	5397602.493466	4014.000000	5.268809
0.194000	0.085034	0.001475	5313973.622593	3943.000000	5.280497
0.195000	0.083520	0.001426	5390113.775872	4072.000000	5.186395
0.196000	0.082841	0.001417	5329198.918861	4059.000000	5.144124
0.197000	0.082101	0.001406	5305035.518406	4077.000000	5.098111
0.198000	0.082442	0.001397	5414617.176070	4144.000000	5.119208
0.199000	0.080690	0.001384	5192132.272140	4060.000000	5.010345
0.200000	0.080800	0.001365	5319582.857907	4154.000000	5.017092
0.201000	0.080318	0.001361	5304354.153471	4167.000000	4.987041
0.202000	0.079739	0.001365	5186511.818262	4104.000000	4.951023
0.203000	0.079529	0.001339	5340517.009048	4237.000000	4.937928
0.204000	0.079368	0.001332	5317120.409117	4227.000000	4.927845
0.205000	0.078823	0.001329	5264367.436994	4214.000000	4.893925
0.206000	0.077318	0.001296	5254498.541770	4288.000000	4.800373
0.207000	0.076963	0.001295	5182853.148117	4249.000000	4.778301
0.208000	0.076930	0.001284	5311089.890994	4356.000000	4.776171
0.209000	0.076452	0.001272	5264717.446720	4345.000000	4.746375
0.210000	0.074804	0.001254	5121589.042744	4320.000000	4.643981
0.211000	0.073825	0.001221	5170436.525106	4419.000000	4.583164
0.212000	0.075048	0.001251	5176396.117081	4352.000000	4.659007
0.213000	0.074553	0.001230	5259201.282421	4451.000000	4.628173
0.214000	0.072985	0.001204	5174020.212894	4473.000000	4.530740
0.215000	0.073353	0.001216	5137344.185672	4419.000000	4.553519
0.216000	0.072707	0.001185	5266111.518397	4570.000000	4.513348
0.217000	0.071783	0.001177	5150289.330380	4527.000000	4.455931
0.218000	0.071705	0.001178	5137868.256702	4521.000000	4.451006
0.219000	0.072310	0.001184	5208683.350076	4545.000000	4.488449
0.220000	0.071643	0.001166	5202647.401974	4582.000000	4.446966
0.221000	0.070824	0.001148	5211676.473483	4643.000000	4.396080
0.222000	0.070254	0.001141	5159679.856056	4634.000000	4.360596
0.223000	0.070520	0.001148	5149047.054549	4607.000000	4.377035
0.224000	0.069973	0.001122	5266600.278447	4749.000000	4.343020
0.225000	0.069603	0.001134	5119611.033004	4641.000000	4.319974
0.226000	0.068844	0.001110	5179457.848648	4747.000000	4.272804
0.227000	0.068548	0.001100	5189766.839854	4777.000000	4.254344
0.228000	0.068674	0.001104	5162281.691786	4743.000000	4.262070
0.229000	0.068125	0.001084	5216004.863887	4831.000000	4.227903
0.230000	0.067137	0.001070	5149958.518532	4840.000000	4.166529
0.231000	0.066616	0.001070	5100509.470710	4831.000000	4.134134
0.232000	0.066586	0.001064	5118225.858686	4850.000000	4.132165
0.233000	0.066596	0.001066	5112702.133994	4844.000000	4.132742
0.234000	0.067652	0.001065	5334227.685956	4975.000000	4.198191
0.235000	0.065521	0.001044	5076883.242624	4889.000000	4.065862
0.236000	0.065845	0.001042	5161518.311433	4946.000000	4.085928
0.237000	0.065564	0.001033	5197630.026546	5002.000000	4.068373
0.238000	0.065398	0.001035	5128510.834464	4948.000000	4.058003
0.239000	0.064545	0.001017	5140358.176521	5025.000000	4.004975
0.240000	0.064583	0.001012	5184390.785972	5065.000000	4.007305
0.241000	0.064048	0.001012	5071334.765041	4996.000000	3.973979
0.242000	0.063409	0.000990	5138357.652901	5113.000000	3.934285
0.243000	0.063104	0.000990	5074597.841345	5074.000000	3.915254
0.244000	0.063659	0.001003	5109181.892432	5064.000000	3.949645
0.245000	0.062987	0.000986	5092167.049248	5101.000000	3.907861
0.246000	0.062628	0.000985	5019461.267629	5057.000000	3.885505
0.247000	0.062279	0.000968	5109994.533499	5177.000000	3.863821
0.248000	0.061834	0.000965	5051849.867273	5155.000000	3.836081
0.249000	0.061639	0.000966	5004688.719846	5123.000000	3.823931
0.250000	0.061588	0.000971	4954714.591486	5076.000000	3.820725
0.251000	0.061529	0.000997	4671996.576025	4791.000000	3.816948
0.252000	0.061404	0.001002	4594422.199284	4721.000000	3.809151
0.253000	0.060043	0.000991	4416437.760496	4641.000000	3.724628
0.254000	0.061160	0.001040	4232058.925848	4366.000000	3.793862
0.255000	0.060078	0.001041	3991461.464581	4192.000000	3.726622
0.256000	0.059846	0.001046	3911570.048299	4124.000000	3.712173
0.257000	0.059913	0.001035	4019477.124366	4233.000000	3.716277
0.258000	0.060502	0.001041	4090594.741326	4266.000000	3.752696
0.259000	0.059740	0.001035	3981314.334800	4205.000000	3.705351
0.260000	0.059235	0.001013	4077220.926794	4343.000000	3.673958
0.261000	0.059998	0.001027	4083184.175344	4294.000000	3.721239
0.262000	0.058267	0.001009	3933012.133748	4259.000000	3.613759
0.263000	0.058617	0.001001	4041190.405048	4350.000000	3.635402
0.264000	0.058156	0.000998	3977133.177858	4315.000000	3.606721
0.265000	0.059548	0.001030	4045961.605901	4287.000000	3.693025
0.266000	0.058028	0.000993	4021769.992849	4373.000000	3.598674
0.267000	0.058498	0.000993	4076547.766895	4397.000000	3.627701
0.268000	0.057284	0.000956	4161740.838426	4584.000000	3.552356
0.269000	0.058361	0.000965	4300098.198825	4649.000000	3.619058
0.270000	0.057653	0.000943	4339295.599506	4749.000000	3.575068
0.271000	0.056418	0.000919	4307185.531089	4817.000000	3.498443
0.272000	0.056997	0.000923	4389324.772333	4859.000000	3.534266
0.273000	0.057129	0.000913	4510831.120673	4982.000000	3.542352
0.274000	0.056156	0.000904	4411755.263133	4957.000000	3.481945
0.275000	0.056143	0.000902	4422332.712717	4970.000000	3.481087
0.276000	0.055801	0.000888	4475854.791011	5061.000000	3.459791
0.277000	0.055406	0.000888	4406425.372157	5018.000000	3.435233
0.278000	0.054961	0.000884	4357953.791064	5003.000000	3.407555
0.279000	0.055526	0.000889	4429117.032617	5033.000000	3.442480
0.280000	0.054601	0.000870	4390870.542630	5074.000000	3.385101
0.281000	0.056015	0.000893	4496550.788190	5065.000000	3.472655
0.282000	0.055469	0.000885	4436063.504741	5046.000000	3.438763
0.283000	0.054518	0.000875	4332367.178478	5014.000000	3.379737
0.284000	0.054213	0.000872	4315848.038299	5023.000000	3.360741
0.285000	0.054429	0.000879	4269158.760819	4949.000000	3.374015
0.286000	0.054773	0.000876	4343913.196735	5004.000000	3.395284
0.287000	0.054661	0.000888	4244042.850967	4899.000000	3.388242
0.288000	0.053949	0.000888	4103257.495626	4799.000000	3.344030
0.289000	0.053820	0.000883	4100283.858417	4807.000000	3.335968
0.290000	0.053936	0.000888	4063814.864353	4754.000000	3.343080
0.291000	0.053665	0.000886	4012768.847519	4718.000000	3.326198
0.292000	0.054286	0.000905	4006725.607078	4657.000000	3.364612
0.293000	0.052918	0.000886	3897372.839446	4647.000000	3.279750
0.294000	0.053540	0.000893	3935567.854869	4638.000000	3.318241
0.295000	0.053710	0.000904	3908042.287785	4591.000000	3.328687
0.296000	0.053210	0.000896	3875912.079118	4596.000000	3.297650
0.297000	0.053127	0.000895	3841224.595395	4562.000000	3.292416
0.298000	0.052577	0.000893	3758965.378765	4511.000000	3.258258
0.299000	0.052866	0.000896	3784630.269100	4517.000000	3.276068
0.300000	0.052858	0.000892	3831781.355446	4574.000000	3.275470
0.301000	0.052717	0.000893	3781487.704644	4526.000000	3.266681
0.302000	0.052705	0.000894	3760606.787616	4502.000000	3.265882
0.303000	0.051614	0.000879	3686010.793864	4506.000000	3.198180
0.304000	0.051457	0.000878	3662569.204216	4491.000000	3.188377
0.305000	0.052317	0.000893	3683121.161284	4442.000000	3.241558
0.306000	0.050789	0.000874	3569126.270779	4434.000000	3.146820
0.307000	0.051122	0.000873	3634699.776630	4486.000000	3.167410
0.308000	0.051931	0.000891	3641952.619443	4425.000000	3.217401
0.309000	0.050827	0.000875	3542019.360018	4397.000000	3.148965
0.310000	0.050671	0.000868	3570503.480683	4446.000000	3.139226
0.311000	0.051224	0.000890	3548591.278207	4371.000000	3.173416
0.312000	0.050780	0.000880	3516188.697055	4369.000000	3.145800
0.313000	0.050682	0.000883	3514997.802722	4376.000000	3.139625
0.314000	0.050893	0.000882	3513551.061349	4356.000000	3.152663
0.315000	0.050520	0.000877	3494962.744793	4365.000000	3.129439
0.316000	0.050640	0.000876	3479188.472174	4335.000000	3.136794
0.317000	0.050282	0.000879	3450619.803944	4330.000000	3.114550
0.318001	0.050263	0.000874	3437402.296196	4315.000000	3.113326
0.319001	0.050391	0.000882	3414972.466102	4276.000000	3.121141
0.320001	0.050909	0.000894	3461375.302564	4290.000000	3.153147
0.321001	0.050585	0.000884	3459417.900706	4315.000000	3.133024
0.322001	0.049537	0.000871	3347678.902466	4264.000000	3.068011
0.323001	0.049270	0.000861	3357746.115725	4300.000000	3.051395
0.324001	0.049141	0.000869	3306139.188112	4245.000000	3.043345
0.325001	0.049691	0.000876	3362783.681559	4270.000000	3.077283
0.326001	0.049505	0.000870	3319619.897107	4231.000000	3.065706
0.327001	0.048836	0.000873	3260842.411521	4213.000000	3.024211
0.328001	0.047393	0.000839	3212555.806293	4277.000000	2.934767
0.329001	0.049345	0.000869	3320650.169544	4246.000000	3.055582
0.330001	0.048585	0.000850	3297957.720341	4283.000000	3.008405
0.331001	0.048336	0.000872	3140885.044202	4100.000000	2.992927
0.332001	0.047907	0.000886	2952066.086360	3888.000000	2.966307
0.333001	0.048046	0.000904	2871513.159777	3771.000000	2.974808
0.334001	0.048152	0.000917	2810666.830599	3683.000000	2.981265
0.335001	0.048087	0.000929	2736761.871915	3591.000000	2.977165
0.336001	0.047573	0.000929	2658501.008403	3526.000000	2.945264
0.337001	0.047916	0.000936	2647309.691455	3486.000000	2.966437
0.338001	0.047856	0.000916	2761560.811185	3641.000000	2.962648
0.339001	0.048307	0.000910	2888619.362981	3773.000000	2.990459
0.340001	0.047529	0.000891	2857207.161052	3793.000000	2.942262
0.341001	0.047982	0.000885	2958161.333908	3890.000000	2.970180
0.342001	0.046864	0.000876	2849170.923194	3836.000000	2.900938
0.343001	0.046744	0.000870	2884070.881324	3893.000000	2.893398
0.344001	0.047944	0.000879	2980169.972657	3922.000000	2.967619
0.345001	0.046368	0.000864	2859393.647913	3891.000000	2.869956
0.346001	0.047262	0.000876	2914526.170413	3891.000000	2.925212
0.347001	0.046626	0.000861	2904876.632342	3931.000000	2.885780
0.348001	0.046712	0.000865	2879862.209365	3890.000000	2.891003
0.349001	0.046851	0.000867	2912977.675546	3923.000000	2.899567
0.350001	0.046567	0.000858	2905632.969512	3937.000000	2.881890
0.351001	0.046237	0.000864	2849116.569850	3888.000000	2.861368
0.352001	0.046592	0.000861	2897601.584503	3924.000000	2.883282
0.353001	0.046830	0.000870	2878987.508356	3879.000000	2.897912
0.354001	0.045995	0.000854	2857555.236510	3920.000000	2.846173
0.355001	0.045832	0.000852	2830742.917660	3897.000000	2.836028
0.356001	0.045074	0.000842	2773192.513827	3882.000000	2.789026
0.357001	0.045429	0.000838	2840382.097168	3945.000000	2.810900
0.358001	0.045989	0.000855	2834572.791891	3889.000000	2.845462
0.359001	0.045741	0.000857	2815697.618405	3884.000000	2.830072
0.360001	0.045323	0.000841	2820134.237299	3926.000000	2.804126
0.361001	0.045849	0.000849	2827389.003923	3891.000000	2.836546
0.362001	0.045522	0.000847	2807232.357010	3891.000000	2.816243
0.363001	0.045563	0.000849	2819867.687869	3905.000000	2.818694
0.364001	0.044698	0.000833	2756412.940337	3891.000000	2.765099
0.365001	0.045352	0.000838	2830537.438660	3938.000000	2.805485
0.366001	0.045502	0.000850	2790139.542279	3869.000000	2.814681
0.367001	0.044956	0.000836	2779459.418835	3901.000000	2.780825
0.368001	0.045391	0.000847	2812851.100324	3910.000000	2.807673
0.369001	0.045104	0.000843	2751438.254069	3849.000000	2.789816
0.370001	0.044618	0.000833	2759975.548408	3903.000000	2.759672
0.371001	0.044166	0.000819	2757240.070365	3939.000000	2.731658
0.372001	0.044956	0.000839	2758091.189175	3871.000000	2.780418
0.373001	0.044029	0.000827	2692825.667834	3859.000000	2.722985
0.374001	0.044279	0.000830	2741086.560868	3906.000000	2.738351
0.375001	0.044662	0.000831	2757058.204289	3895.000000	2.762003
0.376001	0.043764	0.000815	2707165.205093	3903.000000	2.706380
0.377001	0.044452	0.000833	2732107.342042	3878.000000	2.748840
0.378001	0.044452	0.000822	2789858.731235	3960.000000	2.748737
0.379001	0.044317	0.000821	2780716.779296	3959.000000	2.740338
0.380001	0.044584	0.000832	2765678.285999	3914.000000	2.756771
0.381001	0.043893	0.000808	2786782.046912	4006.000000	2.713929
0.382001	0.043390	0.000802	2739702.682936	3984.000000	2.682731
0.383001	0.044091	0.000816	2756704.727463	3945.000000	2.725982
0.384001	0.043889	0.000812	2779604.796297	3996.000000	2.713463
0.385001	0.043571	0.000808	2759437.996298	3996.000000	2.693694
0.386001	0.043466	0.000801	2754140.807306	3998.000000	2.687094
0.387001	0.043583	0.000801	2744996.521930	3974.000000	2.694263
0.388001	0.043153	0.000795	2730211.422567	3992.000000	2.667585
0.389001	0.043607	0.000807	2756192.366961	3988.000000	2.695587
0.390001	0.042995	0.000800	2681410.136636	3935.000000	2.657687
0.391001	0.043131	0.000795	2724057.490388	3985.000000	2.665997
0.392001	0.043345	0.000800	2751323.572308	4005.000000	2.679151
0.393001	0.042182	0.000785	2638071.835017	3946.000000	2.607197
0.394001	0.043214	0.000800	2715597.370406	3965.000000	2.670870
0.395001	0.042622	0.000786	2695938.485143	3991.000000	2.634177
0.396001	0.042501	0.000790	2675508.221073	3972.000000	2.626636
0.397001	0.041894	0.000785	2621994.468247	3949.000000	2.589010
0.398001	0.042858	0.000795	2719020.193131	4003.000000	2.648514
0.399001	0.042934	0.000790	2736804.598353	4022.000000	2.653158
0.400001	0.042180	0.000782	2684058.255220	4015.000000	2.606476
0.401001	0.042614	0.000788	2712357.437607	4016.000000	2.633217
0.402001	0.042215	0.000778	2713727.463170	4056.000000	2.608481
0.403001	0.042618	0.000789	2718689.423054	4025.000000	2.633292
0.404001	0.042615	0.000790	2706977.740975	4008.000000	2.632984
0.405001	0.041439	0.000766	2648066.413237	4032.000000	2.560268
0.406001	0.041977	0.000777	2657130.743998	3994.000000	2.593390
0.407001	0.042010	0.000781	2663887.480521	4001.000000	2.595351
0.408001	0.041712	0.000778	2640372.847703	3994.000000	2.576865
0.409001	0.042509	0.000791	2664575.429153	3955.000000	2.626043
0.410001	0.041895	0.000780	2622074.000429	3949.000000	2.587997
0.411001	0.041956	0.000785	2610615.193371	3926.000000	2.591696
0.412001	0.041235	0.000795	2442897.389194	3738.000000	2.547084
0.413001	0.042267	0.000840	2319816.532355	3463.000000	2.610742
0.414001	0.041708	0.000849	2184666.846394	3305.000000	2.576097
0.415001	0.041558	0.000862	2110323.597801	3204.000000	2.566792
0.416001	0.041373	0.000872	2046497.687632	3121.000000	2.555271
0.417001	0.042238	0.000908	1997551.223197	2984.000000	2.608579
0.418001	0.042196	0.000907	1998902.088478	2989.000000	2.605888
0.419001	0.041820	0.000868	2130882.434134	3215.000000	2.582582
0.420001	0.042151	0.000863	2202559.075151	3297.000000	2.602972
0.421001	0.041240	0.000841	2195446.928529	3359.000000	2.546591
0.422001	0.040822	0.000823	2202964.466346	3405.000000	2.520705
0.423001	0.040991	0.000815	2281581.595990	3512.000000	2.531036
0.424001	0.041469	0.000830	2302964.511913	3504.000000	2.560502
0.425001	0.041199	0.000812	2305610.028100	3531.000000	2.543755
0.426001	0.041748	0.000823	2358826.147112	3565.000000	2.577560
0.427001	0.040948	0.000813	2314239.428877	3566.000000	2.528043
0.428001	0.041108	0.000816	2306360.263219	3540.000000	2.537853
0.429001	0.041496	0.000820	2349826.647248	3573.000000	2.561713
0.430001	0.040841	0.000815	2287521.203748	3534.000000	2.521222
0.431001	0.040796	0.000797	2328936.245608	3602.000000	2.518323
0.432001	0.041573	0.000818	2368043.967326	3594.000000	2.566221
0.433001	0.040090	0.000791	2273381.102390	3578.000000	2.474567
0.434001	0.040848	0.000803	2342275.534447	3618.000000	2.521282
0.435001	0.040626	0.000799	2326949.626344	3614.000000	2.507471
0.436001	0.039821	0.000777	2298527.322930	3642.000000	2.457716
0.437001	0.041483	0.000806	2423412.342552	3686.000000	2.560228
0.438001	0.040672	0.000793	2372136.071901	3680.000000	2.510054
0.439001	0.040411	0.000780	2406889.877483	3758.000000	2.493880
0.440001	0.040646	0.000779	2415708.057291	3750.000000	2.508267
0.441001	0.040572	0.000785	2402951.538661	3737.000000	2.503613
0.442001	0.041375	0.000792	2489850.195392	3797.000000	2.553068
0.443001	0.040341	0.000781	2400810.903688	3755.000000	2.489214
0.444001	0.039926	0.000769	2367247.189508	3741.000000	2.463512
0.445001	0.041006	0.000783	2454667.867248	3777.000000	2.530050
0.446001	0.040542	0.000782	2423673.765231	3772.000000	2.501326
0.447001	0.040265	0.000771	2413485.135604	3782.000000	2.484135
0.448001	0.040035	0.000767	2411774.133575	3801.000000	2.469876
0.449001	0.039966	0.000771	2381032.030783	3759.000000	2.465549
0.450001	0.039899	0.000771	2393450.050715	3785.000000	2.461295
0.451001	0.040659	0.000782	2433874.232578	3777.000000	2.508075
0.452001	0.040078	0.000778	2382575.259149	3751.000000	2.472141
0.453001	0.040318	0.000774	2431995.488485	3806.000000	2.486863
0.454001	0.040706	0.000779	2437994.245021	3779.000000	2.510717
0.455001	0.040728	0.000779	2453501.248171	3801.000000	2.511971
0.456001	0.040328	0.000773	2421727.013215	3789.000000	2.487200
0.457001	0.039453	0.000762	2348575.403759	3756.000000	2.433174
0.458001	0.040005	0.000769	2409311.881774	3800.000000	2.467105
0.459001	0.040508	0.000780	2436386.421806	3795.000000	2.498024
0.460001	0.039958	0.000775	2378647.760150	3756.000000	2.464058
0.461001	0.039791	0.000760	2422944.884845	3842.000000	2.453670
0.462001	0.039785	0.000771	2372142.597410	3762.000000	2.453216
0.463001	0.039987	0.000768	2398705.741341	3785.000000	2.465522
0.464001	0.039208	0.000753	2366921.296994	3809.000000	2.417432
0.465001	0.040104	0.000777	2400684.713731	3777.000000	2.472597
0.466001	0.039185	0.000760	2358100.606967	3797.000000	2.415855
0.467001	0.040270	0.000775	2422715.938289	3796.000000	2.482613
0.468001	0.040281	0.000771	2415094.936382	3783.000000	2.483214
0.469001	0.039837	0.000763	2420070.266965	3833.000000	2.455779
0.470001	0.039768	0.000759	2412705.505649	3828.000000	2.451411
0.471001	0.039179	0.000748	2403026.450935	3870.000000	2.414987
0.472001	0.039120	0.000749	2404403.858506	3878.000000	2.411294
0.473001	0.040009	0.000764	2443836.951926	3854.000000	2.466009
0.474001	0.038989	0.000738	2411786.499365	3903.000000	2.403023
0.475001	0.039212	0.000748	2411879.515399	3881.000000	2.416645
0.476001	0.039343	0.000754	2403741.449075	3855.000000	2.424643
0.477001	0.039840	0.000763	2451154.009784	3882.000000	2.455178
0.478001	0.039686	0.000755	2434788.572937	3871.000000	2.445621
0.479001	0.040296	0.000768	2436425.006767	3815.000000	2.483093
0.480001	0.039717	0.000757	2425974.547949	3854.000000	2.447327
0.481001	0.039125	0.000757	2344530.208964	3781.000000	2.410738
0.482001	0.039442	0.000750	2381661.727375	3810.000000	2.430184
0.483001	0.039492	0.000759	2382783.835249	3807.000000	2.433149
0.484001	0.038818	0.000754	2317536.067950	3767.000000	2.391558
0.485001	0.039633	0.000761	2395060.296417	3813.000000	2.441647
0.486001	0.039192	0.000759	2357849.631479	3796.000000	2.414384
0.487001	0.038986	0.000750	2343019.623399	3792.000000	2.401635
0.488001	0.039384	0.000758	2383763.130561	3819.000000	2.426028
0.489001	0.039829	0.000764	2375365.903760	3763.000000	2.453362
0.490001	0.038887	0.000745	2359249.664321	3828.000000	2.395246
0.491001	0.038717	0.000743	2333611.523965	3803.000000	2.384696
0.492001	0.038943	0.000751	2329328.713442	3774.000000	2.398516
0.493001	0.039821	0.000803	2177334.219451	3450.000000	2.452464
0.494001	0.039538	0.000822	2028415.981296	3237.000000	2.434971
0.495001	0.039257	0.000839	1928126.627563	3099.000000	2.417554
0.496001	0.038478	0.000844	1815476.277069	2977.000000	2.369499
0.497001	0.038337	0.000853	1745027.979020	2872.000000	2.360724
0.498001	0.038851	0.000872	1706232.368758	2771.000000	2.392277
0.499001	0.038925	0.000865	1774254.590228	2876.000000	2.396732
0.500001	0.039847	0.000850	1951423.760847	3090.000000	2.453398
0.501001	0.038615	0.000806	1978016.459661	3232.000000	2.377475
0.502001	0.039064	0.000800	2082098.134704	3363.000000	2.404996
0.503001	0.039414	0.000803	2131353.051856	3412.000000	2.426436
0.504001	0.038039	0.000771	2110071.573491	3500.000000	2.341714
0.505001	0.038212	0.000768	2121485.298287	3503.000000	2.352269
0.506001	0.038478	0.000773	2166114.769291	3552.000000	2.368525
0.507001	0.037783	0.000756	2138394.511622	3571.000000	2.325679
0.508001	0.037970	0.000759	2108612.767569	3504.000000	2.337043
0.509001	0.038689	0.000764	2205005.549248	3596.000000	2.381257
0.510001	0.038367	0.000762	2167756.470509	3565.000000	2.361290
0.511001	0.037955	0.000757	2136684.659723	3552.000000	2.335867
0.512001	0.038126	0.000752	2193430.560484	3630.000000	2.346281
0.513001	0.037717	0.000748	2152571.328390	3601.000000	2.321022
0.514001	0.038609	0.000763	2194900.015417	3587.000000	2.375802
0.515001	0.039394	0.000775	2279472.779625	3651.000000	2.423993
0.516001	0.038412	0.000754	2200748.990948	3615.000000	2.363485
0.517001	0.038733	0.000764	2219129.069940	3615.000000	2.383126
0.518001	0.037703	0.000740	2183415.017724	3654.000000	2.319650
0.519001	0.038331	0.000762	2197932.306113	3618.000000	2.358209
0.520001	0.039022	0.000767	2261656.220350	3657.000000	2.400602
0.521001	0.038419	0.000757	2236503.964069	3673.000000	2.363463
0.522001	0.038809	0.000768	2229641.490726	3625.000000	2.387310
0.523001	0.038099	0.000743	2225097.131998	3685.000000	2.343555
0.524001	0.038411	0.000756	2234209.379818	3670.000000	2.362670
0.525001	0.038544	0.000756	2227862.141512	3647.000000	2.370716
0.526001	0.038663	0.000756	2261713.242497	3691.000000	2.377946
0.527001	0.037888	0.000751	2171357.663947	3616.000000	2.330199
0.528001	0.037891	0.000744	2230979.219271	3715.000000	2.330283
0.529001	0.038829	0.000758	2273856.639441	3695.000000	2.387821
0.530001	0.038424	0.000762	2215448.715096	3638.000000	2.362837
0.531001	0.037957	0.000740	2236677.960557	3718.000000	2.334051
0.532001	0.038116	0.000749	2230330.524416	3692.000000	2.343716
0.533001	0.037980	0.000747	2210320.262302	3672.000000	2.335240
0.534001	0.038041	0.000743	2230778.870019	3700.000000	2.338919
0.535001	0.038825	0.000760	2265676.709658	3682.000000	2.387018
0.536001	0.038120	0.000743	2224525.637343	3682.000000	2.343563
0.537001	0.038516	0.000748	2273864.047089	3725.000000	2.367785
0.538001	0.038436	0.000755	2236836.402493	3672.000000	2.362745
0.539001	0.038684	0.000751	2277670.572810	3715.000000	2.377927
0.540001	0.038226	0.000747	2254307.057601	3721.000000	2.349637
0.541001	0.037224	0.000731	2167508.025593	3674.000000	2.287970
0.542001	0.037831	0.000742	2227426.717312	3715.000000	2.325168
0.543001	0.038328	0.000747	2254859.471848	3712.000000	2.355603
0.544001	0.038221	0.000747	2237679.416068	3694.000000	2.348944
0.545001	0.038865	0.000753	2312309.547826	3754.000000	2.388386
0.546001	0.038099	0.000738	2268566.819790	3757.000000	2.341230
0.547001	0.038236	0.000735	2291879.598979	3782.000000	2.349551
0.548001	0.037485	0.000728	2250453.548934	3788.000000	2.303326
0.549001	0.038552	0.000745	2311427.267375	3783.000000	2.368755
0.550001	0.038289	0.000728	2336293.835159	3850.000000	2.352468
0.551001	0.038300	0.000736	2317565.806456	3818.000000	2.353064
0.552001	0.037718	0.000725	2276391.712079	3808.000000	2.317227
0.553001	0.038461	0.000741	2322415.870267	3810.000000	2.362730
0.554001	0.038390	0.000746	2299299.761119	3779.000000	2.358296
0.555001	0.038291	0.000739	2289081.264442	3772.000000	2.352068
0.556001	0.038486	0.000746	2297699.383283	3767.000000	2.363950
0.557001	0.038921	0.000756	2288512.534998	3710.000000	2.390566
0.558001	0.037506	0.000728	2248101.476014	3782.000000	2.303543
0.559001	0.037508	0.000730	2236333.172121	3762.000000	2.303562
0.560001	0.038053	0.000745	2241078.913734	3716.000000	2.336921
0.561001	0.038718	0.000743	2334863.049286	3805.000000	2.377661
0.562001	0.037986	0.000737	2258831.737814	3752.000000	2.332623
0.563001	0.038002	0.000742	2248351.123460	3733.000000	2.333512
0.564001	0.037889	0.000734	2268070.509879	3777.000000	2.326450
0.565001	0.037573	0.000731	2240812.106421	3763.000000	2.306936
0.566001	0.038482	0.000743	2302351.559602	3775.000000	2.362649
0.567001	0.037898	0.000735	2294454.613967	3820.000000	2.326702
0.568001	0.038395	0.000739	2314179.631068	3803.000000	2.357087
0.569001	0.038717	0.000741	2359982.571985	3846.000000	2.376755
0.570001	0.037862	0.000721	2349247.493624	3915.000000	2.324138
0.571001	0.037594	0.000720	2310624.709023	3878.000000	2.307633
0.572001	0.037635	0.000714	2364438.991846	3964.000000	2.310040
0.573001	0.038141	0.000734	2294052.157643	3795.000000	2.340975
0.574001	0.038006	0.000769	2093768.807874	3476.000000	2.332566
0.575001	0.038615	0.000806	1995732.122778	3261.000000	2.369825
0.576001	0.038647	0.000827	1888388.816438	3083.000000	2.371716
0.577001	0.038255	0.000844	1755208.939682	2895.000000	2.347496
0.578001	0.038444	0.000871	1668248.859202	2738.000000	2.359021
0.579001	0.038489	0.000899	1587222.701384	2602.000000	2.361645
0.580001	0.036940	0.000895	1443160.710242	2465.000000	2.266531
0.581001	0.037657	0.000918	1421013.605296	2381.000000	2.310374
0.582001	0.038593	0.000962	1387238.838890	2268.000000	2.367725
0.583001	0.039431	0.001009	1342352.341097	2148.000000	2.418994
0.584001	0.038880	0.001024	1254574.205129	2036.000000	2.385069
0.585001	0.037352	0.001017	1140176.636528	1926.000000	2.291277
0.586001	0.038678	0.001076	1112584.136207	1815.000000	2.372452
0.587001	0.038379	0.001094	1048038.054408	1723.000000	2.354034
0.588001	0.038053	0.001125	973408.621386	1614.000000	2.333953
0.589001	0.039725	0.001211	945028.949750	1501.000000	2.436376
0.590001	0.038789	0.001234	864961.407933	1407.000000	2.378820
0.591001	0.037965	0.001261	781008.950292	1298.000000	2.328197
0.592001	0.039215	0.001367	730906.237279	1176.000000	2.404762
0.593001	0.038003	0.001362	656503.266569	1090.000000	2.330275
0.594001	0.038991	0.001476	602512.391673	975.000000	2.390769
0.595001	0.039151	0.001571	545414.921824	879.000000	2.400455
0.596001	0.038647	0.001630	480815.356683	785.000000	2.369427
0.597001	0.037128	0.001698	398372.285016	677.000000	2.276219
0.598001	0.039311	0.001959	338929.902944	544.000000	2.409926
0.599001	0.036954	0.002127	258281.332252	441.000000	2.265306
0.600001	0.038840	0.002706	185899.475633	302.000000	2.380795
0.601001	0.039880	0.003633	108080.082471	171.000000	2.444444
0.602001	0.038651	0.004706	51456.821952	84.000000	2.369048
0.603001	0.040360	0.010552	12153.628213	19.000000	2.473684
0.604001	0.000000	0.000000	0.000000	0.000000	0.000000
0.605001	0.000000	0.000000	0.000000	0.000000	0.000000
0.606001	0.000000	0.000000	0.000000	0.000000	0.000000
0.607001	0.000000	0.000000	0.000000	0.000000	0.000000
0.608001	0.000000	0.000000	0.000000	0.000000	0.000000
0.609001	0.000000	0.000000	0.000000	0.000000	0.000000
0.610001	0.000000	0.000000	0.000000	0.000000	0.000000
0.611001	0.000000	0.000000	0.000000	0.000000	0.000000
0.612001	0.000000	0.000000	0.000000	0.000000	0.000000
0.613001	0.000000	0.000000	0.000000	0.000000	0.000000
0.614001	0.000000	0.000000	0.000000	0.000000	0.000000
0.615001	0.000000	0.000000	0.000000	0.000000	0.000000
0.616001	0.000000	0.000000	0.000000	0.000000	0.000000
0.617001	0.000000	0.000000	0.000000	0.000000	0.000000
0.618001	0.000000	0.000000	0.000000	0.000000	0.000000
0.619001	0.000000	0.000000	0.000000	0.000000	0.000000
0.620001	0.000000	0.000000	0.000000	0.000000	0.000000
0.621001	0.000000	0.000000	0.000000	0.000000	0.000000
0.622001	0.000000	0.000000	0.000000	0.000000	0.000000
0.623001	0.000000	0.000000	0.000000	0.000000	0.000000
0.624001	0.000000	0.000000	0.000000	0.000000	0.000000
0.625001	0.000000	0.000000	0.000000	0.000000	0.000000
0.626001	0.000000	0.000000	0.000000	0.000000	0.000000
0.627001	0.000000	0.000000	0.000000	0.000000	0.000000
0.628001	0.000000	0.000000	0.000000	0.000000	0.000000
0.629001	0.000000	0.000000	0.000000	0.000000	0.000000
0.630001	0.000000	0.000000	0.000000	0.000000	0.000000
