S-value 51	   
0.00000E+00	   
6.00000E-03	   
1.20000E-02	   
1.80000E-02	   
2.40000E-02	   
3.00000E-02	   
3.60000E-02	   
4.20000E-02	   
4.80000E-02	   
5.40000E-02	   
6.00000E-02	   
6.60000E-02	   
7.20000E-02	   
7.80000E-02	   
8.40000E-02	   
9.00000E-02	   
9.60000E-02	   
1.02000E-01	   
1.08000E-01	   
1.14000E-01	   
1.20000E-01	   
1.26000E-01	   
1.32000E-01	   
1.38000E-01	   
1.44000E-01	   
1.50000E-01	   
1.56000E-01	   
1.62000E-01	   
1.68000E-01	   
1.74000E-01	   
1.80000E-01	   
1.86000E-01	   
1.92000E-01	   
1.98000E-01	   
2.04000E-01	   
2.10000E-01	   
2.16000E-01	   
2.22000E-01	   
2.28000E-01	   
2.34000E-01	   
2.40000E-01	   
2.46000E-01	   
2.52000E-01	   
2.58000E-01	   
2.64000E-01	   
2.70000E-01	   
2.76000E-01	   
2.82000E-01	   
2.88000E-01	   
2.94000E-01	   
3.00000E-01	   
0000.pdb	   
1.14950E+07	   
1.12550E+07	   
1.05610E+07	   
9.48550E+06	   
8.13770E+06	   
6.64830E+06	   
5.15060E+06	   
3.76420E+06	   
2.58010E+06	   
1.65290E+06	   
9.98390E+05	   
5.97470E+05	   
4.04730E+05	   
3.60070E+05	   
4.00580E+05	   
4.70920E+05	   
5.30450E+05	   
5.56330E+05	   
5.42900E+05	   
4.97850E+05	   
4.36690E+05	   
3.76900E+05	   
3.32950E+05	   
3.13170E+05	   
3.18700E+05	   
3.44410E+05	   
3.81180E+05	   
4.18710E+05	   
4.48210E+05	   
4.64190E+05	   
4.65190E+05	   
4.53430E+05	   
4.33580E+05	   
4.11150E+05	   
3.90990E+05	   
3.76120E+05	   
3.67300E+05	   
3.63250E+05	   
3.61290E+05	   
3.58340E+05	   
3.51830E+05	   
3.40370E+05	   
3.24020E+05	   
3.04130E+05	   
2.82890E+05	   
2.62710E+05	   
2.45590E+05	   
2.32730E+05	   
2.24280E+05	   
2.19470E+05	   
2.16860E+05	   
0001.pdb	   
1.12400E+07	   
1.09800E+07	   
1.02330E+07	   
9.08580E+06	   
7.66730E+06	   
6.12880E+06	   
4.61980E+06	   
3.26670E+06	   
2.15810E+06	   
1.33660E+06	   
8.00300E+05	   
5.10770E+05	   
4.06440E+05	   
4.17420E+05	   
4.78950E+05	   
5.41210E+05	   
5.74040E+05	   
5.66880E+05	   
5.24800E+05	   
4.62380E+05	   
3.97190E+05	   
3.44450E+05	   
3.13730E+05	   
3.07890E+05	   
3.23940E+05	   
3.55080E+05	   
3.93100E+05	   
4.30440E+05	   
4.61430E+05	   
4.82780E+05	   
4.93350E+05	   
4.93540E+05	   
4.84590E+05	   
4.68110E+05	   
4.45730E+05	   
4.19120E+05	   
3.89970E+05	   
3.60090E+05	   
3.31310E+05	   
3.05320E+05	   
2.83470E+05	   
2.66550E+05	   
2.54660E+05	   
2.47260E+05	   
2.43320E+05	   
2.41560E+05	   
2.40710E+05	   
2.39770E+05	   
2.38060E+05	   
2.35300E+05	   
2.31490E+05	   
0010.pdb	   
1.08980E+07	   
1.06460E+07	   
9.92060E+06	   
8.80850E+06	   
7.43940E+06	   
5.96200E+06	   
4.52100E+06	   
3.23620E+06	   
2.18820E+06	   
1.41210E+06	   
9.00550E+05	   
6.13320E+05	   
4.91280E+05	   
4.70700E+05	   
4.95300E+05	   
5.23970E+05	   
5.33510E+05	   
5.17080E+05	   
4.79620E+05	   
4.32290E+05	   
3.87210E+05	   
3.53800E+05	   
3.37010E+05	   
3.37270E+05	   
3.51510E+05	   
3.74800E+05	   
4.01750E+05	   
4.27510E+05	   
4.48370E+05	   
4.61870E+05	   
4.66730E+05	   
4.62790E+05	   
4.50820E+05	   
4.32420E+05	   
4.09860E+05	   
3.85750E+05	   
3.62600E+05	   
3.42440E+05	   
3.26430E+05	   
3.14670E+05	   
3.06310E+05	   
2.99830E+05	   
2.93510E+05	   
2.85920E+05	   
2.76290E+05	   
2.64660E+05	   
2.51830E+05	   
2.39060E+05	   
2.27730E+05	   
2.18970E+05	   
2.13340E+05	   
0011.pdb	   
1.12910E+07	   
1.10250E+07	   
1.02620E+07	   
9.09090E+06	   
7.64630E+06	   
6.08410E+06	   
4.55770E+06	   
3.19650E+06	   
2.08940E+06	   
1.27780E+06	   
7.56860E+05	   
4.84980E+05	   
3.97420E+05	   
4.21970E+05	   
4.92760E+05	   
5.60020E+05	   
5.94520E+05	   
5.87120E+05	   
5.44280E+05	   
4.81610E+05	   
4.17160E+05	   
3.66070E+05	   
3.37340E+05	   
3.33000E+05	   
3.49190E+05	   
3.78320E+05	   
4.11650E+05	   
4.41440E+05	   
4.62250E+05	   
4.71520E+05	   
4.69230E+05	   
4.57270E+05	   
4.38540E+05	   
4.16240E+05	   
3.93210E+05	   
3.71660E+05	   
3.52990E+05	   
3.37810E+05	   
3.26010E+05	   
3.16970E+05	   
3.09740E+05	   
3.03250E+05	   
2.96560E+05	   
2.89060E+05	   
2.80520E+05	   
2.71120E+05	   
2.61340E+05	   
2.51750E+05	   
2.42860E+05	   
2.34930E+05	   
2.27910E+05	   
0100.pdb	   
1.11630E+07	   
1.09130E+07	   
1.01940E+07	   
9.08520E+06	   
7.71220E+06	   
6.21750E+06	   
4.74360E+06	   
3.41200E+06	   
2.30840E+06	   
1.47600E+06	   
9.15540E+05	   
5.93460E+05	   
4.53820E+05	   
4.32150E+05	   
4.68020E+05	   
5.14150E+05	   
5.41000E+05	   
5.36780E+05	   
5.03930E+05	   
4.53660E+05	   
4.00080E+05	   
3.55490E+05	   
3.27580E+05	   
3.18510E+05	   
3.25920E+05	   
3.44690E+05	   
3.68950E+05	   
3.93710E+05	   
4.15630E+05	   
4.33090E+05	   
4.45660E+05	   
4.53440E+05	   
4.56470E+05	   
4.54480E+05	   
4.47050E+05	   
4.33860E+05	   
4.15180E+05	   
3.92000E+05	   
3.66100E+05	   
3.39670E+05	   
3.14960E+05	   
2.93690E+05	   
2.76780E+05	   
2.64190E+05	   
2.55100E+05	   
2.48220E+05	   
2.42240E+05	   
2.36140E+05	   
2.29500E+05	   
2.22470E+05	   
2.15600E+05	   
0101.pdb	   
1.10190E+07	   
1.07560E+07	   
9.99900E+06	   
8.83990E+06	   
7.41370E+06	   
5.87690E+06	   
4.38310E+06	   
3.06050E+06	   
1.99590E+06	   
1.22740E+06	   
7.46260E+05	   
5.06700E+05	   
4.40700E+05	   
4.74290E+05	   
5.41770E+05	   
5.95650E+05	   
6.10710E+05	   
5.82730E+05	   
5.22940E+05	   
4.50540E+05	   
3.85120E+05	   
3.41030E+05	   
3.24440E+05	   
3.33240E+05	   
3.59290E+05	   
3.91830E+05	   
4.20850E+05	   
4.39630E+05	   
4.45830E+05	   
4.41160E+05	   
4.29920E+05	   
4.17200E+05	   
4.07060E+05	   
4.01460E+05	   
4.00000E+05	   
4.00370E+05	   
3.99350E+05	   
3.93930E+05	   
3.82270E+05	   
3.64130E+05	   
3.40880E+05	   
3.15030E+05	   
2.89530E+05	   
2.67010E+05	   
2.49220E+05	   
2.36790E+05	   
2.29250E+05	   
2.25300E+05	   
2.23310E+05	   
2.21720E+05	   
2.19420E+05	   
0110.pdb	   
1.09350E+07	   
1.06750E+07	   
9.92590E+06	   
8.78120E+06	   
7.37600E+06	   
5.86670E+06	   
4.40440E+06	   
3.11330E+06	   
2.07470E+06	   
1.32160E+06	   
8.41630E+05	   
5.88270E+05	   
4.96100E+05	   
4.96610E+05	   
5.31260E+05	   
5.59540E+05	   
5.61290E+05	   
5.34140E+05	   
4.87600E+05	   
4.36200E+05	   
3.93360E+05	   
3.67420E+05	   
3.60370E+05	   
3.68680E+05	   
3.85620E+05	   
4.03940E+05	   
4.18010E+05	   
4.24920E+05	   
4.24530E+05	   
4.18690E+05	   
4.10080E+05	   
4.01120E+05	   
3.93350E+05	   
3.87190E+05	   
3.82220E+05	   
3.77540E+05	   
3.72290E+05	   
3.65840E+05	   
3.57940E+05	   
3.48540E+05	   
3.37750E+05	   
3.25660E+05	   
3.12330E+05	   
2.97840E+05	   
2.82440E+05	   
2.66560E+05	   
2.50870E+05	   
2.36160E+05	   
2.23190E+05	   
2.12530E+05	   
2.04420E+05	   
0111.pdb	   
1.06790E+07	   
1.04050E+07	   
9.62180E+06	   
8.43120E+06	   
6.98330E+06	   
5.44860E+06	   
3.98840E+06	   
2.73020E+06	   
1.75210E+06	   
1.07740E+06	   
6.81390E+05	   
5.05190E+05	   
4.74180E+05	   
5.15350E+05	   
5.70610E+05	   
6.03630E+05	   
6.00370E+05	   
5.64370E+05	   
5.09480E+05	   
4.52230E+05	   
4.06000E+05	   
3.77910E+05	   
3.68490E+05	   
3.73390E+05	   
3.86090E+05	   
4.00440E+05	   
4.12260E+05	   
4.19950E+05	   
4.23960E+05	   
4.25750E+05	   
4.26710E+05	   
4.27360E+05	   
4.27130E+05	   
4.24650E+05	   
4.18280E+05	   
4.06840E+05	   
3.90080E+05	   
3.68880E+05	   
3.45130E+05	   
3.21290E+05	   
2.99860E+05	   
2.82770E+05	   
2.71020E+05	   
2.64440E+05	   
2.61820E+05	   
2.61240E+05	   
2.60540E+05	   
2.57830E+05	   
2.51980E+05	   
2.42770E+05	   
2.30940E+05	   
1000.pdb	   
1.10030E+07	   
1.07500E+07	   
1.00230E+07	   
8.90830E+06	   
7.53530E+06	   
6.05130E+06	   
4.59900E+06	   
3.29660E+06	   
2.22280E+06	   
1.41320E+06	   
8.62660E+05	   
5.36150E+05	   
3.81350E+05	   
3.41770E+05	   
3.66820E+05	   
4.17710E+05	   
4.69080E+05	   
5.07320E+05	   
5.27300E+05	   
5.28940E+05	   
5.14640E+05	   
4.87970E+05	   
4.53350E+05	   
4.16060E+05	   
3.82100E+05	   
3.57400E+05	   
3.46660E+05	   
3.52000E+05	   
3.72130E+05	   
4.02250E+05	   
4.35040E+05	   
4.62330E+05	   
4.77100E+05	   
4.75180E+05	   
4.56150E+05	   
4.23290E+05	   
3.82570E+05	   
3.41000E+05	   
3.04960E+05	   
2.78830E+05	   
2.64260E+05	   
2.60280E+05	   
2.63900E+05	   
2.71150E+05	   
2.78120E+05	   
2.81730E+05	   
2.80250E+05	   
2.73290E+05	   
2.61580E+05	   
2.46640E+05	   
2.30250E+05	   
1001.pdb	   
1.09720E+07	   
1.06850E+07	   
9.86530E+06	   
8.61870E+06	   
7.10450E+06	   
5.50200E+06	   
3.98230E+06	   
2.68110E+06	   
1.68130E+06	   
1.00750E+06	   
6.31410E+05	   
4.87420E+05	   
4.91870E+05	   
5.62790E+05	   
6.35180E+05	   
6.69430E+05	   
6.52380E+05	   
5.92180E+05	   
5.09480E+05	   
4.27920E+05	   
3.66390E+05	   
3.34640E+05	   
3.32600E+05	   
3.52640E+05	   
3.83470E+05	   
4.14170E+05	   
4.37060E+05	   
4.48950E+05	   
4.50670E+05	   
4.45540E+05	   
4.37400E+05	   
4.29110E+05	   
4.21730E+05	   
4.14630E+05	   
4.06260E+05	   
3.95070E+05	   
3.80370E+05	   
3.62610E+05	   
3.43320E+05	   
3.24490E+05	   
3.07930E+05	   
2.94710E+05	   
2.84870E+05	   
2.77570E+05	   
2.71420E+05	   
2.65030E+05	   
2.57470E+05	   
2.48530E+05	   
2.38670E+05	   
2.28850E+05	   
2.20120E+05	   
1010.pdb	   
1.14610E+07	   
1.12210E+07	   
1.05260E+07	   
9.44730E+06	   
8.09160E+06	   
6.58750E+06	   
5.06800E+06	   
3.65370E+06	   
2.43920E+06	   
1.48400E+06	   
8.09630E+05	   
4.02010E+05	   
2.19250E+05	   
2.02020E+05	   
2.85090E+05	   
4.07930E+05	   
5.22610E+05	   
5.98370E+05	   
6.22380E+05	   
5.97390E+05	   
5.37120E+05	   
4.60730E+05	   
3.87480E+05	   
3.32560E+05	   
3.04650E+05	   
3.05310E+05	   
3.29970E+05	   
3.69970E+05	   
4.14990E+05	   
4.55450E+05	   
4.84120E+05	   
4.97110E+05	   
4.93910E+05	   
4.76790E+05	   
4.49790E+05	   
4.17640E+05	   
3.84770E+05	   
3.54600E+05	   
3.29250E+05	   
3.09500E+05	   
2.95060E+05	   
2.84900E+05	   
2.77690E+05	   
2.72080E+05	   
2.66950E+05	   
2.61500E+05	   
2.55300E+05	   
2.48210E+05	   
2.40340E+05	   
2.31940E+05	   
2.23320E+05	   
1011.pdb	   
1.15640E+07	   
1.13200E+07	   
1.06130E+07	   
9.51690E+06	   
8.14170E+06	   
6.61980E+06	   
5.08730E+06	   
3.66720E+06	   
2.45480E+06	   
1.50890E+06	   
8.48810E+05	   
4.57580E+05	   
2.89860E+05	   
2.83250E+05	   
3.70340E+05	   
4.89610E+05	   
5.93480E+05	   
6.52690E+05	   
6.56750E+05	   
6.11050E+05	   
5.31840E+05	   
4.40260E+05	   
3.56730E+05	   
2.96720E+05	   
2.68370E+05	   
2.72130E+05	   
3.02030E+05	   
3.47990E+05	   
3.98580E+05	   
4.43450E+05	   
4.75130E+05	   
4.89870E+05	   
4.87560E+05	   
4.71030E+05	   
4.44820E+05	   
4.13990E+05	   
3.83020E+05	   
3.55180E+05	   
3.32200E+05	   
3.14400E+05	   
3.01030E+05	   
2.90760E+05	   
2.82140E+05	   
2.74020E+05	   
2.65670E+05	   
2.56900E+05	   
2.47950E+05	   
2.39300E+05	   
2.31480E+05	   
2.24910E+05	   
2.19790E+05	   
1100.pdb	   
1.12560E+07	   
1.09970E+07	   
1.02530E+07	   
9.10800E+06	   
7.68870E+06	   
6.14450E+06	   
4.62410E+06	   
3.25540E+06	   
2.12980E+06	   
1.29400E+06	   
7.49940E+05	   
4.61690E+05	   
3.68220E+05	   
3.97850E+05	   
4.82210E+05	   
5.66930E+05	   
6.17560E+05	   
6.20610E+05	   
5.80200E+05	   
5.11970E+05	   
4.36080E+05	   
3.70970E+05	   
3.29090E+05	   
3.15030E+05	   
3.26130E+05	   
3.54670E+05	   
3.90770E+05	   
4.25240E+05	   
4.51540E+05	   
4.66550E+05	   
4.70370E+05	   
4.65250E+05	   
4.54330E+05	   
4.40380E+05	   
4.25180E+05	   
4.09310E+05	   
3.92460E+05	   
3.74030E+05	   
3.53670E+05	   
3.31730E+05	   
3.09290E+05	   
2.87970E+05	   
2.69490E+05	   
2.55170E+05	   
2.45630E+05	   
2.40590E+05	   
2.38950E+05	   
2.39080E+05	   
2.39270E+05	   
2.38030E+05	   
2.34460E+05	   
1101.pdb	   
1.06330E+07	   
1.03450E+07	   
9.52230E+06	   
8.27870E+06	   
6.78070E+06	   
5.21290E+06	   
3.74750E+06	   
2.51530E+06	   
1.58950E+06	   
9.82030E+05	   
6.53660E+05	   
5.31870E+05	   
5.32790E+05	   
5.80850E+05	   
6.22070E+05	   
6.29160E+05	   
5.98910E+05	   
5.44170E+05	   
4.83960E+05	   
4.34810E+05	   
4.05530E+05	   
3.96160E+05	   
4.00200E+05	   
4.08740E+05	   
4.14420E+05	   
4.13970E+05	   
4.08480E+05	   
4.01960E+05	   
3.98900E+05	   
4.01940E+05	   
4.10640E+05	   
4.21660E+05	   
4.30040E+05	   
4.31210E+05	   
4.22620E+05	   
4.04670E+05	   
3.80450E+05	   
3.54590E+05	   
3.31660E+05	   
3.14710E+05	   
3.04470E+05	   
2.99340E+05	   
2.96240E+05	   
2.91800E+05	   
2.83590E+05	   
2.70840E+05	   
2.54600E+05	   
2.37190E+05	   
2.21410E+05	   
2.09550E+05	   
2.02750E+05	   
1110.pdb	   
1.10610E+07	   
1.07960E+07	   
1.00350E+07	   
8.86720E+06	   
7.42790E+06	   
5.87320E+06	   
4.35750E+06	   
3.01120E+06	   
1.92420E+06	   
1.13820E+06	   
6.47870E+05	   
4.09770E+05	   
3.56450E+05	   
4.12460E+05	   
5.08780E+05	   
5.93330E+05	   
6.36000E+05	   
6.28310E+05	   
5.78790E+05	   
5.05940E+05	   
4.30790E+05	   
3.70820E+05	   
3.36250E+05	   
3.29150E+05	   
3.44730E+05	   
3.74100E+05	   
4.07390E+05	   
4.36350E+05	   
4.55860E+05	   
4.64280E+05	   
4.62780E+05	   
4.54090E+05	   
4.41280E+05	   
4.26720E+05	   
4.11750E+05	   
3.96670E+05	   
3.81200E+05	   
3.64950E+05	   
3.47870E+05	   
3.30380E+05	   
3.13290E+05	   
2.97520E+05	   
2.83800E+05	   
2.72430E+05	   
2.63200E+05	   
2.55530E+05	   
2.48650E+05	   
2.41860E+05	   
2.34770E+05	   
2.27340E+05	   
2.19860E+05	   
1111.pdb	   
1.13470E+07	   
1.10920E+07	   
1.03570E+07	   
9.22300E+06	   
7.81250E+06	   
6.27000E+06	   
4.74080E+06	   
3.35180E+06	   
2.19620E+06	   
1.32480E+06	   
7.45230E+05	   
4.27750E+05	   
3.16220E+05	   
3.41650E+05	   
4.35520E+05	   
5.40510E+05	   
6.17210E+05	   
6.46260E+05	   
6.26390E+05	   
5.69500E+05	   
4.94400E+05	   
4.20610E+05	   
3.63640E+05	   
3.32190E+05	   
3.27640E+05	   
3.45170E+05	   
3.76160E+05	   
4.10850E+05	   
4.40710E+05	   
4.59960E+05	   
4.66250E+05	   
4.60330E+05	   
4.45180E+05	   
4.24830E+05	   
4.03190E+05	   
3.83230E+05	   
3.66540E+05	   
3.53330E+05	   
3.42750E+05	   
3.33350E+05	   
3.23630E+05	   
3.12500E+05	   
2.99460E+05	   
2.84710E+05	   
2.69040E+05	   
2.53530E+05	   
2.39340E+05	   
2.27430E+05	   
2.18360E+05	   
2.12270E+05	   
2.08830E+05	   
Clam_shell.pdb	   
1.88700E+08	   
1.85920E+08	   
1.77830E+08	   
1.65040E+08	   
1.48540E+08	   
1.29550E+08	   
1.09360E+08	   
8.92700E+07	   
7.03870E+07	   
5.35850E+07	   
3.94310E+07	   
2.81760E+07	   
1.97730E+07	   
1.39410E+07	   
1.02360E+07	   
8.13610E+06	   
7.11410E+06	   
6.70290E+06	   
6.53380E+06	   
6.35590E+06	   
6.03300E+06	   
5.52550E+06	   
4.86310E+06	   
4.11430E+06	   
3.35870E+06	   
2.66600E+06	   
2.08350E+06	   
1.63230E+06	   
1.30900E+06	   
1.09340E+06	   
9.56720E+05	   
8.69300E+05	   
8.06580E+05	   
7.52010E+05	   
6.97330E+05	   
6.40900E+05	   
5.85090E+05	   
5.33500E+05	   
4.88890E+05	   
4.52130E+05	   
4.22050E+05	   
3.96170E+05	   
3.71730E+05	   
3.46670E+05	   
3.20270E+05	   
2.93290E+05	   
2.67680E+05	   
2.45890E+05	   
2.30180E+05	   
2.21910E+05	   
2.21210E+05	   
occlude.pdb	   
1.90280E+08	   
1.88200E+08	   
1.82080E+08	   
1.72250E+08	   
1.59260E+08	   
1.43810E+08	   
1.26680E+08	   
1.08720E+08	   
9.07340E+07	   
7.34620E+07	   
5.75220E+07	   
4.33790E+07	   
3.13330E+07	   
2.15150E+07	   
1.39020E+07	   
8.34170E+06	   
4.58280E+06	   
2.31310E+06	   
1.19340E+06	   
8.89160E+05	   
1.09670E+06	   
1.56080E+06	   
2.08510E+06	   
2.53400E+06	   
2.82910E+06	   
2.94060E+06	   
2.87540E+06	   
2.66530E+06	   
2.35500E+06	   
1.99230E+06	   
1.62050E+06	   
1.27380E+06	   
9.75170E+05	   
7.36290E+05	   
5.59080E+05	   
4.38150E+05	   
3.63530E+05	   
3.23300E+05	   
3.05610E+05	   
3.00250E+05	   
2.99350E+05	   
2.97720E+05	   
2.92590E+05	   
2.83120E+05	   
2.69900E+05	   
2.54310E+05	   
2.38030E+05	   
2.22700E+05	   
2.09660E+05	   
1.99850E+05	   
1.93760E+05	   
spring_like.pdb	   
1.89090E+08	   
1.86280E+08	   
1.78100E+08	   
1.65170E+08	   
1.48470E+08	   
1.29230E+08	   
1.08770E+08	   
8.83920E+07	   
6.92270E+07	   
5.21770E+07	   
3.78330E+07	   
2.64640E+07	   
1.80390E+07	   
1.22810E+07	   
8.74110E+06	   
6.88080E+06	   
6.15010E+06	   
6.05310E+06	   
6.19170E+06	   
6.28830E+06	   
6.18640E+06	   
5.83440E+06	   
5.25930E+06	   
4.53500E+06	   
3.75330E+06	   
2.99980E+06	   
2.33900E+06	   
1.80700E+06	   
1.41240E+06	   
1.14250E+06	   
9.70960E+05	   
8.67220E+05	   
8.02900E+05	   
7.56360E+05	   
7.14280E+05	   
6.70880E+05	   
6.25830E+05	   
5.81600E+05	   
5.41070E+05	   
5.06030E+05	   
4.76540E+05	   
4.51140E+05	   
4.27660E+05	   
4.04040E+05	   
3.79050E+05	   
3.52660E+05	   
3.25970E+05	   
3.00770E+05	   
2.79010E+05	   
2.62180E+05	   
2.50990E+05	 
