  0.142200E-02 -0.839630E+01  0.342613E+01
  0.213400E-02 -0.712760E+01  0.288093E+01
  0.284500E-02 -0.873757E+01  0.232806E+01
  0.355600E-02 -0.909500E+01  0.223806E+01
  0.426700E-02 -0.431990E+01  0.209244E+01
  0.497900E-02 -0.789990E+01  0.216311E+01
  0.569000E-02 -0.125080E+02  0.244277E+01
  0.640100E-02 -0.419850E+01  0.275697E+01
  0.711200E-02 -0.982160E+01  0.404377E+01
  0.782400E-02 -0.600810E+02  0.743196E+01
  0.853500E-02 -0.151325E+03  0.113690E+02
  0.924600E-02 -0.170990E+03  0.117279E+02
  0.995700E-02 -0.169119E+03  0.862118E+01
  0.106690E-01 -0.197789E+03  0.567074E+01
  0.113800E-01 -0.203924E+03  0.432466E+01
  0.120910E-01 -0.200650E+03  0.381235E+01
  0.128020E-01 -0.203640E+03  0.364105E+01
  0.135140E-01 -0.196946E+03  0.341061E+01
  0.142250E-01 -0.199231E+03  0.330968E+01
  0.149360E-01 -0.199239E+03  0.320152E+01
  0.156470E-01 -0.199655E+03  0.313231E+01
  0.163590E-01 -0.195891E+03  0.303121E+01
  0.170700E-01 -0.198342E+03  0.298917E+01
  0.177810E-01 -0.192181E+03  0.286114E+01
  0.184920E-01 -0.193491E+03  0.283104E+01
  0.192040E-01 -0.188974E+03  0.272293E+01
  0.199150E-01 -0.188245E+03  0.265361E+01
  0.206260E-01 -0.184429E+03  0.259380E+01
  0.213370E-01 -0.185703E+03  0.256227E+01
  0.220490E-01 -0.181277E+03  0.248317E+01
  0.227600E-01 -0.175699E+03  0.242096E+01
  0.234710E-01 -0.174977E+03  0.238364E+01
  0.241820E-01 -0.172332E+03  0.231743E+01
  0.248930E-01 -0.172459E+03  0.229024E+01
  0.256050E-01 -0.168462E+03  0.222748E+01
  0.263160E-01 -0.166205E+03  0.219123E+01
  0.270270E-01 -0.159552E+03  0.213934E+01
  0.277380E-01 -0.166615E+03  0.212318E+01
  0.284500E-01 -0.160948E+03  0.207567E+01
  0.291610E-01 -0.155412E+03  0.201694E+01
  0.298720E-01 -0.156851E+03  0.199438E+01
  0.305830E-01 -0.153692E+03  0.196310E+01
  0.312950E-01 -0.145788E+03  0.189245E+01
  0.320060E-01 -0.145867E+03  0.188748E+01
  0.327170E-01 -0.145462E+03  0.186625E+01
  0.334280E-01 -0.139858E+03  0.180957E+01
  0.341400E-01 -0.141139E+03  0.179279E+01
  0.348510E-01 -0.135405E+03  0.174435E+01
  0.355620E-01 -0.130620E+03  0.170066E+01
  0.362730E-01 -0.132421E+03  0.169951E+01
  0.369850E-01 -0.126805E+03  0.165470E+01
  0.376960E-01 -0.124377E+03  0.163478E+01
  0.384070E-01 -0.119047E+03  0.158518E+01
  0.391180E-01 -0.118950E+03  0.157561E+01
  0.398290E-01 -0.117265E+03  0.154905E+01
  0.405410E-01 -0.113584E+03  0.152464E+01
  0.412520E-01 -0.110901E+03  0.148551E+01
  0.419630E-01 -0.111876E+03  0.147936E+01
  0.426740E-01 -0.109015E+03  0.146238E+01
  0.433860E-01 -0.104745E+03  0.142964E+01
  0.440970E-01 -0.101490E+03  0.140679E+01
  0.448080E-01 -0.994155E+02  0.139158E+01
  0.455190E-01 -0.960687E+02  0.136310E+01
  0.462310E-01 -0.966217E+02  0.134110E+01
  0.469420E-01 -0.916653E+02  0.131760E+01
  0.476530E-01 -0.883068E+02  0.128103E+01
  0.483640E-01 -0.863643E+02  0.126527E+01
  0.490750E-01 -0.848259E+02  0.124650E+01
  0.497870E-01 -0.820381E+02  0.122968E+01
  0.504980E-01 -0.777803E+02  0.119749E+01
  0.512090E-01 -0.796372E+02  0.120244E+01
  0.519200E-01 -0.763750E+02  0.118153E+01
  0.526320E-01 -0.740757E+02  0.115539E+01
  0.533430E-01 -0.687506E+02  0.111794E+01
  0.540540E-01 -0.702774E+02  0.111767E+01
  0.547650E-01 -0.678507E+02  0.110165E+01
  0.554770E-01 -0.649630E+02  0.108077E+01
  0.561880E-01 -0.615987E+02  0.105981E+01
  0.568990E-01 -0.613073E+02  0.105485E+01
  0.576100E-01 -0.584837E+02  0.102951E+01
  0.583210E-01 -0.569586E+02  0.101417E+01
  0.590330E-01 -0.571340E+02  0.100347E+01
  0.597440E-01 -0.541305E+02  0.986683E+00
  0.604550E-01 -0.509625E+02  0.970456E+00
  0.611660E-01 -0.493576E+02  0.958358E+00
  0.618780E-01 -0.494895E+02  0.949700E+00
  0.625890E-01 -0.482711E+02  0.929907E+00
  0.633000E-01 -0.468126E+02  0.912868E+00
  0.640110E-01 -0.432774E+02  0.904304E+00
  0.647220E-01 -0.419173E+02  0.892575E+00
  0.654340E-01 -0.391721E+02  0.869196E+00
  0.661450E-01 -0.386287E+02  0.863534E+00
  0.668560E-01 -0.372019E+02  0.853856E+00
  0.675670E-01 -0.366861E+02  0.842518E+00
  0.682790E-01 -0.343169E+02  0.828159E+00
  0.689900E-01 -0.332439E+02  0.823624E+00
  0.697010E-01 -0.317920E+02  0.818707E+00
  0.704120E-01 -0.312338E+02  0.802629E+00
  0.711230E-01 -0.296204E+02  0.783858E+00
  0.718350E-01 -0.272220E+02  0.770438E+00
  0.725460E-01 -0.279913E+02  0.764668E+00
  0.732570E-01 -0.255964E+02  0.757411E+00
  0.739680E-01 -0.242501E+02  0.744205E+00
  0.746790E-01 -0.236944E+02  0.741627E+00
  0.753910E-01 -0.238277E+02  0.734462E+00
  0.761020E-01 -0.228665E+02  0.732248E+00
  0.768130E-01 -0.218589E+02  0.709301E+00
  0.775240E-01 -0.209799E+02  0.698364E+00
  0.782360E-01 -0.203155E+02  0.696740E+00
  0.789470E-01 -0.191034E+02  0.694456E+00
  0.796580E-01 -0.180787E+02  0.687206E+00
  0.803690E-01 -0.174323E+02  0.677604E+00
  0.810800E-01 -0.168245E+02  0.669083E+00
  0.817920E-01 -0.156067E+02  0.659397E+00
  0.825030E-01 -0.162008E+02  0.663223E+00
  0.832140E-01 -0.151126E+02  0.662713E+00
  0.839250E-01 -0.136294E+02  0.643881E+00
  0.846360E-01 -0.136652E+02  0.634562E+00
  0.853480E-01 -0.129035E+02  0.624156E+00
  0.860590E-01 -0.120698E+02  0.640899E+00
  0.867700E-01 -0.109995E+02  0.622871E+00
  0.874810E-01 -0.111912E+02  0.611851E+00
  0.881920E-01 -0.112543E+02  0.607190E+00
  0.889040E-01 -0.110300E+02  0.603953E+00
  0.896150E-01 -0.102926E+02  0.604687E+00
  0.903260E-01 -0.990910E+01  0.607470E+00
  0.910370E-01 -0.930510E+01  0.589623E+00
  0.917480E-01 -0.819760E+01  0.586972E+00
  0.924600E-01 -0.827110E+01  0.588875E+00
  0.931710E-01 -0.877260E+01  0.581280E+00
  0.938820E-01 -0.811440E+01  0.577098E+00
  0.945930E-01 -0.787700E+01  0.570674E+00
  0.953040E-01 -0.821920E+01  0.571002E+00
  0.960160E-01 -0.630420E+01  0.565126E+00
  0.967270E-01 -0.659600E+01  0.565482E+00
  0.974380E-01 -0.740220E+01  0.557436E+00
  0.981490E-01 -0.621600E+01  0.556765E+00
  0.988600E-01 -0.699150E+01  0.557230E+00
  0.995720E-01 -0.594610E+01  0.550880E+00
  0.100283E+00 -0.686300E+01  0.547201E+00
  0.100994E+00 -0.707330E+01  0.543781E+00
  0.101705E+00 -0.706490E+01  0.541493E+00
  0.102416E+00 -0.549280E+01  0.533323E+00
  0.103127E+00 -0.555190E+01  0.531882E+00
  0.103839E+00 -0.528320E+01  0.537921E+00
  0.104550E+00 -0.652870E+01  0.523069E+00
  0.105261E+00 -0.628070E+01  0.533142E+00
  0.105972E+00 -0.523700E+01  0.532093E+00
  0.106683E+00 -0.463220E+01  0.526734E+00
  0.107395E+00 -0.478040E+01  0.525252E+00
  0.108106E+00 -0.494620E+01  0.520742E+00
  0.108817E+00 -0.408310E+01  0.516284E+00
  0.109528E+00 -0.485900E+01  0.516027E+00
  0.110239E+00 -0.454910E+01  0.518477E+00
  0.110950E+00 -0.452550E+01  0.511853E+00
  0.111662E+00 -0.365410E+01  0.508524E+00
  0.112373E+00 -0.464120E+01  0.506615E+00
  0.113084E+00 -0.451730E+01  0.511189E+00
  0.113795E+00 -0.424680E+01  0.508130E+00
  0.114506E+00 -0.434260E+01  0.507455E+00
  0.115218E+00 -0.418820E+01  0.503432E+00
  0.115929E+00 -0.404050E+01  0.500014E+00
  0.116640E+00 -0.468360E+01  0.500298E+00
  0.117351E+00 -0.409660E+01  0.500220E+00
  0.118062E+00 -0.350360E+01  0.495045E+00
  0.118773E+00 -0.377180E+01  0.493783E+00
  0.119485E+00 -0.379140E+01  0.489708E+00
  0.120196E+00 -0.369550E+01  0.491602E+00
  0.120907E+00 -0.400580E+01  0.481911E+00
  0.121618E+00 -0.360530E+01  0.488128E+00
  0.122329E+00 -0.372130E+01  0.485187E+00
  0.123040E+00 -0.388270E+01  0.483667E+00
  0.123752E+00 -0.395030E+01  0.484527E+00
  0.124463E+00 -0.428920E+01  0.479438E+00
  0.125174E+00 -0.388280E+01  0.476319E+00
  0.125885E+00 -0.352980E+01  0.474743E+00
  0.126596E+00 -0.359240E+01  0.473969E+00
  0.127307E+00 -0.383230E+01  0.473109E+00
  0.128018E+00 -0.446860E+01  0.473441E+00
  0.128730E+00 -0.350590E+01  0.469595E+00
  0.129441E+00 -0.301700E+01  0.465624E+00
  0.130152E+00 -0.350620E+01  0.463925E+00
  0.130863E+00 -0.248980E+01  0.465505E+00
  0.131574E+00 -0.327410E+01  0.461399E+00
  0.132285E+00 -0.329950E+01  0.464739E+00
  0.132997E+00 -0.263510E+01  0.459072E+00
  0.133708E+00 -0.398290E+01  0.456955E+00
  0.134419E+00 -0.292330E+01  0.461390E+00
  0.135130E+00 -0.330530E+01  0.457537E+00
  0.135841E+00 -0.273990E+01  0.452744E+00
  0.136552E+00 -0.241850E+01  0.449497E+00
  0.137263E+00 -0.298530E+01  0.454298E+00
  0.137975E+00 -0.373190E+01  0.450548E+00
  0.138686E+00 -0.293430E+01  0.447476E+00
  0.139397E+00 -0.279290E+01  0.449031E+00
  0.140108E+00 -0.352980E+01  0.448257E+00
  0.140819E+00 -0.274320E+01  0.449989E+00
  0.141530E+00 -0.277070E+01  0.444472E+00
  0.142241E+00 -0.364110E+01  0.440739E+00
  0.142952E+00 -0.314430E+01  0.442182E+00
  0.143664E+00 -0.304780E+01  0.438129E+00
  0.144375E+00 -0.294740E+01  0.440673E+00
  0.145086E+00 -0.261850E+01  0.436620E+00
  0.145797E+00 -0.379960E+01  0.434129E+00
  0.146508E+00 -0.311930E+01  0.435017E+00
  0.147219E+00 -0.242930E+01  0.437574E+00
  0.147930E+00 -0.185310E+01  0.431462E+00
  0.148642E+00 -0.253070E+01  0.430958E+00
  0.149353E+00 -0.260880E+01  0.430714E+00
  0.150064E+00 -0.194550E+01  0.429714E+00
  0.150775E+00 -0.248360E+01  0.424653E+00
  0.151486E+00 -0.176950E+01  0.424604E+00
  0.152197E+00 -0.240520E+01  0.421713E+00
  0.152908E+00 -0.313760E+01  0.419240E+00
  0.153619E+00 -0.259760E+01  0.424021E+00
  0.154330E+00 -0.301880E+01  0.418278E+00
  0.155042E+00 -0.264420E+01  0.417942E+00
  0.155753E+00 -0.272810E+01  0.416816E+00
  0.156464E+00 -0.261400E+01  0.418672E+00
  0.157175E+00 -0.253850E+01  0.418061E+00
  0.157886E+00 -0.188790E+01  0.413712E+00
  0.158597E+00 -0.212040E+01  0.413267E+00
  0.159308E+00 -0.272900E+01  0.411362E+00
  0.160019E+00 -0.203870E+01  0.413626E+00
  0.160730E+00 -0.227650E+01  0.409755E+00
  0.161442E+00 -0.268230E+01  0.410366E+00
  0.162153E+00 -0.208520E+01  0.404756E+00
  0.162864E+00 -0.223940E+01  0.405944E+00
  0.163575E+00 -0.138990E+01  0.407497E+00
  0.164286E+00 -0.232030E+01  0.405048E+00
  0.164997E+00 -0.237620E+01  0.403470E+00
  0.165708E+00 -0.195720E+01  0.403863E+00
  0.166419E+00 -0.171610E+01  0.403851E+00
  0.167130E+00 -0.178960E+01  0.399349E+00
  0.167841E+00 -0.192360E+01  0.398413E+00
  0.168553E+00 -0.176930E+01  0.395084E+00
  0.169264E+00 -0.215040E+01  0.394521E+00
  0.169975E+00 -0.227020E+01  0.399545E+00
  0.170686E+00 -0.156910E+01  0.394053E+00
  0.171397E+00 -0.172210E+01  0.393149E+00
  0.172108E+00 -0.164760E+01  0.389868E+00
  0.172819E+00 -0.205600E+01  0.393474E+00
  0.173530E+00 -0.235920E+01  0.392603E+00
  0.174241E+00 -0.118500E+01  0.393929E+00
  0.174952E+00 -0.205640E+01  0.389560E+00
  0.175663E+00 -0.163740E+01  0.389088E+00
  0.176374E+00 -0.145750E+01  0.389545E+00
  0.177086E+00 -0.151360E+01  0.389398E+00
  0.177797E+00 -0.132050E+01  0.385457E+00
  0.178508E+00 -0.240520E+01  0.386581E+00
  0.179219E+00 -0.134760E+01  0.383114E+00
  0.179930E+00 -0.139940E+01  0.384052E+00
  0.180641E+00 -0.177220E+01  0.384828E+00
  0.181352E+00 -0.189030E+01  0.380107E+00
  0.182063E+00 -0.170030E+01  0.381557E+00
  0.182774E+00 -0.209180E+01  0.378165E+00
  0.183485E+00 -0.155620E+01  0.384414E+00
  0.184196E+00 -0.150710E+01  0.380883E+00
  0.184907E+00 -0.181790E+01  0.377700E+00
  0.185618E+00 -0.149380E+01  0.375032E+00
  0.186329E+00 -0.169260E+01  0.374394E+00
  0.187040E+00 -0.121830E+01  0.378868E+00
  0.187752E+00 -0.137640E+01  0.374743E+00
  0.188463E+00 -0.164850E+01  0.376012E+00
  0.189174E+00 -0.153960E+01  0.370254E+00
  0.189885E+00 -0.151250E+01  0.371174E+00
  0.190596E+00 -0.136780E+01  0.370237E+00
  0.191307E+00 -0.204050E+01  0.371790E+00
  0.192018E+00 -0.105590E+01  0.367076E+00
  0.192729E+00 -0.124890E+01  0.368158E+00
  0.193440E+00 -0.117300E+01  0.367656E+00
  0.194151E+00 -0.153470E+01  0.367775E+00
  0.194862E+00 -0.144620E+01  0.367707E+00
  0.195573E+00 -0.612500E+00  0.361092E+00
  0.196284E+00 -0.147080E+01  0.363245E+00
  0.196995E+00 -0.138450E+01  0.364619E+00
  0.197706E+00 -0.857600E+00  0.362080E+00
  0.198417E+00 -0.154610E+01  0.363550E+00
  0.199128E+00 -0.123170E+01  0.360304E+00
  0.199839E+00 -0.135580E+01  0.360099E+00
  0.200550E+00 -0.164250E+01  0.360260E+00
  0.201261E+00 -0.146910E+01  0.359664E+00
  0.201972E+00 -0.158910E+01  0.359574E+00
  0.202683E+00 -0.692600E+00  0.357884E+00
  0.203394E+00 -0.107690E+01  0.357870E+00
  0.204105E+00 -0.149430E+01  0.357084E+00
  0.204816E+00 -0.115850E+01  0.353127E+00
  0.205527E+00 -0.929300E+00  0.351290E+00
  0.206238E+00 -0.114090E+01  0.354567E+00
  0.206949E+00 -0.567100E+00  0.354976E+00
  0.207660E+00 -0.117190E+01  0.353934E+00
  0.208371E+00 -0.133300E+01  0.350717E+00
  0.209082E+00 -0.976000E+00  0.353180E+00
  0.209793E+00 -0.755300E+00  0.350285E+00
  0.210504E+00 -0.100550E+01  0.350177E+00
  0.211215E+00 -0.990800E+00  0.351461E+00
  0.211926E+00 -0.137590E+01  0.349367E+00
  0.212637E+00 -0.901900E+00  0.349809E+00
  0.213348E+00 -0.927100E+00  0.349366E+00
  0.214059E+00 -0.151380E+01  0.349549E+00
  0.214770E+00 -0.161490E+01  0.345014E+00
  0.215481E+00 -0.853200E+00  0.347548E+00
  0.216192E+00 -0.133090E+01  0.347253E+00
  0.216903E+00 -0.788000E+00  0.348321E+00
  0.217614E+00 -0.674500E+00  0.346526E+00
  0.218325E+00 -0.147700E+01  0.343326E+00
  0.219036E+00 -0.146580E+01  0.342397E+00
  0.219747E+00 -0.207110E+01  0.344230E+00
  0.220458E+00 -0.114490E+01  0.342288E+00
  0.221169E+00 -0.116860E+01  0.339996E+00
  0.221880E+00 -0.154940E+01  0.340005E+00
  0.222591E+00 -0.107810E+01  0.340446E+00
  0.223302E+00 -0.100400E+01  0.338799E+00
  0.224013E+00 -0.951600E+00  0.339873E+00
  0.224724E+00 -0.903100E+00  0.337277E+00
  0.225435E+00 -0.178180E+01  0.341434E+00
  0.226146E+00 -0.117040E+01  0.336526E+00
  0.226857E+00 -0.793500E+00  0.332580E+00
  0.227568E+00 -0.112670E+01  0.335669E+00
  0.228279E+00 -0.103910E+01  0.335970E+00
  0.228990E+00 -0.191700E+01  0.336852E+00
  0.229701E+00 -0.168560E+01  0.334856E+00
  0.230412E+00 -0.162660E+01  0.333781E+00
  0.231123E+00 -0.802500E+00  0.333408E+00
  0.231834E+00 -0.923400E+00  0.332580E+00
  0.232545E+00 -0.114780E+01  0.330245E+00
  0.233256E+00 -0.123190E+01  0.332478E+00
  0.233967E+00 -0.983900E+00  0.333373E+00
  0.234678E+00 -0.121380E+01  0.328509E+00
  0.235389E+00 -0.124840E+01  0.330883E+00
  0.236100E+00 -0.604600E+00  0.329772E+00
  0.236811E+00 -0.596800E+00  0.328851E+00
  0.237521E+00 -0.325600E+00  0.330870E+00
  0.238232E+00 -0.797700E+00  0.328611E+00
  0.238943E+00 -0.561800E+00  0.326469E+00
  0.239654E+00 -0.120180E+01  0.327774E+00
  0.240365E+00 -0.771200E+00  0.326378E+00
  0.241076E+00 -0.721700E+00  0.326064E+00
  0.241787E+00 -0.728700E+00  0.324652E+00
  0.242498E+00 -0.716100E+00  0.323211E+00
  0.243209E+00 -0.111410E+01  0.326540E+00
  0.243920E+00 -0.131130E+01  0.324423E+00
  0.244631E+00 -0.658400E+00  0.322038E+00
  0.245342E+00 -0.131300E+01  0.321855E+00
  0.246053E+00 -0.195300E+00  0.326675E+00
  0.246764E+00 -0.304000E+00  0.321241E+00
  0.247474E+00 -0.411500E+00  0.320093E+00
  0.248185E+00 -0.117110E+01  0.320549E+00
  0.248896E+00 -0.899700E+00  0.321877E+00
  0.249607E+00 -0.793900E+00  0.322041E+00
  0.250318E+00 -0.675200E+00  0.318744E+00
  0.251029E+00 -0.103350E+01  0.317658E+00
  0.251740E+00 -0.596100E+00  0.317295E+00
  0.252451E+00 -0.118360E+01  0.318086E+00
  0.253162E+00 -0.979200E+00  0.317777E+00
  0.253873E+00 -0.840900E+00  0.318806E+00
  0.254584E+00 -0.716200E+00  0.315394E+00
  0.255294E+00 -0.853400E+00  0.312579E+00
  0.256005E+00 -0.150170E+01  0.315616E+00
  0.256716E+00 -0.772900E+00  0.316985E+00
  0.257427E+00 -0.673600E+00  0.313181E+00
  0.258138E+00 -0.980100E+00  0.314126E+00
  0.258849E+00 -0.699800E+00  0.314885E+00
  0.259560E+00 -0.123150E+01  0.315878E+00
  0.260271E+00 -0.114520E+01  0.312346E+00
  0.260982E+00 -0.303800E+00  0.309621E+00
  0.261692E+00 -0.857800E+00  0.314174E+00
  0.262403E+00 -0.895100E+00  0.312999E+00
  0.263114E+00 -0.661100E+00  0.311204E+00
  0.263825E+00 -0.721600E+00  0.309185E+00
  0.264536E+00 -0.845600E+00  0.309349E+00
  0.265247E+00 -0.913200E+00  0.311145E+00
  0.265958E+00 -0.109410E+01  0.310450E+00
  0.266668E+00 -0.754400E+00  0.309924E+00
  0.267379E+00 -0.970900E+00  0.309905E+00
  0.268090E+00 -0.892000E+00  0.307060E+00
  0.268801E+00 -0.649700E+00  0.307258E+00
  0.269512E+00 -0.732900E+00  0.308223E+00
  0.270223E+00 -0.726000E+00  0.307686E+00
  0.270934E+00 -0.139230E+01  0.306400E+00
  0.271644E+00 -0.104420E+01  0.306829E+00
  0.272355E+00 -0.783600E+00  0.306962E+00
  0.273066E+00 -0.894300E+00  0.306726E+00
  0.273777E+00 -0.992700E+00  0.306549E+00
  0.274488E+00 -0.112120E+01  0.305704E+00
  0.275199E+00 -0.343700E+00  0.307372E+00
  0.275910E+00 -0.982300E+00  0.304344E+00
  0.276620E+00 -0.907400E+00  0.304643E+00
  0.277331E+00 -0.993100E+00  0.303836E+00
  0.278042E+00 -0.638700E+00  0.304285E+00
  0.278753E+00 -0.852800E+00  0.305262E+00
  0.279464E+00 -0.702600E+00  0.302289E+00
  0.280174E+00 -0.542000E+00  0.301858E+00
  0.280885E+00 -0.923600E+00  0.303511E+00
  0.281596E+00 -0.814600E+00  0.301989E+00
  0.282307E+00 -0.419900E+00  0.299402E+00
  0.283018E+00 -0.597400E+00  0.300708E+00
  0.283729E+00 -0.941500E+00  0.300575E+00
  0.284439E+00 -0.867500E+00  0.300914E+00
  0.285150E+00 -0.864000E+00  0.299273E+00
  0.285861E+00 -0.871400E+00  0.299081E+00
  0.286572E+00 -0.741900E+00  0.299559E+00
  0.287283E+00 -0.755200E+00  0.299767E+00
  0.287993E+00 -0.791800E+00  0.297293E+00
  0.288704E+00 -0.735800E+00  0.299326E+00
  0.289415E+00 -0.117470E+01  0.299928E+00
  0.290126E+00 -0.777600E+00  0.297583E+00
  0.290837E+00 -0.322100E+00  0.295736E+00
  0.291547E+00 -0.738500E+00  0.299010E+00
  0.292258E+00 -0.829800E+00  0.295139E+00
  0.292969E+00 -0.911700E+00  0.295085E+00
  0.293680E+00 -0.111130E+01  0.295009E+00
  0.294390E+00 -0.107240E+01  0.297019E+00
  0.295101E+00 -0.492500E+00  0.297732E+00
  0.295812E+00 -0.128490E+01  0.298112E+00
  0.296523E+00 -0.732200E+00  0.300889E+00
  0.297234E+00 -0.332000E+00  0.301793E+00
  0.297944E+00 -0.908700E+00  0.299914E+00
  0.298655E+00 -0.672800E+00  0.301585E+00
  0.299366E+00 -0.823000E+00  0.303161E+00
  0.300077E+00 -0.121330E+01  0.304398E+00
  0.300787E+00 -0.828200E+00  0.302492E+00
  0.301498E+00 -0.635400E+00  0.304906E+00
  0.302209E+00 -0.526700E+00  0.305477E+00
  0.302920E+00 -0.828900E+00  0.308965E+00
  0.303630E+00 -0.114420E+01  0.307912E+00
  0.304341E+00 -0.118450E+01  0.310945E+00
  0.305052E+00 -0.466400E+00  0.310770E+00
  0.305763E+00 -0.612300E+00  0.312849E+00
  0.306473E+00 -0.956700E+00  0.313207E+00
  0.307184E+00 -0.951700E+00  0.312247E+00
  0.307895E+00 -0.367900E+00  0.315327E+00
  0.308606E+00 -0.674100E+00  0.316118E+00
  0.309316E+00 -0.340000E+00  0.312935E+00
  0.310027E+00 -0.616300E+00  0.316574E+00
  0.310738E+00 -0.115930E+01  0.316685E+00
  0.311449E+00 -0.712900E+00  0.318162E+00
  0.312159E+00 -0.517700E+00  0.317481E+00
  0.312870E+00 -0.698900E+00  0.320401E+00
  0.313581E+00 -0.101400E+01  0.319581E+00
  0.314291E+00 -0.114050E+01  0.321720E+00
  0.315002E+00 -0.805800E+00  0.326296E+00
  0.315713E+00 -0.147400E+01  0.327629E+00
  0.316424E+00 -0.129920E+01  0.327657E+00
  0.317134E+00 -0.833400E+00  0.331569E+00
  0.317845E+00 -0.806900E+00  0.333600E+00
  0.318556E+00 -0.452500E+00  0.331303E+00
  0.319266E+00 -0.278100E+00  0.337734E+00
  0.319977E+00 -0.594400E+00  0.333702E+00
  0.320688E+00 -0.705100E+00  0.335906E+00
  0.321398E+00 -0.104600E+00  0.337830E+00
  0.322109E+00  0.112800E+00  0.342288E+00
  0.322820E+00 -0.525100E+00  0.346566E+00
  0.323530E+00 -0.893300E+00  0.351808E+00
  0.324241E+00 -0.508400E+00  0.356141E+00
  0.324952E+00 -0.587300E+00  0.358054E+00
  0.325663E+00 -0.336900E+00  0.361382E+00
  0.326373E+00 -0.761700E+00  0.364207E+00
  0.327084E+00 -0.587200E+00  0.365695E+00
  0.327795E+00 -0.734700E+00  0.365534E+00
  0.328505E+00 -0.623600E+00  0.369913E+00
  0.329216E+00 -0.764700E+00  0.372106E+00
  0.329927E+00 -0.584300E+00  0.373763E+00
  0.330637E+00 -0.125860E+01  0.378087E+00
  0.331348E+00 -0.799200E+00  0.378195E+00
  0.332058E+00 -0.345000E+00  0.382457E+00
  0.332769E+00 -0.202200E+00  0.383395E+00
  0.333480E+00 -0.412000E+00  0.386266E+00
  0.334190E+00 -0.846600E+00  0.389976E+00
  0.334901E+00 -0.118990E+01  0.390905E+00
  0.335612E+00 -0.116610E+01  0.395462E+00
  0.336322E+00 -0.534600E+00  0.395374E+00
  0.337033E+00 -0.127520E+01  0.400404E+00
  0.337744E+00  0.636000E-01  0.398784E+00
  0.338454E+00 -0.667200E+00  0.401148E+00
  0.339165E+00 -0.617400E+00  0.408501E+00
  0.339876E+00 -0.486800E+00  0.408924E+00
  0.340586E+00 -0.769100E+00  0.410678E+00
  0.341297E+00 -0.113860E+01  0.414352E+00
  0.342007E+00 -0.745800E+00  0.412165E+00
  0.342718E+00 -0.976500E+00  0.414776E+00
  0.343429E+00 -0.208800E+00  0.417459E+00
  0.344139E+00 -0.858400E+00  0.420170E+00
  0.344850E+00 -0.144040E+01  0.420718E+00
  0.345560E+00 -0.783800E+00  0.422653E+00
  0.346271E+00 -0.105850E+01  0.427610E+00
  0.346982E+00 -0.875300E+00  0.429785E+00
  0.347692E+00 -0.111880E+01  0.431719E+00
  0.348403E+00 -0.968200E+00  0.433276E+00
  0.349113E+00 -0.144650E+01  0.436230E+00
  0.349824E+00 -0.110000E+00  0.436166E+00
  0.350535E+00 -0.351000E-01  0.436474E+00
  0.351245E+00 -0.636800E+00  0.443901E+00
  0.351956E+00 -0.766000E+00  0.448346E+00
  0.352666E+00 -0.852900E+00  0.445356E+00
  0.353377E+00 -0.723400E+00  0.450145E+00
  0.354087E+00 -0.558400E+00  0.452271E+00
  0.354798E+00 -0.601100E+00  0.452828E+00
  0.355509E+00 -0.137260E+01  0.457113E+00
  0.356219E+00 -0.171970E+01  0.461495E+00
  0.356930E+00 -0.516900E+00  0.462510E+00
  0.357640E+00 -0.512500E+00  0.459662E+00
  0.358351E+00 -0.430900E+00  0.467985E+00
  0.359061E+00 -0.122490E+01  0.474226E+00
  0.359772E+00 -0.434500E+00  0.476214E+00
  0.360483E+00 -0.397500E+00  0.478499E+00
  0.361193E+00 -0.875300E+00  0.472601E+00
  0.361904E+00 -0.784400E+00  0.486100E+00
  0.362614E+00 -0.799000E+00  0.480894E+00
  0.363325E+00 -0.100500E+01  0.486899E+00
  0.364035E+00 -0.117300E+01  0.491135E+00
  0.364746E+00 -0.614200E+00  0.485101E+00
  0.365456E+00 -0.590800E+00  0.493517E+00
  0.366167E+00 -0.470100E+00  0.501478E+00
  0.366877E+00 -0.787000E+00  0.507798E+00
  0.367588E+00 -0.946700E+00  0.509891E+00
  0.368298E+00 -0.904200E+00  0.508295E+00
  0.369009E+00 -0.142570E+01  0.511325E+00
  0.369719E+00 -0.140220E+01  0.511472E+00
  0.370430E+00 -0.872300E+00  0.522357E+00
  0.371140E+00 -0.339600E+00  0.516573E+00
  0.371851E+00 -0.239300E+00  0.521266E+00
  0.372561E+00 -0.392200E+00  0.529616E+00
  0.373272E+00 -0.132020E+01  0.529775E+00
  0.373982E+00 -0.188310E+01  0.532378E+00
  0.374693E+00 -0.114360E+01  0.534520E+00
  0.375403E+00 -0.131950E+01  0.538355E+00
  0.376114E+00 -0.426000E+00  0.543118E+00
  0.376824E+00 -0.946300E+00  0.548896E+00
  0.377535E+00 -0.603300E+00  0.556075E+00
  0.378245E+00 -0.537100E+00  0.555096E+00
  0.378956E+00 -0.194950E+01  0.558920E+00
  0.379666E+00 -0.839600E+00  0.565530E+00
  0.380377E+00 -0.136050E+01  0.567154E+00
  0.381087E+00 -0.903800E+00  0.573596E+00
  0.381798E+00 -0.107550E+01  0.575913E+00
  0.382508E+00 -0.195050E+01  0.579941E+00
  0.383219E+00 -0.106170E+01  0.582615E+00
  0.383929E+00 -0.185270E+01  0.585492E+00
  0.384639E+00 -0.132140E+01  0.592917E+00
  0.385350E+00 -0.109500E+01  0.602701E+00
  0.386060E+00 -0.945500E+00  0.598668E+00
  0.386771E+00 -0.682300E+00  0.606428E+00
  0.387481E+00  0.531400E+00  0.610948E+00
  0.388192E+00 -0.408300E+00  0.618182E+00
  0.388902E+00  0.732000E-01  0.621197E+00
  0.389613E+00 -0.249900E+00  0.629557E+00
  0.390323E+00 -0.129740E+01  0.635325E+00
  0.391033E+00 -0.107490E+01  0.635833E+00