 Ense  Average  Radius of gyration = 173.54
 Ense Histogram Radius of gyration = 173.47
 Pool  Average  Radius of gyration =   0.00
 Pool Histogram Radius of gyration = 173.48
      Size    Pool freq.    Sel. freq.
     168.72  0.0000000000  0.0000000000
     168.86  0.0000000000  0.0000000000
     169.00  0.0000400000  0.0000000000
     169.14  0.0000600000  0.0000000000
     169.28  0.0001000000  0.0000000000
     169.42  0.0001200000  0.0000000000
     169.56  0.0001400000  0.0000000000
     169.70  0.0001800000  0.0000000000
     169.84  0.0001800000  0.0000000000
     169.98  0.0002200000  0.0000000000
     170.12  0.0003000000  0.0001428571
     170.26  0.0004400000  0.0002857143
     170.40  0.0006000000  0.0002857143
     170.54  0.0008200000  0.0008571429
     170.68  0.0010400000  0.0012857143
     170.82  0.0012800000  0.0014285714
     170.96  0.0013200000  0.0012857143
     171.10  0.0015600000  0.0028571429
     171.24  0.0129400000  0.0145714286
     171.38  0.0134800000  0.0158571429
     171.52  0.0144200000  0.0165714286
     171.66  0.0156400000  0.0188571429
     171.80  0.0168000000  0.0204285714
     171.94  0.0066800000  0.0102857143
     172.08  0.0106200000  0.0115714286
     172.22  0.0143000000  0.0164285714
     172.36  0.0253400000  0.0268571429
     172.50  0.0306600000  0.0340000000
     172.64  0.0368600000  0.0380000000
     172.78  0.0401400000  0.0394285714
     172.92  0.0433600000  0.0388571429
     173.06  0.0376000000  0.0324285714
     173.20  0.0376600000  0.0271428571
     173.34  0.0368200000  0.0260000000
     173.48  0.0379000000  0.0310000000
     173.62  0.0415400000  0.0360000000
     173.76  0.0557800000  0.0522857143
     173.90  0.0779000000  0.0805714286
     174.04  0.0852000000  0.0872857143
     174.18  0.0863200000  0.0867142857
     174.32  0.0797400000  0.0808571429
     174.46  0.0613600000  0.0627142857
     174.60  0.0334200000  0.0330000000
     174.74  0.0200200000  0.0228571429
     174.88  0.0101000000  0.0140000000
     175.02  0.0049200000  0.0097142857
     175.16  0.0023800000  0.0052857143
     175.30  0.0011800000  0.0017142857
     175.44  0.0004200000  0.0001428571
     175.58  0.0000800000  0.0001428571
     175.72  0.0000200000  0.0000000000
     175.86  0.0000000000  0.0000000000
     176.00  0.0000000000  0.0000000000
     176.14  0.0000000000  0.0000000000
