0.00000000,-14.08918468
0.00021778,-1.75969717
0.00043557,13.36123905
0.00065335,2.20042445
0.00087114,0.48767495
0.00108892,1.97286365
0.00130671,2.25179579
0.00152449,-0.58005728
0.00174228,-0.18384248
0.00196006,-0.05135587
0.00217784,-1.30609341
0.00239563,-2.29349372
0.00261341,-3.46148856
0.00283120,-0.61216987
0.00304898,0.19672055
0.00326677,-1.00592622
0.00348455,1.50671604
0.00370234,3.25013005
0.00392012,1.51492259
0.00413790,-0.91227733
0.00435569,-2.11994523
0.00457347,0.87587527
0.00479126,1.02712821
0.00500904,2.86333231
0.00522683,-0.64275316
0.00544461,1.75428564
0.00566239,4.05198302
0.00588018,2.80041391
0.00609796,1.20530342
0.00631575,0.54999034
0.00653353,1.22069999
0.00675132,0.93551857
0.00696910,4.19270744
0.00718688,4.93769375
0.00740467,7.10598695
0.00762245,8.86834765
0.00784024,13.23956210
0.00805802,48.82331608
0.00827581,180.13938929
0.00849359,313.46268920
0.00871137,385.55223980
0.00892916,437.88520787
0.00914694,445.62248333
0.00936473,445.91011116
0.00958251,462.84338756
0.00980030,467.83065099
0.01001808,467.61254738
0.01023586,465.95237852
0.01045365,455.66048606
0.01067143,450.19854918
0.01088922,451.21265429
0.01110700,453.96043901
0.01132478,453.47539662
0.01154257,454.99380691
0.01176035,453.27865002
0.01197814,448.16713729
0.01219592,446.49457151
0.01241370,453.99383632
0.01263149,457.55457228
0.01284927,456.31102258
0.01306706,453.56980711
0.01328484,453.66325683
0.01350262,455.58918676
0.01372041,451.55148728
0.01393819,453.55420974
0.01415598,452.06991314
0.01437376,450.52385674
0.01459154,448.42932648
0.01480933,449.74805871
0.01502711,451.36436001
0.01524490,446.43642717
0.01546268,446.84765920
0.01568046,449.06391297
0.01589825,450.67062204
0.01611603,453.16759479
0.01633381,449.10397516
0.01655160,449.22916558
0.01676938,447.23508455
0.01698716,446.41267205
0.01720495,445.77142422
0.01742273,446.19038452
0.01764052,445.50543972
0.01785830,446.64089605
0.01807608,443.43972486
0.01829387,441.68946396
0.01851165,442.34447590
0.01872943,441.65469751
0.01894722,443.08635706
0.01916500,442.87175730
0.01938278,442.70455048
0.01960057,443.43131376
0.01981835,443.65766778
0.02003613,441.25390409
0.02025392,440.80352517
0.02047170,439.43923877
0.02068948,439.36320362
0.02090727,438.86953314
0.02112505,435.44818449
0.02134283,436.99330708
0.02156062,434.23273002
0.02177840,432.02663681
0.02199618,429.53229904
0.02221397,430.48079648
0.02243175,430.94572308
0.02264953,431.03565980
0.02286731,431.29496269
0.02308510,429.86260616
0.02330288,427.89152574
0.02352066,426.62335850
0.02373845,426.38530734
0.02395623,425.05988052
0.02417401,423.74077511
0.02439179,423.81031654
0.02460958,424.93033644
0.02482736,425.64806925
0.02504514,419.67268065
0.02526292,420.45068702
0.02548071,422.05625566
0.02569849,421.74840276
0.02591627,421.15297175
0.02613406,420.86162329
0.02635184,417.15945999
0.02656962,416.55805374
0.02678740,416.44977413
0.02700518,414.59830741
0.02722297,412.05503471
0.02744075,411.48547950
0.02765853,407.97429444
0.02787631,408.96615363
0.02809410,409.41716774
0.02831188,409.33782509
0.02852966,408.32043857
0.02874744,403.85213821
0.02896522,404.74222791
0.02918301,406.58610727
0.02940079,403.23023876
0.02961857,401.26110985
0.02983635,401.05107542
0.03005413,400.00784860
0.03027192,399.66319915
0.03048970,399.49657899
0.03070748,399.85998333
0.03092526,397.37578545
0.03114304,396.01883870
0.03136083,394.03330852
0.03157861,393.89557996
0.03179639,391.25125393
0.03201417,390.91947910
0.03223195,390.59689348
0.03244973,387.93538151
0.03266751,385.21324106
0.03288530,386.73452094
0.03310308,386.46512355
0.03332086,384.49550209
0.03353864,385.26202760
0.03375642,382.73346426
0.03397420,380.99293511
0.03419198,379.75267702
0.03440976,379.03915523
0.03462755,378.19589675
0.03484533,376.70507726
0.03506311,374.01690567
0.03528089,373.80763179
0.03549867,371.20470103
0.03571645,369.74562977
0.03593423,369.10701522
0.03615201,368.01698214
0.03636979,364.22031424
0.03658757,363.76499418
0.03680535,364.65906419
0.03702313,361.70563730
0.03724092,362.67464135
0.03745870,361.21311566
0.03767648,357.82659454
0.03789426,355.62332921
0.03811204,355.23327156
0.03832982,354.82854432
0.03854760,352.00583875
0.03876538,350.75750789
0.03898316,350.50753332
0.03920094,348.77700524
0.03941872,347.14081939
0.03963650,347.47092812
0.03985428,347.18794136
0.04007206,345.33762232
0.04028984,343.46856003
0.04050762,341.22708884
0.04072540,337.24406143
0.04094318,338.25033161
0.04116096,339.11769528
0.04137874,335.64287611
0.04159652,332.80872156
0.04181430,331.79534320
0.04203207,330.03024301
0.04224985,327.93446851
0.04246763,327.71837538
0.04268541,327.18125352
0.04290319,324.15581527
0.04312097,323.13767371
0.04333875,321.94452920
0.04355653,320.17613227
0.04377431,317.46811577
0.04399209,316.82197183
0.04420987,315.96814178
0.04442765,314.40445736
0.04464542,313.64500350
0.04486320,312.27757790
0.04508098,308.63732880
0.04529876,307.44947857
0.04551654,306.04501840
0.04573432,305.61975386
0.04595210,303.64073975
0.04616987,301.59914331
0.04638765,302.30701352
0.04660543,299.65391232
0.04682321,299.22403891
0.04704099,297.31372904
0.04725877,293.97616076
0.04747654,294.84611708
0.04769432,292.66371470
0.04791210,290.28062296
0.04812988,290.55295571
0.04834766,288.99526576
0.04856543,286.22565364
0.04878321,283.17045108
0.04900099,282.45800950
0.04921877,280.42538503
0.04943654,278.45664514
0.04965432,277.89889679
0.04987210,274.93809044
0.05008988,274.59054789
0.05030765,272.79979218
0.05052543,269.88694943
0.05074321,270.96492561
0.05096098,268.72765435
0.05117876,266.00674390
0.05139654,265.69565530
0.05161432,262.43781826
0.05183209,261.16247542
0.05204987,261.49812032
0.05226765,260.50459699
0.05248542,260.00621674
0.05270320,257.30052559
0.05292098,256.38814488
0.05313875,255.36426213
0.05335653,252.52656087
0.05357431,249.97274778
0.05379208,248.58541391
0.05400986,247.46065832
0.05422763,245.80308393
0.05444541,243.96002742
0.05466319,243.54368399
0.05488096,241.89516491
0.05509874,239.70915574
0.05531651,238.03789536
0.05553429,235.80211928
0.05575207,234.52663291
0.05596984,233.38828760
0.05618762,232.78449912
0.05640539,231.76012212
0.05662317,230.63415427
0.05684094,227.90055663
0.05705872,226.09577901
0.05727649,226.70130687
0.05749427,225.53386253
0.05771204,223.27996908
0.05792982,220.81489486
0.05814759,219.24024045
0.05836537,217.96222338
0.05858314,217.81988973
0.05880092,216.19771831
0.05901869,214.87340249
0.05923647,212.80343590
0.05945424,210.67318380
0.05967202,210.14922150
0.05988979,207.33362557
0.06010756,206.24001702
0.06032534,205.41546025
0.06054311,205.02428391
0.06076089,203.00103846
0.06097866,203.35377117
0.06119643,200.31327417
0.06141421,200.23804801
0.06163198,197.95706874
0.06184976,196.07783760
0.06206753,194.88771458
0.06228530,192.28036132
0.06250308,190.68831810
0.06272085,189.46917312
0.06293862,188.87548210
0.06315640,187.40170219
0.06337417,187.23253761
0.06359194,185.87513073
0.06380971,185.11241940
0.06402749,182.83635693
0.06424526,182.10756454
0.06446303,181.20778211
0.06468081,179.57842181
0.06489858,177.64639328
0.06511635,175.52148711
0.06533412,173.87288468
0.06555190,173.30605448
0.06576967,172.57189647
0.06598744,170.67236388
0.06620521,170.16542638
0.06642298,168.87468192
0.06664076,166.86852298
0.06685853,166.12268329
0.06707630,165.99119800
0.06729407,165.13120262
0.06751184,162.75962968
0.06772961,161.19734352
0.06794739,159.80940206
0.06816516,158.84616097
0.06838293,157.39042426
0.06860070,156.67972506
0.06881847,155.42395389
0.06903624,153.23242468
0.06925401,152.92062883
0.06947178,151.03189218
0.06968955,149.44982959
0.06990732,149.55322752
0.07012509,148.36534271
0.07034287,146.60305045
0.07056064,146.49422582
0.07077841,145.52635716
0.07099618,144.60081823
0.07121395,143.45920212
0.07143172,141.42766307
0.07164949,139.72625590
0.07186726,139.04197203
0.07208503,138.05419110
0.07230280,136.38620610
0.07252057,136.24281242
0.07273833,134.98617823
0.07295610,133.66947834
0.07317387,132.54832502
0.07339164,131.42557301
0.07360941,130.69599499
0.07382718,130.05989712
0.07404495,129.35902156
0.07426272,127.66325539
0.07448049,125.97848377
0.07469826,126.15853088
0.07491602,123.92936336
0.07513379,124.01768560
0.07535156,123.15094749
0.07556933,120.00258106
0.07578710,119.40613912
0.07600487,119.89980073
0.07622263,118.88576768
0.07644040,118.19398212
0.07665817,117.48404272
0.07687594,117.41087899
0.07709371,115.99117064
0.07731147,114.27164291
0.07752924,112.52525682
0.07774701,111.65713350
0.07796478,111.86267616
0.07818254,110.95234613
0.07840031,109.15248694
0.07861808,107.59545671
0.07883584,107.19936194
0.07905361,106.42690165
0.07927138,106.23678939
0.07948914,105.11470995
0.07970691,103.85595261
0.07992468,104.65924676
0.08014244,102.86377722
0.08036021,101.09678896
0.08057797,100.38035880
0.08079574,99.96381863
0.08101351,98.53504509
0.08123127,98.23059376
0.08144904,97.40584812
0.08166680,97.43800440
0.08188457,96.97846149
0.08210233,95.98576096
0.08232010,94.61950625
0.08253787,93.89607129
0.08275563,93.49609041
0.08297340,92.93035448
0.08319116,91.94915472
0.08340893,91.52637991
0.08362669,90.62485598
0.08384445,89.52964292
0.08406222,88.96750893
0.08427998,87.79253399
0.08449775,86.61360133
0.08471551,86.27087998
0.08493328,84.45549805
0.08515104,83.83980333
0.08536880,83.85497925
0.08558657,83.31651166
0.08580433,82.48052306
0.08602209,81.99159090
0.08623986,80.94180098
0.08645762,81.56433799
0.08667538,81.47975997
0.08689315,80.33288919
0.08711091,79.02897483
0.08732867,78.09829533
0.08754644,77.03960874
0.08776420,76.95746188
0.08798196,76.23910528
0.08819972,75.59469492
0.08841749,74.56364763
0.08863525,73.88838460
0.08885301,73.64968174
0.08907077,72.50405751
0.08928853,72.19610551
0.08950630,71.53760758
0.08972406,70.90333164
0.08994182,69.89342448
0.09015958,69.46090798
0.09037734,68.77186875
0.09059510,67.95135160
0.09081287,67.28356414
0.09103063,67.32562555
0.09124839,67.12294886
0.09146615,66.52965261
0.09168391,65.45468482
0.09190167,65.59607144
0.09211943,64.96475675
0.09233719,64.38711571
0.09255495,62.20375141
0.09277271,61.59491585
0.09299047,62.75112571
0.09320823,62.20311794
0.09342599,60.27896366
0.09364375,60.31635078
0.09386151,59.84875269
0.09407927,59.75121688
0.09429703,58.49750174
0.09451479,58.70813799
0.09473255,58.11553171
0.09495031,57.29520560
0.09516806,56.69585769
0.09538582,56.13078632
0.09560358,55.92823631
0.09582134,55.85636050
0.09603910,54.79786171
0.09625686,53.73229614
0.09647462,52.94065551
0.09669237,52.32217924
0.09691013,52.51865785
0.09712789,52.26123513
0.09734565,51.16063402
0.09756340,50.45399224
0.09778116,50.97923233
0.09799892,50.74809177
0.09821668,50.64067113
0.09843443,50.46524215
0.09865219,49.25410537
0.09886995,48.30689746
0.09908770,47.91918187
0.09930546,47.73351983
0.09952322,47.15913493
0.09974097,46.33578554
0.09995873,45.28611153
0.10017649,44.72198690
0.10039424,44.58996631
0.10061200,44.57825806
0.10082975,44.23708925
0.10104751,43.51924764
0.10126526,43.43266381
0.10148302,43.36420025
0.10170077,42.37232995
0.10191853,41.43560671
0.10213628,41.49612991
0.10235404,40.82216511
0.10257179,40.63446768
0.10278955,40.81543615
0.10300730,40.53889668
0.10322506,39.43596096
0.10344281,38.76693908
0.10366057,38.81670880
0.10387832,39.11435766
0.10409607,38.74041610
0.10431383,37.99873681
0.10453158,36.43383443
0.10474933,37.04579683
0.10496709,37.13098096
0.10518484,36.58785920
0.10540259,35.98405789
0.10562035,35.16659623
0.10583810,34.66404393
0.10605585,34.58231835
0.10627360,34.58377108
0.10649136,34.22321851
0.10670911,33.80947139
0.10692686,33.28665386
0.10714461,33.83864313
0.10736237,33.38874098
0.10758012,32.82405801
0.10779787,31.57265517
0.10801562,31.81380418
0.10823337,31.31519122
0.10845112,31.22400189
0.10866887,30.39472984
0.10888662,30.07185480
0.10910438,29.74675475
0.10932213,29.09935147
0.10953988,28.28635867
0.10975763,29.21015089
0.10997538,28.56400656
0.11019313,28.24173914
0.11041088,27.88656592
0.11062863,27.32270008
0.11084638,27.06585172
0.11106413,26.84416968
0.11128188,27.13516009
0.11149963,27.13480899
0.11171737,26.25977457
0.11193512,25.83204807
0.11215287,25.80868676
0.11237062,25.91107231
0.11258837,25.20548686
0.11280612,24.50795969
0.11302387,24.45960866
0.11324162,24.82724539
0.11345936,24.14899620
0.11367711,23.29171057
0.11389486,23.20976043
0.11411261,23.09795206
0.11433035,23.24037688
0.11454810,23.02807234
0.11476585,22.65094918
0.11498360,22.14300067
0.11520134,22.29898973
0.11541909,22.13197933
0.11563684,21.84490730
0.11585458,22.05358953
0.11607233,21.41528380
0.11629008,20.87760587
0.11650782,20.95312331
0.11672557,20.82834016
0.11694331,20.41417021
0.11716106,19.83130779
0.11737880,19.45026155
0.11759655,18.51012331
0.11781429,18.01251821
0.11803204,18.60748059
0.11824978,19.00546259
0.11846753,18.05848943
0.11868527,17.76875109
0.11890302,17.45063260
0.11912076,17.71350932
0.11933851,17.97748142
0.11955625,17.45777380
0.11977400,17.20671511
0.11999174,16.50627199
0.12020948,16.57171421
0.12042723,16.82105522
0.12064497,15.86027950
0.12086271,15.33170510
0.12108046,14.98993576
0.12129820,14.88160255
0.12151594,14.78084668
0.12173368,14.67993178
0.12195143,14.60578182
0.12216917,14.65098121
0.12238691,14.52049921
0.12260465,14.79837173
0.12282239,14.13006846
0.12304014,13.86399459
0.12325788,13.65841349
0.12347562,14.13651812
0.12369336,13.40831761
0.12391110,13.31146416
0.12412884,13.59646348
0.12434658,13.23002375
0.12456432,12.67562591
0.12478206,12.77415868
0.12499980,12.57927534
0.12521754,12.69689124
0.12543528,12.35370969
0.12565302,12.40031108
0.12587076,12.44622083
0.12608850,12.32311726
0.12630624,11.72121669
0.12652398,11.57620346
0.12674172,11.25623705
0.12695946,11.48415972
0.12717720,11.23397555
0.12739494,10.85015475
0.12761268,11.19194033
0.12783041,10.74333983
0.12804815,10.25852439
0.12826589,10.20552655
0.12848363,10.22516955
0.12870136,9.79418965
0.12891910,9.64567160
0.12913684,9.76696050
0.12935458,10.11590557
0.12957231,9.61417343
0.12979005,9.68043001
0.13000779,9.98788006
0.13022552,9.81847391
0.13044326,9.64497233
0.13066100,8.81544010
0.13087873,8.25868172
0.13109647,7.99058661
0.13131420,8.25245171
0.13153194,8.23271996
0.13174967,7.91862340
0.13196741,8.48404931
0.13218515,8.27149438
0.13240288,8.06998504
0.13262061,7.97833787
0.13283835,7.17961021
0.13305608,7.60551976
0.13327382,7.92239047
0.13349155,7.70371970
0.13370929,7.85649725
0.13392702,7.86251424
0.13414475,7.88912443
0.13436249,7.30437828
0.13458022,6.76081671
0.13479795,6.38647661
0.13501569,6.79475169
0.13523342,6.65060438
0.13545115,6.56485655
0.13566888,6.59612188
0.13588662,6.73728639
0.13610435,6.58010370
0.13632208,6.25249537
0.13653981,6.32750959
0.13675754,6.92413707
0.13697527,7.01027184
0.13719301,6.16567527
0.13741074,5.95072937
0.13762847,5.59719566
0.13784620,5.64040116
0.13806393,5.54874405
0.13828166,5.33911634
0.13849939,5.46681601
0.13871712,5.55252781
0.13893485,5.63214675
0.13915258,5.20611505
0.13937031,5.39892332
0.13958804,5.63465018
0.13980577,5.39577434
0.14002350,5.59126692
0.14024123,5.47418772
0.14045895,5.19942524
0.14067668,5.08122392
0.14089441,5.46947900
0.14111214,5.19736287
0.14132987,4.43480108
0.14154760,4.52207363
0.14176532,4.32694330
0.14198305,4.28111568
0.14220078,4.32906393
0.14241850,3.91228883
0.14263623,4.28288264
0.14285396,4.35465422
0.14307168,4.37314600
0.14328941,4.51800579
0.14350714,4.60066864
0.14372486,4.58652150
0.14394259,4.11679041
0.14416032,3.49899972
0.14437804,4.05840731
0.14459577,4.48997008
0.14481349,4.28536691
0.14503122,3.94525016
0.14524894,3.77646275
0.14546667,3.68917942
0.14568439,3.60109564
0.14590211,3.91449541
0.14611984,4.01108538
0.14633756,3.95743569
0.14655529,4.12799748
0.14677301,3.82615462
0.14699073,3.57035331
0.14720846,3.44115722
0.14742618,4.00389564
0.14764390,3.97474940
0.14786162,3.55056393
0.14807935,3.05847900
0.14829707,3.48947901
0.14851479,3.35092007
0.14873251,3.71754566
0.14895024,3.99474466
0.14916796,3.74085420
0.14938568,3.63079835
0.14960340,3.20201900
0.14982112,3.22155218
0.15003884,3.12582923
0.15025656,3.14238054
0.15047428,3.31795549
0.15069200,3.00793010
0.15090972,3.20234736
0.15112744,3.15901150
0.15134516,2.60793691
0.15156288,2.23256071
0.15178060,2.52618747
0.15199832,3.22439054
0.15221604,2.88044795
0.15243376,3.18049541
0.15265148,3.08587190
0.15286919,2.58993252
0.15308691,3.26376346
0.15330463,3.19558847
0.15352235,2.97954543
0.15374007,2.64241772
0.15395778,2.52438880
0.15417550,2.85722673
0.15439322,3.62270898
0.15461093,3.70776612
0.15482865,3.47032974
0.15504637,3.20096275
0.15526408,2.80348210
0.15548180,2.83092741
0.15569952,2.74113682
0.15591723,3.01409043
0.15613495,2.88082860
0.15635266,2.38876049
0.15657038,2.45982713
0.15678809,2.29555139
0.15700581,2.26919919
0.15722352,2.49969953
0.15744124,2.72797272
0.15765895,2.73693152
0.15787666,2.55842647
0.15809438,3.15170765
0.15831209,3.04611916
0.15852981,2.73492458
0.15874752,2.87671095
0.15896523,3.06684001
0.15918294,2.45268318
0.15940066,2.31727309
0.15961837,2.63219842
0.15983608,2.42337573
0.16005379,2.62293760
0.16027151,2.83410137
0.16048922,2.77911646
0.16070693,3.03732728
0.16092464,2.86708850
0.16114235,2.76188243
0.16136006,2.57984659
0.16157777,2.90944987
0.16179548,2.92389792
0.16201319,2.69123672
0.16223090,3.14704399
0.16244861,3.01395215
0.16266632,2.74370071
0.16288403,2.64231235
0.16310174,2.06943494
0.16331945,2.46125103
0.16353716,2.84188706
0.16375487,2.45268821
0.16397258,1.83650227
0.16419028,2.19862500
0.16440799,2.52320368
0.16462570,2.53880410
0.16484341,2.56929564
0.16506112,2.34090430
0.16527882,2.23054493
0.16549653,2.49629181
0.16571424,2.53998988
0.16593194,2.74587969
0.16614965,2.74888749
0.16636736,2.92763605
0.16658506,2.55633346
0.16680277,2.32314516
0.16702047,2.90841406
0.16723818,2.97334108
0.16745588,2.76984588
0.16767359,2.89855195
0.16789129,2.63674295
0.16810900,2.65932016
0.16832670,2.77360007
0.16854441,2.94535117
0.16876211,2.90775674
0.16897981,2.65346467
0.16919752,2.24632063
0.16941522,2.63928289
0.16963292,2.79110977
0.16985063,2.59775118
0.17006833,2.54924400
0.17028603,2.83826952
0.17050373,2.64095763
0.17072144,2.40496745
0.17093914,1.98519267
0.17115684,1.94262110
0.17137454,2.69583839
0.17159224,2.67469363
0.17180994,2.33936893
0.17202764,2.19703164
0.17224534,2.12006772
0.17246305,2.20733742
0.17268075,2.38758861
0.17289845,2.43928895
0.17311614,2.70497228
0.17333384,2.51792573
0.17355154,2.25337121
0.17376924,2.65011693
0.17398694,2.93503670
0.17420464,2.44906867
0.17442234,1.73253420
0.17464004,2.29030168
0.17485773,2.86489641
0.17507543,2.84206237
0.17529313,2.67737857
0.17551083,2.66912068
0.17572852,2.70811357
0.17594622,2.65270548
0.17616392,2.52277421
0.17638161,2.46704170
0.17659931,1.95222368
0.17681701,2.26843384
0.17703470,2.36861473
0.17725240,2.55115988
0.17747009,2.22570692
0.17768779,2.03891131
0.17790548,2.10509581
0.17812318,2.28317097
0.17834087,2.06498696
0.17855857,2.24586751
0.17877626,2.29339080
0.17899396,2.33264633
0.17921165,2.18215393
0.17942934,2.19912856
0.17964704,2.50588597
0.17986473,2.57633807
0.18008242,2.41296043
0.18030011,2.52414757
0.18051781,2.84565392
0.18073550,2.74339619
0.18095319,2.79500550
0.18117088,2.61249192
0.18138857,2.58260707
0.18160626,2.60898368
0.18182396,2.52675517
0.18204165,2.17420677
0.18225934,2.56887215
0.18247703,2.70532510
0.18269472,2.64447403
0.18291241,2.41179709
0.18313010,2.15572783
0.18334779,2.04229281
0.18356548,2.62429918
0.18378316,2.60927290
0.18400085,2.46993665
0.18421854,2.59374654
0.18443623,2.37718904
0.18465392,2.58599550
0.18487161,2.53847227
0.18508929,2.62126317
0.18530698,2.66579256
0.18552467,2.27874179
0.18574235,2.38036850
0.18596004,2.31180958
0.18617773,2.42572241
0.18639541,2.64409487
0.18661310,2.54007939
0.18683079,2.83141431
0.18704847,2.73814694
0.18726616,2.73059804
0.18748384,2.73588610
0.18770153,2.62968140
0.18791921,2.46157733
0.18813690,2.30233247
0.18835458,2.07877482
0.18857226,1.67292352
0.18878995,1.58527023
0.18900763,1.90215367
0.18922531,2.20973243
0.18944300,1.84959319
0.18966068,1.82745983
0.18987836,2.28707682
0.19009604,2.39043065
0.19031373,2.28259827
0.19053141,1.94332318
0.19074909,1.79699285
0.19096677,1.86256635
0.19118445,1.89631785
0.19140213,2.18722358
0.19161981,2.46103222
0.19183749,2.37016381
0.19205517,2.54187876
0.19227285,2.43863613
0.19249053,2.30614993
0.19270821,2.12838582
0.19292589,2.33183103
0.19314357,2.35659969
0.19336125,2.37485327
0.19357893,1.98684687
0.19379661,2.36522299
0.19401428,2.48680393
0.19423196,2.62385472
0.19444964,2.66178797
0.19466732,2.31243903
0.19488499,2.15313788
0.19510267,1.89557202
0.19532035,2.19770059
0.19553802,2.46828987
0.19575570,2.07357329
0.19597338,1.71983647
0.19619105,1.75369969
0.19640873,1.87822562
0.19662640,1.98232959
0.19684408,2.00676212
0.19706175,1.91203797
0.19727943,1.61542858
0.19749710,1.87344226
0.19771477,2.31367787
0.19793245,2.48019689
0.19815012,2.18087944
0.19836779,2.40047350
0.19858547,2.60677219
0.19880314,2.52358964
0.19902081,2.30019271
0.19923848,2.24552438
0.19945616,2.38414651
0.19967383,2.44676308
0.19989150,2.17712298
0.20010917,2.43413640
0.20032684,2.29117238
0.20054451,2.02553733
0.20076218,1.81381171
0.20097985,1.59766357
0.20119752,2.05966875
0.20141519,2.21101472
0.20163286,2.03634547
0.20185053,1.84394285
0.20206820,2.04676885
0.20228587,2.09429278
0.20250354,2.21813549
0.20272121,1.99512037
0.20293887,2.02230862
0.20315654,1.93732901
0.20337421,2.29248573
0.20359188,2.23837075
0.20380954,1.75668837
0.20402721,1.88146573
0.20424488,1.59321658
0.20446254,1.48052738
0.20468021,1.76956298
0.20489788,1.66794667
0.20511554,1.64238976
0.20533321,1.66750595
0.20555087,1.93933006
0.20576854,1.87787351
0.20598620,1.31273215
0.20620386,1.54441561
0.20642153,1.81891278
0.20663919,1.58885431
0.20685686,1.35742992
0.20707452,2.03625370
0.20729218,1.79827390
0.20750984,1.47851527
0.20772751,1.65223531
0.20794517,1.88977820
0.20816283,1.55261886
0.20838049,1.85622297
0.20859815,1.60769500
0.20881581,1.51227099
0.20903348,1.79526592
0.20925114,1.47865213
0.20946880,1.40346205
0.20968646,1.18709151
0.20990412,1.30281877
0.21012178,1.52824110
0.21033944,1.64747500
0.21055709,1.15604682
0.21077475,1.44558392
0.21099241,1.69088141
0.21121007,1.57383637
0.21142773,1.31837415
0.21164539,1.34716020
0.21186304,1.48838500
0.21208070,1.46549584
0.21229836,1.33156337
0.21251601,1.60501274
0.21273367,1.26492482
0.21295133,1.42117037
0.21316898,1.46763899
0.21338664,1.28998502
0.21360429,1.27519661
0.21382195,1.14124981
0.21403960,1.83913342
0.21425726,1.65182115
0.21447491,1.33729568
0.21469257,1.22122370
0.21491022,1.13978778
0.21512788,1.31759846
0.21534553,1.79534279
0.21556318,1.62504092
0.21578083,1.44495568
0.21599849,1.21218568
0.21621614,1.34877761
0.21643379,1.28997447
0.21665144,1.39396422
0.21686909,1.28089290
0.21708675,1.33273820
0.21730440,1.09423199
0.21752205,0.87148552
0.21773970,1.18273630
0.21795735,1.70076004
0.21817500,1.16933794
0.21839265,1.03987948
0.21861030,1.18973764
0.21882795,1.06796400
0.21904559,1.01133252
0.21926324,0.87847431
0.21948089,0.98839405
0.21969854,0.65075613
0.21991619,1.09185023
0.22013383,1.15756918
0.22035148,1.29794727
0.22056913,1.17854799
0.22078677,0.97365968
0.22100442,0.97681850
0.22122207,0.72342628
