
Parent(s): C:/Users/CKAMMA~1/AppData/Local/Temp/qt_temp.Ne5860 C:/Users/CKAMMA~1
 1.358000e-001  6.284320e+001  0.000000e+000
 1.386600e-001  6.269978e+001  0.000000e+000
 1.415200e-001  6.180190e+001  0.000000e+000
 1.443800e-001  6.054792e+001  0.000000e+000
 1.472400e-001  5.933250e+001  0.000000e+000
 1.501000e-001  5.816909e+001  0.000000e+000
 1.529600e-001  5.699628e+001  0.000000e+000
 1.558200e-001  5.595705e+001  0.000000e+000
 1.586800e-001  5.513161e+001  0.000000e+000
 1.615400e-001  5.446035e+001  0.000000e+000
 1.644000e-001  5.396053e+001  0.000000e+000
 1.672600e-001  5.358781e+001  0.000000e+000
 1.701200e-001  5.314526e+001  0.000000e+000
 1.729800e-001  5.262061e+001  0.000000e+000
 1.758400e-001  5.202111e+001  0.000000e+000
 1.787000e-001  5.134687e+001  0.000000e+000
 1.815600e-001  5.101238e+001  0.000000e+000
 1.844200e-001  5.081731e+001  0.000000e+000
 1.872800e-001  5.060335e+001  0.000000e+000
 1.901400e-001  5.037518e+001  0.000000e+000
 1.930000e-001  5.016929e+001  0.000000e+000
 1.958600e-001  4.996862e+001  0.000000e+000
 1.987200e-001  4.969065e+001  0.000000e+000
 2.015800e-001  4.937574e+001  0.000000e+000
 2.044400e-001  4.917152e+001  0.000000e+000
 2.073000e-001  4.900725e+001  0.000000e+000
 2.101600e-001  4.880133e+001  0.000000e+000
 2.130200e-001  4.855822e+001  0.000000e+000
 2.158800e-001  4.842854e+001  0.000000e+000
 2.187400e-001  4.844444e+001  0.000000e+000
 2.216000e-001  4.847208e+001  0.000000e+000
 2.244600e-001  4.841166e+001  0.000000e+000
 2.273200e-001  4.822523e+001  0.000000e+000
 2.301800e-001  4.798864e+001  0.000000e+000
 2.330400e-001  4.781282e+001  0.000000e+000
 2.359000e-001  4.776994e+001  0.000000e+000
 2.387600e-001  4.773423e+001  0.000000e+000
 2.416200e-001  4.769076e+001  0.000000e+000
 2.444800e-001  4.772005e+001  0.000000e+000
 2.473400e-001  4.763062e+001  0.000000e+000
 2.502000e-001  4.750893e+001  0.000000e+000
 2.530600e-001  4.749381e+001  0.000000e+000
 2.559200e-001  4.748578e+001  0.000000e+000
 2.587800e-001  4.738512e+001  0.000000e+000
 2.616400e-001  4.722938e+001  0.000000e+000
 2.645000e-001  4.706277e+001  0.000000e+000
 2.673600e-001  4.696992e+001  0.000000e+000
 2.702200e-001  4.695380e+001  0.000000e+000
 2.730800e-001  4.692017e+001  0.000000e+000
 2.759400e-001  4.696014e+001  0.000000e+000
 2.788000e-001  4.703440e+001  0.000000e+000
 2.816600e-001  4.696279e+001  0.000000e+000
 2.845200e-001  4.677807e+001  0.000000e+000
 2.873800e-001  4.664261e+001  0.000000e+000
 2.902400e-001  4.667537e+001  0.000000e+000
 2.931000e-001  4.679920e+001  0.000000e+000
 2.959600e-001  4.679356e+001  0.000000e+000
 2.988200e-001  4.670141e+001  0.000000e+000
 3.016800e-001  4.668129e+001  0.000000e+000
 3.045400e-001  4.674766e+001  0.000000e+000
 3.074000e-001  4.672334e+001  0.000000e+000
 3.102600e-001  4.666682e+001  0.000000e+000
 3.131200e-001  4.660967e+001  0.000000e+000
 3.159800e-001  4.655247e+001  0.000000e+000
 3.188400e-001  4.653162e+001  0.000000e+000
 3.217000e-001  4.651591e+001  0.000000e+000
 3.245600e-001  4.652896e+001  0.000000e+000
 3.274200e-001  4.659391e+001  0.000000e+000
 3.302800e-001  4.662027e+001  0.000000e+000
 3.331400e-001  4.654751e+001  0.000000e+000
 3.360000e-001  4.644058e+001  0.000000e+000
 3.388600e-001  4.634119e+001  0.000000e+000
 3.417200e-001  4.635253e+001  0.000000e+000
 3.445800e-001  4.642997e+001  0.000000e+000
 3.474400e-001  4.646043e+001  0.000000e+000
 3.503000e-001  4.642680e+001  0.000000e+000
 3.531600e-001  4.639699e+001  0.000000e+000
 3.560200e-001  4.638491e+001  0.000000e+000
 3.588800e-001  4.633740e+001  0.000000e+000
 3.617400e-001  4.632465e+001  0.000000e+000
 3.646000e-001  4.635425e+001  0.000000e+000
 3.674600e-001  4.638109e+001  0.000000e+000
 3.703200e-001  4.637820e+001  0.000000e+000
 3.731800e-001  4.633152e+001  0.000000e+000
 3.760400e-001  4.626776e+001  0.000000e+000
 3.789000e-001  4.625580e+001  0.000000e+000
 3.817600e-001  4.623065e+001  0.000000e+000
 3.846200e-001  4.618485e+001  0.000000e+000
 3.874800e-001  4.622982e+001  0.000000e+000
 3.903400e-001  4.629943e+001  0.000000e+000
 3.932000e-001  4.627750e+001  0.000000e+000
 3.960600e-001  4.618101e+001  0.000000e+000
 3.989200e-001  4.616605e+001  0.000000e+000
 4.017800e-001  4.617551e+001  0.000000e+000
 4.046400e-001  4.608136e+001  0.000000e+000
 4.075000e-001  4.603609e+001  0.000000e+000
 4.103600e-001  4.614279e+001  0.000000e+000
 4.132200e-001  4.621877e+001  0.000000e+000
 4.160800e-001  4.619319e+001  0.000000e+000
 4.189400e-001  4.613476e+001  0.000000e+000
 4.218000e-001  4.612493e+001  0.000000e+000
 4.246600e-001  4.616382e+001  0.000000e+000
 4.275200e-001  4.618215e+001  0.000000e+000
 4.303800e-001  4.616676e+001  0.000000e+000
 4.332400e-001  4.614162e+001  0.000000e+000
 4.361000e-001  4.612478e+001  0.000000e+000
 4.389600e-001  4.611545e+001  0.000000e+000
 4.418200e-001  4.608003e+001  0.000000e+000
 4.446800e-001  4.604725e+001  0.000000e+000
 4.475400e-001  4.610109e+001  0.000000e+000
 4.504000e-001  4.619378e+001  0.000000e+000
 4.532600e-001  4.617165e+001  0.000000e+000
 4.561200e-001  4.611950e+001  0.000000e+000
 4.589800e-001  4.613459e+001  0.000000e+000
 4.618400e-001  4.616066e+001  0.000000e+000
 4.647000e-001  4.617406e+001  0.000000e+000
 4.675600e-001  4.618624e+001  0.000000e+000
 4.704200e-001  4.619165e+001  0.000000e+000
 4.732800e-001  4.615668e+001  0.000000e+000
 4.761400e-001  4.610862e+001  0.000000e+000
 4.790000e-001  4.609104e+001  0.000000e+000
 4.818600e-001  4.613414e+001  0.000000e+000
 4.847200e-001  4.617206e+001  0.000000e+000
 4.875800e-001  4.617760e+001  0.000000e+000
 4.904400e-001  4.614072e+001  0.000000e+000
 4.933000e-001  4.607428e+001  0.000000e+000
 4.961600e-001  4.603200e+001  0.000000e+000
 4.990200e-001  4.602606e+001  0.000000e+000
 5.018800e-001  4.603760e+001  0.000000e+000
 5.047400e-001  4.602066e+001  0.000000e+000
 5.076000e-001  4.601555e+001  0.000000e+000
 5.104600e-001  4.607657e+001  0.000000e+000
 5.133200e-001  4.615500e+001  0.000000e+000
 5.161800e-001  4.622886e+001  0.000000e+000
 5.190400e-001  4.624850e+001  0.000000e+000
 5.219000e-001  4.619506e+001  0.000000e+000
 5.247600e-001  4.610735e+001  0.000000e+000
 5.276200e-001  4.605211e+001  0.000000e+000
 5.304800e-001  4.608720e+001  0.000000e+000
 5.333400e-001  4.614560e+001  0.000000e+000
 5.362000e-001  4.616026e+001  0.000000e+000
 5.390600e-001  4.611710e+001  0.000000e+000
 5.419200e-001  4.609147e+001  0.000000e+000
 5.447800e-001  4.609660e+001  0.000000e+000
 5.476400e-001  4.607614e+001  0.000000e+000
 5.505000e-001  4.604905e+001  0.000000e+000
 5.533600e-001  4.603935e+001  0.000000e+000
 5.562200e-001  4.604721e+001  0.000000e+000
 5.590800e-001  4.602917e+001  0.000000e+000
 5.619400e-001  4.606052e+001  0.000000e+000
 5.648000e-001  4.611774e+001  0.000000e+000
 5.676600e-001  4.619930e+001  0.000000e+000
 5.705200e-001  4.621585e+001  0.000000e+000
 5.733800e-001  4.609909e+001  0.000000e+000
 5.762400e-001  4.595554e+001  0.000000e+000
 5.791000e-001  4.591971e+001  0.000000e+000
 5.819600e-001  4.597502e+001  0.000000e+000
 5.848200e-001  4.603711e+001  0.000000e+000
 5.876800e-001  4.605727e+001  0.000000e+000
 5.905400e-001  4.603661e+001  0.000000e+000
 5.934000e-001  4.605322e+001  0.000000e+000
 5.962600e-001  4.605573e+001  0.000000e+000
 5.991200e-001  4.602587e+001  0.000000e+000
 6.019800e-001  4.600398e+001  0.000000e+000
 6.048400e-001  4.596656e+001  0.000000e+000
 6.077000e-001  4.589133e+001  0.000000e+000
 6.105600e-001  4.585670e+001  0.000000e+000
 6.134200e-001  4.592189e+001  0.000000e+000
 6.162800e-001  4.603423e+001  0.000000e+000
 6.191400e-001  4.608081e+001  0.000000e+000
 6.220000e-001  4.602714e+001  0.000000e+000
 6.248600e-001  4.597790e+001  0.000000e+000
 6.277200e-001  4.599542e+001  0.000000e+000
 6.305800e-001  4.604181e+001  0.000000e+000
 6.334400e-001  4.608824e+001  0.000000e+000
 6.363000e-001  4.612003e+001  0.000000e+000
 6.391600e-001  4.609465e+001  0.000000e+000
 6.420200e-001  4.604811e+001  0.000000e+000
 6.448800e-001  4.603155e+001  0.000000e+000
 6.477400e-001  4.600925e+001  0.000000e+000
 6.506000e-001  4.594840e+001  0.000000e+000
 6.534600e-001  4.593180e+001  0.000000e+000
 6.563200e-001  4.598394e+001  0.000000e+000
 6.591800e-001  4.600543e+001  0.000000e+000
 6.620400e-001  4.597938e+001  0.000000e+000
 6.649000e-001  4.597099e+001  0.000000e+000
 6.677600e-001  4.596416e+001  0.000000e+000
 6.706200e-001  4.592238e+001  0.000000e+000
 6.734800e-001  4.589712e+001  0.000000e+000
 6.763400e-001  4.591015e+001  0.000000e+000
 6.792000e-001  4.591997e+001  0.000000e+000
 6.820600e-001  4.593088e+001  0.000000e+000
 6.849200e-001  4.593456e+001  0.000000e+000
 6.877800e-001  4.592056e+001  0.000000e+000
 6.906400e-001  4.593567e+001  0.000000e+000
 6.935000e-001  4.597291e+001  0.000000e+000
 6.963600e-001  4.594887e+001  0.000000e+000
 6.992200e-001  4.591573e+001  0.000000e+000
 7.020800e-001  4.595781e+001  0.000000e+000
 7.049400e-001  4.602047e+001  0.000000e+000
 7.078000e-001  4.603259e+001  0.000000e+000
 7.106600e-001  4.599357e+001  0.000000e+000
 7.135200e-001  4.594686e+001  0.000000e+000
 7.163800e-001  4.591903e+001  0.000000e+000
 7.192400e-001  4.591926e+001  0.000000e+000
 7.221000e-001  4.593348e+001  0.000000e+000
 7.249600e-001  4.595200e+001  0.000000e+000
 7.278200e-001  4.597649e+001  0.000000e+000
 7.306800e-001  4.597523e+001  0.000000e+000
 7.335400e-001  4.595063e+001  0.000000e+000
 7.364000e-001  4.597624e+001  0.000000e+000
 7.392600e-001  4.603193e+001  0.000000e+000
 7.421200e-001  4.603647e+001  0.000000e+000
 7.449800e-001  4.595299e+001  0.000000e+000
 7.478400e-001  4.590382e+001  0.000000e+000
 7.507000e-001  4.590921e+001  0.000000e+000
 7.535600e-001  4.593274e+001  0.000000e+000
 7.564200e-001  4.593011e+001  0.000000e+000
 7.592800e-001  4.593773e+001  0.000000e+000
 7.621400e-001  4.594543e+001  0.000000e+000
 7.650000e-001  4.589032e+001  0.000000e+000
 7.678600e-001  4.587950e+001  0.000000e+000
 7.707200e-001  4.595314e+001  0.000000e+000
 7.735800e-001  4.602111e+001  0.000000e+000
 7.764400e-001  4.599928e+001  0.000000e+000
 7.793000e-001  4.590960e+001  0.000000e+000
 7.821600e-001  4.587545e+001  0.000000e+000
 7.850200e-001  4.589028e+001  0.000000e+000
 7.878800e-001  4.594583e+001  0.000000e+000
 7.907400e-001  4.595348e+001  0.000000e+000
 7.936000e-001  4.588887e+001  0.000000e+000
 7.964600e-001  4.585980e+001  0.000000e+000
 7.993200e-001  4.589627e+001  0.000000e+000
 8.021800e-001  4.590471e+001  0.000000e+000
 8.050400e-001  4.587698e+001  0.000000e+000
 8.079000e-001  4.589572e+001  0.000000e+000
 8.107600e-001  4.594971e+001  0.000000e+000
 8.136200e-001  4.598166e+001  0.000000e+000
 8.164800e-001  4.594841e+001  0.000000e+000
 8.193400e-001  4.593988e+001  0.000000e+000
 8.222000e-001  4.597828e+001  0.000000e+000
 8.250600e-001  4.595496e+001  0.000000e+000
 8.279200e-001  4.590390e+001  0.000000e+000
 8.307800e-001  4.590763e+001  0.000000e+000
 8.336400e-001  4.592825e+001  0.000000e+000
 8.365000e-001  4.591717e+001  0.000000e+000
 8.393600e-001  4.588306e+001  0.000000e+000
 8.422200e-001  4.587007e+001  0.000000e+000
 8.450800e-001  4.589683e+001  0.000000e+000
 8.479400e-001  4.591010e+001  0.000000e+000
 8.508000e-001  4.587917e+001  0.000000e+000
 8.536600e-001  4.587676e+001  0.000000e+000
 8.565200e-001  4.589969e+001  0.000000e+000
 8.593800e-001  4.588203e+001  0.000000e+000
 8.622400e-001  4.585788e+001  0.000000e+000
 8.651000e-001  4.582046e+001  0.000000e+000
 8.679600e-001  4.580226e+001  0.000000e+000
 8.708200e-001  4.582690e+001  0.000000e+000
 8.736800e-001  4.583785e+001  0.000000e+000
 8.765400e-001  4.583397e+001  0.000000e+000
 8.794000e-001  4.583831e+001  0.000000e+000
 8.822600e-001  4.582875e+001  0.000000e+000
 8.851200e-001  4.583669e+001  0.000000e+000
 8.879800e-001  4.586106e+001  0.000000e+000
 8.908400e-001  4.589765e+001  0.000000e+000
 8.937000e-001  4.592366e+001  0.000000e+000
 8.965600e-001  4.594067e+001  0.000000e+000
 8.994200e-001  4.591326e+001  0.000000e+000
 9.022800e-001  4.589933e+001  0.000000e+000
 9.051400e-001  4.591019e+001  0.000000e+000
 9.080000e-001  4.588491e+001  0.000000e+000
 9.108600e-001  4.587289e+001  0.000000e+000
 9.137200e-001  4.589708e+001  0.000000e+000
 9.165800e-001  4.592379e+001  0.000000e+000
 9.194400e-001  4.597434e+001  0.000000e+000
 9.223000e-001  4.596552e+001  0.000000e+000
 9.251600e-001  4.592483e+001  0.000000e+000
 9.280200e-001  4.589909e+001  0.000000e+000
 9.308800e-001  4.589830e+001  0.000000e+000
 9.337400e-001  4.591728e+001  0.000000e+000
 9.366000e-001  4.590861e+001  0.000000e+000
 9.394600e-001  4.590237e+001  0.000000e+000
 9.423200e-001  4.594201e+001  0.000000e+000
 9.451800e-001  4.595974e+001  0.000000e+000
 9.480400e-001  4.593609e+001  0.000000e+000
 9.509000e-001  4.589923e+001  0.000000e+000
 9.537600e-001  4.588623e+001  0.000000e+000
 9.566200e-001  4.588568e+001  0.000000e+000
 9.594800e-001  4.590245e+001  0.000000e+000
 9.623400e-001  4.589429e+001  0.000000e+000
 9.652000e-001  4.585971e+001  0.000000e+000
 9.680600e-001  4.585540e+001  0.000000e+000
 9.709200e-001  4.584526e+001  0.000000e+000
 9.737800e-001  4.584057e+001  0.000000e+000
 9.766400e-001  4.586537e+001  0.000000e+000
 9.795000e-001  4.585993e+001  0.000000e+000
 9.823600e-001  4.583370e+001  0.000000e+000
 9.852200e-001  4.580841e+001  0.000000e+000
 9.880800e-001  4.582092e+001  0.000000e+000
 9.909400e-001  4.582745e+001  0.000000e+000
 9.938000e-001  4.582687e+001  0.000000e+000
 9.966600e-001  4.582333e+001  0.000000e+000
 9.995200e-001  4.581066e+001  0.000000e+000
 1.002380e+000  4.582102e+001  0.000000e+000
 1.005240e+000  4.584867e+001  0.000000e+000
 1.008100e+000  4.588588e+001  0.000000e+000
 1.010960e+000  4.591150e+001  0.000000e+000
 1.013820e+000  4.589962e+001  0.000000e+000
 1.016680e+000  4.587732e+001  0.000000e+000
 1.019540e+000  4.588017e+001  0.000000e+000
 1.022400e+000  4.589828e+001  0.000000e+000
 1.025260e+000  4.591654e+001  0.000000e+000
 1.028120e+000  4.593727e+001  0.000000e+000
 1.030980e+000  4.594705e+001  0.000000e+000
 1.033840e+000  4.593539e+001  0.000000e+000
 1.036700e+000  4.589781e+001  0.000000e+000
 1.039560e+000  4.585968e+001  0.000000e+000
 1.042420e+000  4.585752e+001  0.000000e+000
 1.045280e+000  4.589629e+001  0.000000e+000
 1.048140e+000  4.590386e+001  0.000000e+000
 1.051000e+000  4.587325e+001  0.000000e+000
 1.053860e+000  4.583808e+001  0.000000e+000
 1.056720e+000  4.579923e+001  0.000000e+000
 1.059580e+000  4.576426e+001  0.000000e+000
 1.062440e+000  4.578755e+001  0.000000e+000
 1.065300e+000  4.580345e+001  0.000000e+000
 1.068160e+000  4.582374e+001  0.000000e+000
 1.071020e+000  4.583884e+001  0.000000e+000
 1.073880e+000  4.581903e+001  0.000000e+000
 1.076740e+000  4.580341e+001  0.000000e+000
 1.079600e+000  4.579102e+001  0.000000e+000
 1.082460e+000  4.577990e+001  0.000000e+000
 1.085320e+000  4.580356e+001  0.000000e+000
 1.088180e+000  4.582186e+001  0.000000e+000
 1.091040e+000  4.580708e+001  0.000000e+000
 1.093900e+000  4.576847e+001  0.000000e+000
 1.096760e+000  4.572168e+001  0.000000e+000
 1.099620e+000  4.572426e+001  0.000000e+000
 1.102480e+000  4.580700e+001  0.000000e+000
 1.105340e+000  4.584754e+001  0.000000e+000
 1.108200e+000  4.580432e+001  0.000000e+000
 1.111060e+000  4.580129e+001  0.000000e+000
 1.113920e+000  4.584947e+001  0.000000e+000
 1.116780e+000  4.582877e+001  0.000000e+000
 1.119640e+000  4.577023e+001  0.000000e+000
 1.122500e+000  4.572984e+001  0.000000e+000
 1.125360e+000  4.571821e+001  0.000000e+000
 1.128220e+000  4.572520e+001  0.000000e+000
 1.131080e+000  4.572690e+001  0.000000e+000
 1.133940e+000  4.573881e+001  0.000000e+000
 1.136800e+000  4.570694e+001  0.000000e+000
 1.139660e+000  4.563353e+001  0.000000e+000
 1.142520e+000  4.559200e+001  0.000000e+000
 1.145380e+000  4.554967e+001  0.000000e+000
 1.148240e+000  4.547457e+001  0.000000e+000
 1.151100e+000  4.540703e+001  0.000000e+000
 1.153960e+000  4.540148e+001  0.000000e+000
 1.156820e+000  4.541897e+001  0.000000e+000
 1.159680e+000  4.545590e+001  0.000000e+000
 1.162540e+000  4.547589e+001  0.000000e+000
 1.165400e+000  4.544959e+001  0.000000e+000
 1.168260e+000  4.536864e+001  0.000000e+000
 1.171120e+000  4.533338e+001  0.000000e+000
 1.173980e+000  4.535480e+001  0.000000e+000
 1.176840e+000  4.535526e+001  0.000000e+000
 1.179700e+000  4.537821e+001  0.000000e+000
 1.182560e+000  4.539900e+001  0.000000e+000
 1.185420e+000  4.535762e+001  0.000000e+000
 1.188280e+000  4.531002e+001  0.000000e+000
 1.191140e+000  4.531794e+001  0.000000e+000
 1.194000e+000  4.532857e+001  0.000000e+000
 1.196860e+000  4.530209e+001  0.000000e+000
 1.199720e+000  4.526030e+001  0.000000e+000
 1.202580e+000  4.521680e+001  0.000000e+000
 1.205440e+000  4.517383e+001  0.000000e+000
 1.208300e+000  4.514350e+001  0.000000e+000
 1.211160e+000  4.517844e+001  0.000000e+000
 1.214020e+000  4.524284e+001  0.000000e+000
 1.216880e+000  4.530189e+001  0.000000e+000
 1.219740e+000  4.531865e+001  0.000000e+000
 1.222600e+000  4.530645e+001  0.000000e+000
 1.225460e+000  4.530925e+001  0.000000e+000
 1.228320e+000  4.533549e+001  0.000000e+000
 1.231180e+000  4.532445e+001  0.000000e+000
 1.234040e+000  4.528120e+001  0.000000e+000
 1.236900e+000  4.525210e+001  0.000000e+000
 1.239760e+000  4.522584e+001  0.000000e+000
 1.242620e+000  4.520182e+001  0.000000e+000
 1.245480e+000  4.517667e+001  0.000000e+000
 1.248340e+000  4.514157e+001  0.000000e+000
 1.251200e+000  4.515634e+001  0.000000e+000
 1.254060e+000  4.517331e+001  0.000000e+000
 1.256920e+000  4.513457e+001  0.000000e+000
 1.259780e+000  4.511020e+001  0.000000e+000
 1.262640e+000  4.514027e+001  0.000000e+000
 1.265500e+000  4.517874e+001  0.000000e+000
 1.268360e+000  4.517993e+001  0.000000e+000
 1.271220e+000  4.511708e+001  0.000000e+000
 1.274080e+000  4.503898e+001  0.000000e+000
 1.276940e+000  4.505995e+001  0.000000e+000
 1.279800e+000  4.513923e+001  0.000000e+000
 1.282660e+000  4.514954e+001  0.000000e+000
 1.285520e+000  4.511564e+001  0.000000e+000
 1.288380e+000  4.512400e+001  0.000000e+000
 1.291240e+000  4.512840e+001  0.000000e+000
 1.294100e+000  4.511833e+001  0.000000e+000
 1.296960e+000  4.510965e+001  0.000000e+000
 1.299820e+000  4.508825e+001  0.000000e+000
 1.302680e+000  4.508066e+001  0.000000e+000
 1.305540e+000  4.505356e+001  0.000000e+000
 1.308400e+000  4.503009e+001  0.000000e+000
 1.311260e+000  4.503328e+001  0.000000e+000
 1.314120e+000  4.504750e+001  0.000000e+000
 1.316980e+000  4.504785e+001  0.000000e+000
 1.319840e+000  4.505245e+001  0.000000e+000
 1.322700e+000  4.509755e+001  0.000000e+000
 1.325560e+000  4.511944e+001  0.000000e+000
 1.328420e+000  4.511077e+001  0.000000e+000
 1.331280e+000  4.510927e+001  0.000000e+000
 1.334140e+000  4.510940e+001  0.000000e+000
 1.337000e+000  4.512436e+001  0.000000e+000
 1.339860e+000  4.512562e+001  0.000000e+000
 1.342720e+000  4.509531e+001  0.000000e+000
 1.345580e+000  4.507427e+001  0.000000e+000
 1.348440e+000  4.508157e+001  0.000000e+000
 1.351300e+000  4.509249e+001  0.000000e+000
 1.354160e+000  4.507629e+001  0.000000e+000
 1.357020e+000  4.503692e+001  0.000000e+000
 1.359880e+000  4.501485e+001  0.000000e+000
 1.362740e+000  4.502238e+001  0.000000e+000
 1.365600e+000  4.504142e+001  0.000000e+000
 1.368460e+000  4.507513e+001  0.000000e+000
 1.371320e+000  4.508487e+001  0.000000e+000
 1.374180e+000  4.508104e+001  0.000000e+000
 1.377040e+000  4.505563e+001  0.000000e+000
 1.379900e+000  4.501264e+001  0.000000e+000
 1.382760e+000  4.499700e+001  0.000000e+000
 1.385620e+000  4.500961e+001  0.000000e+000
 1.388480e+000  4.503973e+001  0.000000e+000
 1.391340e+000  4.506360e+001  0.000000e+000
 1.394200e+000  4.507216e+001  0.000000e+000
 1.397060e+000  4.504558e+001  0.000000e+000
 1.399920e+000  4.502205e+001  0.000000e+000
 1.402780e+000  4.500902e+001  0.000000e+000
 1.405640e+000  4.500029e+001  0.000000e+000
 1.408500e+000  4.503721e+001  0.000000e+000
 1.411360e+000  4.510083e+001  0.000000e+000
 1.414220e+000  4.512548e+001  0.000000e+000
 1.417080e+000  4.510052e+001  0.000000e+000
 1.419940e+000  4.504856e+001  0.000000e+000
 1.422800e+000  4.503170e+001  0.000000e+000
 1.425660e+000  4.504337e+001  0.000000e+000
 1.428520e+000  4.502679e+001  0.000000e+000
 1.431380e+000  4.499486e+001  0.000000e+000
 1.434240e+000  4.498905e+001  0.000000e+000
 1.437100e+000  4.500551e+001  0.000000e+000
 1.439960e+000  4.501740e+001  0.000000e+000
 1.442820e+000  4.501024e+001  0.000000e+000
 1.445680e+000  4.500555e+001  0.000000e+000
 1.448540e+000  4.500626e+001  0.000000e+000
 1.451400e+000  4.500861e+001  0.000000e+000
 1.454260e+000  4.499223e+001  0.000000e+000
 1.457120e+000  4.497473e+001  0.000000e+000
 1.459980e+000  4.497440e+001  0.000000e+000
 1.462840e+000  4.496336e+001  0.000000e+000
 1.465700e+000  4.492845e+001  0.000000e+000
 1.468560e+000  4.490094e+001  0.000000e+000
 1.471420e+000  4.492226e+001  0.000000e+000
 1.474280e+000  4.498029e+001  0.000000e+000
 1.477140e+000  4.501169e+001  0.000000e+000
 1.480000e+000  4.500203e+001  0.000000e+000
 1.482860e+000  4.499459e+001  0.000000e+000
 1.485720e+000  4.499868e+001  0.000000e+000
 1.488580e+000  4.501135e+001  0.000000e+000
 1.491440e+000  4.500434e+001  0.000000e+000
 1.494300e+000  4.497321e+001  0.000000e+000
 1.497160e+000  4.497807e+001  0.000000e+000
 1.500020e+000  4.500877e+001  0.000000e+000
 1.502880e+000  4.499404e+001  0.000000e+000
 1.505740e+000  4.496287e+001  0.000000e+000
 1.508600e+000  4.496678e+001  0.000000e+000
 1.511460e+000  4.497759e+001  0.000000e+000
 1.514320e+000  4.498136e+001  0.000000e+000
 1.517180e+000  4.497850e+001  0.000000e+000
 1.520040e+000  4.498333e+001  0.000000e+000
 1.522900e+000  4.497457e+001  0.000000e+000
 1.525760e+000  4.492349e+001  0.000000e+000
 1.528620e+000  4.484096e+001  0.000000e+000
 1.531480e+000  4.481530e+001  0.000000e+000
 1.534340e+000  4.483803e+001  0.000000e+000
 1.537200e+000  4.486627e+001  0.000000e+000
 1.540060e+000  4.490038e+001  0.000000e+000
 1.542920e+000  4.493132e+001  0.000000e+000
 1.545780e+000  4.493173e+001  0.000000e+000
 1.548640e+000  4.491142e+001  0.000000e+000
 1.551500e+000  4.491924e+001  0.000000e+000
 1.554360e+000  4.493749e+001  0.000000e+000
 1.557220e+000  4.494702e+001  0.000000e+000
 1.560080e+000  4.496705e+001  0.000000e+000
 1.562940e+000  4.498930e+001  0.000000e+000
 1.565800e+000  4.499905e+001  0.000000e+000
 1.568660e+000  4.500400e+001  0.000000e+000
 1.571520e+000  4.501800e+001  0.000000e+000
 1.574380e+000  4.501074e+001  0.000000e+000
 1.577240e+000  4.496326e+001  0.000000e+000
 1.580100e+000  4.492549e+001  0.000000e+000
 1.582960e+000  4.492845e+001  0.000000e+000
 1.585820e+000  4.496108e+001  0.000000e+000
 1.588680e+000  4.496729e+001  0.000000e+000
 1.591540e+000  4.497949e+001  0.000000e+000
 1.594400e+000  4.501257e+001  0.000000e+000
 1.597260e+000  4.500639e+001  0.000000e+000
 1.600120e+000  4.499031e+001  0.000000e+000
 1.602980e+000  4.496235e+001  0.000000e+000
 1.605840e+000  4.491663e+001  0.000000e+000
 1.608700e+000  4.488628e+001  0.000000e+000
 1.611560e+000  4.488326e+001  0.000000e+000
 1.614420e+000  4.490382e+001  0.000000e+000
 1.617280e+000  4.491865e+001  0.000000e+000
 1.620140e+000  4.492425e+001  0.000000e+000
 1.623000e+000  4.492622e+001  0.000000e+000
 1.625860e+000  4.490559e+001  0.000000e+000
 1.628720e+000  4.486852e+001  0.000000e+000
 1.631580e+000  4.487797e+001  0.000000e+000
 1.634440e+000  4.491556e+001  0.000000e+000
 1.637300e+000  4.492216e+001  0.000000e+000
 1.640160e+000  4.489997e+001  0.000000e+000
 1.643020e+000  4.488525e+001  0.000000e+000
 1.645880e+000  4.491306e+001  0.000000e+000
 1.648740e+000  4.493446e+001  0.000000e+000
 1.651600e+000  4.493173e+001  0.000000e+000
 1.654460e+000  4.492974e+001  0.000000e+000
 1.657320e+000  4.492826e+001  0.000000e+000
 1.660180e+000  4.491349e+001  0.000000e+000
 1.663040e+000  4.490846e+001  0.000000e+000
 1.665900e+000  4.492064e+001  0.000000e+000
 1.668760e+000  4.494322e+001  0.000000e+000
 1.671620e+000  4.495158e+001  0.000000e+000
 1.674480e+000  4.492998e+001  0.000000e+000
 1.677340e+000  4.492777e+001  0.000000e+000
 1.680200e+000  4.497079e+001  0.000000e+000
 1.683060e+000  4.501333e+001  0.000000e+000
 1.685920e+000  4.499241e+001  0.000000e+000
 1.688780e+000  4.492588e+001  0.000000e+000
 1.691640e+000  4.488768e+001  0.000000e+000
 1.694500e+000  4.488680e+001  0.000000e+000
 1.697360e+000  4.489959e+001  0.000000e+000
 1.700220e+000  4.491210e+001  0.000000e+000
 1.703080e+000  4.490079e+001  0.000000e+000
 1.705940e+000  4.489753e+001  0.000000e+000
 1.708800e+000  4.489501e+001  0.000000e+000
 1.711660e+000  4.488303e+001  0.000000e+000
 1.714520e+000  4.489541e+001  0.000000e+000
 1.717380e+000  4.492009e+001  0.000000e+000
 1.720240e+000  4.494991e+001  0.000000e+000
 1.723100e+000  4.496417e+001  0.000000e+000
 1.725960e+000  4.495552e+001  0.000000e+000
 1.728820e+000  4.493666e+001  0.000000e+000
 1.731680e+000  4.491493e+001  0.000000e+000
 1.734540e+000  4.488839e+001  0.000000e+000
 1.737400e+000  4.488441e+001  0.000000e+000
 1.740260e+000  4.490273e+001  0.000000e+000
 1.743120e+000  4.491972e+001  0.000000e+000
 1.745980e+000  4.490069e+001  0.000000e+000
 1.748840e+000  4.486410e+001  0.000000e+000
 1.751700e+000  4.484952e+001  0.000000e+000
 1.754560e+000  4.489018e+001  0.000000e+000
 1.757420e+000  4.492836e+001  0.000000e+000
 1.760280e+000  4.491833e+001  0.000000e+000
 1.763140e+000  4.488626e+001  0.000000e+000
 1.766000e+000  4.486789e+001  0.000000e+000
 1.768860e+000  4.486708e+001  0.000000e+000
 1.771720e+000  4.487488e+001  0.000000e+000
 1.774580e+000  4.489607e+001  0.000000e+000
 1.777440e+000  4.491428e+001  0.000000e+000
 1.780300e+000  4.492074e+001  0.000000e+000
 1.783160e+000  4.489308e+001  0.000000e+000
 1.786020e+000  4.484809e+001  0.000000e+000
 1.788880e+000  4.480371e+001  0.000000e+000
 1.791740e+000  4.478747e+001  0.000000e+000
 1.794600e+000  4.481943e+001  0.000000e+000
 1.797460e+000  4.486417e+001  0.000000e+000
 1.800320e+000  4.487286e+001  0.000000e+000
 1.803180e+000  4.485852e+001  0.000000e+000
 1.806040e+000  4.485604e+001  0.000000e+000
 1.808900e+000  4.485759e+001  0.000000e+000
 1.811760e+000  4.485468e+001  0.000000e+000
 1.814620e+000  4.485148e+001  0.000000e+000
 1.817480e+000  4.486211e+001  0.000000e+000
 1.820340e+000  4.487796e+001  0.000000e+000
 1.823200e+000  4.489989e+001  0.000000e+000
 1.826060e+000  4.491888e+001  0.000000e+000
 1.828920e+000  4.490868e+001  0.000000e+000
 1.831780e+000  4.490980e+001  0.000000e+000
 1.834640e+000  4.491994e+001  0.000000e+000
 1.837500e+000  4.492275e+001  0.000000e+000
 1.840360e+000  4.489988e+001  0.000000e+000
 1.843220e+000  4.488332e+001  0.000000e+000
 1.846080e+000  4.486500e+001  0.000000e+000
 1.848940e+000  4.485818e+001  0.000000e+000
 1.851800e+000  4.488817e+001  0.000000e+000
 1.854660e+000  4.493290e+001  0.000000e+000
 1.857520e+000  4.494649e+001  0.000000e+000
 1.860380e+000  4.491365e+001  0.000000e+000
 1.863240e+000  4.487426e+001  0.000000e+000
 1.866100e+000  4.485965e+001  0.000000e+000
 1.868960e+000  4.484605e+001  0.000000e+000
 1.871820e+000  4.482852e+001  0.000000e+000
 1.874680e+000  4.483009e+001  0.000000e+000
 1.877540e+000  4.484532e+001  0.000000e+000
 1.880400e+000  4.484357e+001  0.000000e+000
 1.883260e+000  4.484335e+001  0.000000e+000
 1.886120e+000  4.483732e+001  0.000000e+000
 1.888980e+000  4.481458e+001  0.000000e+000
 1.891840e+000  4.479648e+001  0.000000e+000
 1.894700e+000  4.480088e+001  0.000000e+000
 1.897560e+000  4.482927e+001  0.000000e+000
 1.900420e+000  4.484703e+001  0.000000e+000
 1.903280e+000  4.484357e+001  0.000000e+000
 1.906140e+000  4.483668e+001  0.000000e+000
 1.909000e+000  4.480708e+001  0.000000e+000
 1.911860e+000  4.474912e+001  0.000000e+000
 1.914720e+000  4.472260e+001  0.000000e+000
 1.917580e+000  4.477561e+001  0.000000e+000
 1.920440e+000  4.481155e+001  0.000000e+000
 1.923300e+000  4.481263e+001  0.000000e+000
 1.926160e+000  4.481316e+001  0.000000e+000
 1.929020e+000  4.483442e+001  0.000000e+000
 1.931880e+000  4.484135e+001  0.000000e+000
 1.934740e+000  4.483251e+001  0.000000e+000
 1.937600e+000  4.481378e+001  0.000000e+000
 1.940460e+000  4.478881e+001  0.000000e+000
 1.943320e+000  4.478327e+001  0.000000e+000
 1.946180e+000  4.479254e+001  0.000000e+000
 1.949040e+000  4.480332e+001  0.000000e+000
 1.951900e+000  4.481249e+001  0.000000e+000
 1.954760e+000  4.482827e+001  0.000000e+000
 1.957620e+000  4.484591e+001  0.000000e+000
 1.960480e+000  4.485765e+001  0.000000e+000
 1.963340e+000  4.485137e+001  0.000000e+000
 1.966200e+000  4.483122e+001  0.000000e+000
 1.969060e+000  4.479949e+001  0.000000e+000
 1.971920e+000  4.476150e+001  0.000000e+000
 1.974780e+000  4.475830e+001  0.000000e+000
 1.977640e+000  4.478258e+001  0.000000e+000
 1.980500e+000  4.479737e+001  0.000000e+000
 1.983360e+000  4.479593e+001  0.000000e+000
 1.986220e+000  4.478024e+001  0.000000e+000
 1.989080e+000  4.477823e+001  0.000000e+000
 1.991940e+000  4.480939e+001  0.000000e+000
 1.994800e+000  4.481706e+001  0.000000e+000
 1.997660e+000  4.478096e+001  0.000000e+000
 2.000520e+000  4.472609e+001  0.000000e+000
 2.003380e+000  4.474005e+001  0.000000e+000
 2.006240e+000  4.478807e+001  0.000000e+000
 2.009100e+000  4.481773e+001  0.000000e+000
 2.011960e+000  4.481884e+001  0.000000e+000
 2.014820e+000  4.479616e+001  0.000000e+000
 2.017680e+000  4.475716e+001  0.000000e+000
 2.020540e+000  4.472020e+001  0.000000e+000
 2.023400e+000  4.469305e+001  0.000000e+000
 2.026260e+000  4.470573e+001  0.000000e+000
 2.029120e+000  4.475847e+001  0.000000e+000
 2.031980e+000  4.477663e+001  0.000000e+000
 2.034840e+000  4.475807e+001  0.000000e+000
 2.037700e+000  4.475059e+001  0.000000e+000
 2.040560e+000  4.477299e+001  0.000000e+000
 2.043420e+000  4.476654e+001  0.000000e+000
 2.046280e+000  4.471616e+001  0.000000e+000
 2.049140e+000  4.470262e+001  0.000000e+000
 2.052000e+000  4.472816e+001  0.000000e+000
 2.054860e+000  4.473644e+001  0.000000e+000
 2.057720e+000  4.473526e+001  0.000000e+000
 2.060580e+000  4.471911e+001  0.000000e+000
 2.063440e+000  4.469686e+001  0.000000e+000
 2.066300e+000  4.471377e+001  0.000000e+000
 2.069160e+000  4.473726e+001  0.000000e+000
 2.072020e+000  4.473584e+001  0.000000e+000
 2.074880e+000  4.473355e+001  0.000000e+000
 2.077740e+000  4.474632e+001  0.000000e+000
 2.080600e+000  4.477860e+001  0.000000e+000
 2.083460e+000  4.478716e+001  0.000000e+000
 2.086320e+000  4.477432e+001  0.000000e+000
 2.089180e+000  4.478524e+001  0.000000e+000
 2.092040e+000  4.480608e+001  0.000000e+000
 2.094900e+000  4.481423e+001  0.000000e+000
 2.097760e+000  4.478591e+001  0.000000e+000
 2.100620e+000  4.475219e+001  0.000000e+000
 2.103480e+000  4.474671e+001  0.000000e+000
 2.106340e+000  4.476432e+001  0.000000e+000
 2.109200e+000  4.477331e+001  0.000000e+000
 2.112060e+000  4.477998e+001  0.000000e+000
 2.114920e+000  4.479008e+001  0.000000e+000
 2.117780e+000  4.479946e+001  0.000000e+000
 2.120640e+000  4.480635e+001  0.000000e+000
 2.123500e+000  4.479995e+001  0.000000e+000
 2.126360e+000  4.474726e+001  0.000000e+000
 2.129220e+000  4.472254e+001  0.000000e+000
 2.132080e+000  4.475780e+001  0.000000e+000
 2.134940e+000  4.477435e+001  0.000000e+000
 2.137800e+000  4.475645e+001  0.000000e+000
 2.140660e+000  4.475261e+001  0.000000e+000
 2.143520e+000  4.475037e+001  0.000000e+000
 2.146380e+000  4.473054e+001  0.000000e+000
 2.149240e+000  4.471280e+001  0.000000e+000
 2.152100e+000  4.470891e+001  0.000000e+000
 2.154960e+000  4.473777e+001  0.000000e+000
 2.157820e+000  4.476591e+001  0.000000e+000
 2.160680e+000  4.476532e+001  0.000000e+000
 2.163540e+000  4.475973e+001  0.000000e+000
 2.166400e+000  4.478160e+001  0.000000e+000
 2.169260e+000  4.477699e+001  0.000000e+000
 2.172120e+000  4.472355e+001  0.000000e+000
 2.174980e+000  4.467896e+001  0.000000e+000
 2.177840e+000  4.470578e+001  0.000000e+000
 2.180700e+000  4.475046e+001  0.000000e+000
 2.183560e+000  4.475344e+001  0.000000e+000
 2.186420e+000  4.475845e+001  0.000000e+000
 2.189280e+000  4.477668e+001  0.000000e+000
 2.192140e+000  4.478534e+001  0.000000e+000
 2.195000e+000  4.475948e+001  0.000000e+000
 2.197860e+000  4.472369e+001  0.000000e+000
 2.200720e+000  4.472061e+001  0.000000e+000
 2.203580e+000  4.472460e+001  0.000000e+000
 2.206440e+000  4.471062e+001  0.000000e+000
 2.209300e+000  4.469534e+001  0.000000e+000
 2.212160e+000  4.469348e+001  0.000000e+000
 2.215020e+000  4.472023e+001  0.000000e+000
 2.217880e+000  4.473277e+001  0.000000e+000
 2.220740e+000  4.470590e+001  0.000000e+000
 2.223600e+000  4.469545e+001  0.000000e+000
 2.226460e+000  4.469888e+001  0.000000e+000
 2.229320e+000  4.469382e+001  0.000000e+000
 2.232180e+000  4.468371e+001  0.000000e+000
 2.235040e+000  4.470564e+001  0.000000e+000
 2.237900e+000  4.473169e+001  0.000000e+000
 2.240760e+000  4.472591e+001  0.000000e+000
 2.243620e+000  4.470014e+001  0.000000e+000
 2.246480e+000  4.468227e+001  0.000000e+000
 2.249340e+000  4.468059e+001  0.000000e+000
 2.252200e+000  4.469741e+001  0.000000e+000
 2.255060e+000  4.469937e+001  0.000000e+000
 2.257920e+000  4.468686e+001  0.000000e+000
 2.260780e+000  4.467910e+001  0.000000e+000
 2.263640e+000  4.470163e+001  0.000000e+000
 2.266500e+000  4.473470e+001  0.000000e+000
 2.269360e+000  4.475085e+001  0.000000e+000
 2.272220e+000  4.474490e+001  0.000000e+000
 2.275080e+000  4.471452e+001  0.000000e+000
 2.277940e+000  4.469556e+001  0.000000e+000
 2.280800e+000  4.470357e+001  0.000000e+000
 2.283660e+000  4.472977e+001  0.000000e+000
 2.286520e+000  4.475542e+001  0.000000e+000
 2.289380e+000  4.473237e+001  0.000000e+000
 2.292240e+000  4.470722e+001  0.000000e+000
 2.295100e+000  4.471139e+001  0.000000e+000
 2.297960e+000  4.471596e+001  0.000000e+000
 2.300820e+000  4.470705e+001  0.000000e+000
 2.303680e+000  4.471100e+001  0.000000e+000
 2.306540e+000  4.468725e+001  0.000000e+000
 2.309400e+000  4.464551e+001  0.000000e+000
 2.312260e+000  4.463983e+001  0.000000e+000
 2.315120e+000  4.468232e+001  0.000000e+000
 2.317980e+000  4.472735e+001  0.000000e+000
 2.320840e+000  4.473066e+001  0.000000e+000
 2.323700e+000  4.470260e+001  0.000000e+000
 2.326560e+000  4.467366e+001  0.000000e+000
 2.329420e+000  4.466864e+001  0.000000e+000
 2.332280e+000  4.465327e+001  0.000000e+000
 2.335140e+000  4.462340e+001  0.000000e+000
 2.338000e+000  4.461327e+001  0.000000e+000
 2.340860e+000  4.464852e+001  0.000000e+000
 2.343720e+000  4.468756e+001  0.000000e+000
 2.346580e+000  4.468980e+001  0.000000e+000
 2.349440e+000  4.467184e+001  0.000000e+000
 2.352300e+000  4.467019e+001  0.000000e+000
 2.355160e+000  4.467508e+001  0.000000e+000
 2.358020e+000  4.467368e+001  0.000000e+000
 2.360880e+000  4.467928e+001  0.000000e+000
 2.363740e+000  4.469589e+001  0.000000e+000
 2.366600e+000  4.470365e+001  0.000000e+000
 2.369460e+000  4.469990e+001  0.000000e+000
 2.372320e+000  4.467355e+001  0.000000e+000
 2.375180e+000  4.465467e+001  0.000000e+000
 2.378040e+000  4.466700e+001  0.000000e+000
 2.380900e+000  4.468919e+001  0.000000e+000
 2.383760e+000  4.470512e+001  0.000000e+000
 2.386620e+000  4.471928e+001  0.000000e+000
 2.389480e+000  4.472204e+001  0.000000e+000
 2.392340e+000  4.471759e+001  0.000000e+000
 2.395200e+000  4.470345e+001  0.000000e+000
 2.398060e+000  4.469469e+001  0.000000e+000
 2.400920e+000  4.469981e+001  0.000000e+000
 2.403780e+000  4.468518e+001  0.000000e+000
 2.406640e+000  4.464576e+001  0.000000e+000
 2.409500e+000  4.462687e+001  0.000000e+000
 2.412360e+000  4.464549e+001  0.000000e+000
 2.415220e+000  4.466422e+001  0.000000e+000
 2.418080e+000  4.466768e+001  0.000000e+000
 2.420940e+000  4.466803e+001  0.000000e+000
 2.423800e+000  4.465956e+001  0.000000e+000
 2.426660e+000  4.465533e+001  0.000000e+000
 2.429520e+000  4.467635e+001  0.000000e+000
 2.432380e+000  4.467310e+001  0.000000e+000
 2.435240e+000  4.465392e+001  0.000000e+000
 2.438100e+000  4.465700e+001  0.000000e+000
 2.440960e+000  4.468050e+001  0.000000e+000
 2.443820e+000  4.470367e+001  0.000000e+000
 2.446680e+000  4.469996e+001  0.000000e+000
 2.449540e+000  4.467935e+001  0.000000e+000
 2.452400e+000  4.466860e+001  0.000000e+000
 2.455260e+000  4.464055e+001  0.000000e+000
 2.458120e+000  4.461826e+001  0.000000e+000
 2.460980e+000  4.461599e+001  0.000000e+000
 2.463840e+000  4.461327e+001  0.000000e+000
 2.466700e+000  4.461830e+001  0.000000e+000
 2.469560e+000  4.461191e+001  0.000000e+000
 2.472420e+000  4.461014e+001  0.000000e+000
 2.475280e+000  4.462221e+001  0.000000e+000
 2.478140e+000  4.460428e+001  0.000000e+000
 2.481000e+000  4.457019e+001  0.000000e+000
 2.483860e+000  4.456261e+001  0.000000e+000
 2.486720e+000  4.457660e+001  0.000000e+000
 2.489580e+000  4.457666e+001  0.000000e+000
 2.492440e+000  4.457107e+001  0.000000e+000
 2.495300e+000  4.456337e+001  0.000000e+000
 2.498160e+000  4.457020e+001  0.000000e+000
 2.501020e+000  4.459285e+001  0.000000e+000
 2.503880e+000  4.456869e+001  0.000000e+000
 2.506740e+000  4.453721e+001  0.000000e+000
 2.509600e+000  4.451933e+001  0.000000e+000
 2.512460e+000  4.454720e+001  0.000000e+000
 2.515320e+000  4.459737e+001  0.000000e+000
 2.518180e+000  4.461511e+001  0.000000e+000
 2.521040e+000  4.459734e+001  0.000000e+000
 2.523900e+000  4.458114e+001  0.000000e+000
 2.526760e+000  4.460959e+001  0.000000e+000
 2.529620e+000  4.463286e+001  0.000000e+000
 2.532480e+000  4.463597e+001  0.000000e+000
 2.535340e+000  4.464253e+001  0.000000e+000
 2.538200e+000  4.463441e+001  0.000000e+000
 2.541060e+000  4.463287e+001  0.000000e+000
 2.543920e+000  4.464494e+001  0.000000e+000
 2.546780e+000  4.464463e+001  0.000000e+000
 2.549640e+000  4.463577e+001  0.000000e+000
 2.552500e+000  4.466359e+001  0.000000e+000
 2.555360e+000  4.469707e+001  0.000000e+000
 2.558220e+000  4.469663e+001  0.000000e+000
 2.561080e+000  4.467828e+001  0.000000e+000
 2.563940e+000  4.466311e+001  0.000000e+000
 2.566800e+000  4.465507e+001  0.000000e+000
 2.569660e+000  4.463621e+001  0.000000e+000
 2.572520e+000  4.461993e+001  0.000000e+000
 2.575380e+000  4.465386e+001  0.000000e+000
 2.578240e+000  4.471039e+001  0.000000e+000
 2.581100e+000  4.472631e+001  0.000000e+000
 2.583960e+000  4.471933e+001  0.000000e+000
 2.586820e+000  4.473609e+001  0.000000e+000
 2.589680e+000  4.473714e+001  0.000000e+000
 2.592540e+000  4.469654e+001  0.000000e+000
 2.595400e+000  4.463449e+001  0.000000e+000
 2.598260e+000  4.457876e+001  0.000000e+000
 2.601120e+000  4.453547e+001  0.000000e+000
 2.603980e+000  4.447185e+001  0.000000e+000
 2.606840e+000  4.440056e+001  0.000000e+000
 2.609700e+000  4.436784e+001  0.000000e+000
 2.612560e+000  4.438062e+001  0.000000e+000
 2.615420e+000  4.441135e+001  0.000000e+000
 2.618280e+000  4.443828e+001  0.000000e+000
 2.621140e+000  4.443693e+001  0.000000e+000
 2.624000e+000  4.443306e+001  0.000000e+000
 2.626860e+000  4.444082e+001  0.000000e+000
 2.629720e+000  4.442999e+001  0.000000e+000
 2.632580e+000  4.441547e+001  0.000000e+000
 2.635440e+000  4.440581e+001  0.000000e+000
 2.638300e+000  4.442126e+001  0.000000e+000
 2.641160e+000  4.443553e+001  0.000000e+000
 2.644020e+000  4.443854e+001  0.000000e+000
 2.646880e+000  4.443161e+001  0.000000e+000
 2.649740e+000  4.440818e+001  0.000000e+000
 2.652600e+000  4.437737e+001  0.000000e+000
 2.655460e+000  4.435148e+001  0.000000e+000
 2.658320e+000  4.435534e+001  0.000000e+000
 2.661180e+000  4.438298e+001  0.000000e+000
 2.664040e+000  4.440242e+001  0.000000e+000
 2.666900e+000  4.439358e+001  0.000000e+000
 2.669760e+000  4.439159e+001  0.000000e+000
 2.672620e+000  4.441625e+001  0.000000e+000
 2.675480e+000  4.443955e+001  0.000000e+000
 2.678340e+000  4.444751e+001  0.000000e+000
 2.681200e+000  4.443050e+001  0.000000e+000
 2.684060e+000  4.439540e+001  0.000000e+000
 2.686920e+000  4.438031e+001  0.000000e+000
 2.689780e+000  4.438169e+001  0.000000e+000
 2.692640e+000  4.439782e+001  0.000000e+000
 2.695500e+000  4.440930e+001  0.000000e+000
 2.698360e+000  4.439812e+001  0.000000e+000
 2.701220e+000  4.439703e+001  0.000000e+000
 2.704080e+000  4.439370e+001  0.000000e+000
 2.706940e+000  4.435399e+001  0.000000e+000
 2.709800e+000  4.432605e+001  0.000000e+000
 2.712660e+000  4.432975e+001  0.000000e+000
 2.715520e+000  4.434863e+001  0.000000e+000
 2.718380e+000  4.437463e+001  0.000000e+000
 2.721240e+000  4.438776e+001  0.000000e+000
 2.724100e+000  4.439776e+001  0.000000e+000
 2.726960e+000  4.440726e+001  0.000000e+000
 2.729820e+000  4.438745e+001  0.000000e+000
 2.732680e+000  4.434018e+001  0.000000e+000
 2.735540e+000  4.432984e+001  0.000000e+000
 2.738400e+000  4.435517e+001  0.000000e+000
 2.741260e+000  4.438439e+001  0.000000e+000
 2.744120e+000  4.439581e+001  0.000000e+000
 2.746980e+000  4.437514e+001  0.000000e+000
 2.749840e+000  4.435682e+001  0.000000e+000
 2.752700e+000  4.434606e+001  0.000000e+000
 2.755560e+000  4.432610e+001  0.000000e+000
 2.758420e+000  4.433493e+001  0.000000e+000
 2.761280e+000  4.433061e+001  0.000000e+000
 2.764140e+000  4.431662e+001  0.000000e+000
 2.767000e+000  4.433258e+001  0.000000e+000
 2.769860e+000  4.433382e+001  0.000000e+000
 2.772720e+000  4.430806e+001  0.000000e+000
 2.775580e+000  4.428754e+001  0.000000e+000
 2.778440e+000  4.427233e+001  0.000000e+000
 2.781300e+000  4.426684e+001  0.000000e+000
 2.784160e+000  4.427612e+001  0.000000e+000
 2.787020e+000  4.428840e+001  0.000000e+000
 2.789880e+000  4.430041e+001  0.000000e+000
 2.792740e+000  4.431012e+001  0.000000e+000
 2.795600e+000  4.431548e+001  0.000000e+000
 2.798460e+000  4.432479e+001  0.000000e+000
 2.801320e+000  4.432141e+001  0.000000e+000
 2.804180e+000  4.429469e+001  0.000000e+000
 2.807040e+000  4.428743e+001  0.000000e+000
 2.809900e+000  4.430905e+001  0.000000e+000
 2.812760e+000  4.430488e+001  0.000000e+000
 2.815620e+000  4.427626e+001  0.000000e+000
 2.818480e+000  4.424512e+001  0.000000e+000
 2.821340e+000  4.423605e+001  0.000000e+000
 2.824200e+000  4.423805e+001  0.000000e+000
 2.827060e+000  4.425143e+001  0.000000e+000
 2.829920e+000  4.426266e+001  0.000000e+000
 2.832780e+000  4.424507e+001  0.000000e+000
 2.835640e+000  4.421219e+001  0.000000e+000
 2.838500e+000  4.420272e+001  0.000000e+000
 2.841360e+000  4.421673e+001  0.000000e+000
 2.844220e+000  4.423446e+001  0.000000e+000
 2.847080e+000  4.424518e+001  0.000000e+000
 2.849940e+000  4.423002e+001  0.000000e+000
 2.852800e+000  4.421306e+001  0.000000e+000
 2.855660e+000  4.421587e+001  0.000000e+000
 2.858520e+000  4.422226e+001  0.000000e+000
 2.861380e+000  4.422746e+001  0.000000e+000
 2.864240e+000  4.420327e+001  0.000000e+000
 2.867100e+000  4.418690e+001  0.000000e+000
 2.869960e+000  4.420393e+001  0.000000e+000
 2.872820e+000  4.421699e+001  0.000000e+000
 2.875680e+000  4.422112e+001  0.000000e+000
 2.878540e+000  4.422162e+001  0.000000e+000
 2.881400e+000  4.420485e+001  0.000000e+000
 2.884260e+000  4.419340e+001  0.000000e+000
 2.887120e+000  4.418331e+001  0.000000e+000
 2.889980e+000  4.417415e+001  0.000000e+000
 2.892840e+000  4.416305e+001  0.000000e+000
 2.895700e+000  4.413855e+001  0.000000e+000
 2.898560e+000  4.412688e+001  0.000000e+000
 2.901420e+000  4.411189e+001  0.000000e+000
 2.904280e+000  4.413100e+001  0.000000e+000
 2.907140e+000  4.417817e+001  0.000000e+000
 2.910000e+000  4.418601e+001  0.000000e+000
 2.912860e+000  4.415596e+001  0.000000e+000
 2.915720e+000  4.413121e+001  0.000000e+000
 2.918580e+000  4.414226e+001  0.000000e+000
 2.921440e+000  4.417626e+001  0.000000e+000
 2.924300e+000  4.419416e+001  0.000000e+000
 2.927160e+000  4.418725e+001  0.000000e+000
 2.930020e+000  4.415973e+001  0.000000e+000
 2.932880e+000  4.413777e+001  0.000000e+000
 2.935740e+000  4.412519e+001  0.000000e+000
 2.938600e+000  4.414752e+001  0.000000e+000
 2.941460e+000  4.418547e+001  0.000000e+000
 2.944320e+000  4.418221e+001  0.000000e+000
 2.947180e+000  4.416101e+001  0.000000e+000
 2.950040e+000  4.414944e+001  0.000000e+000
 2.952900e+000  4.414808e+001  0.000000e+000
 2.955760e+000  4.414366e+001  0.000000e+000
 2.958620e+000  4.413058e+001  0.000000e+000
 2.961480e+000  4.413556e+001  0.000000e+000
 2.964340e+000  4.413660e+001  0.000000e+000
 2.967200e+000  4.413140e+001  0.000000e+000
 2.970060e+000  4.411750e+001  0.000000e+000
 2.972920e+000  4.411207e+001  0.000000e+000
 2.975780e+000  4.412296e+001  0.000000e+000
 2.978640e+000  4.410901e+001  0.000000e+000
 2.981500e+000  4.407908e+001  0.000000e+000
 2.984360e+000  4.406510e+001  0.000000e+000
 2.987220e+000  4.406796e+001  0.000000e+000
 2.990080e+000  4.407846e+001  0.000000e+000
 2.992940e+000  4.408590e+001  0.000000e+000
 2.995800e+000  4.408576e+001  0.000000e+000
 2.998660e+000  4.409697e+001  0.000000e+000
 3.001520e+000  4.412263e+001  0.000000e+000
 3.004380e+000  4.414251e+001  0.000000e+000
 3.007240e+000  4.412637e+001  0.000000e+000
 3.010100e+000  4.408888e+001  0.000000e+000
 3.012960e+000  4.407458e+001  0.000000e+000
 3.015820e+000  4.408396e+001  0.000000e+000
 3.018680e+000  4.408128e+001  0.000000e+000
 3.021540e+000  4.406112e+001  0.000000e+000
 3.024400e+000  4.405106e+001  0.000000e+000
 3.027260e+000  4.405459e+001  0.000000e+000
 3.030120e+000  4.408237e+001  0.000000e+000
 3.032980e+000  4.411820e+001  0.000000e+000
 3.035840e+000  4.411955e+001  0.000000e+000
 3.038700e+000  4.409994e+001  0.000000e+000
 3.041560e+000  4.405298e+001  0.000000e+000
 3.044420e+000  4.404316e+001  0.000000e+000
 3.047280e+000  4.406304e+001  0.000000e+000
 3.050140e+000  4.407846e+001  0.000000e+000
 3.053000e+000  4.408478e+001  0.000000e+000
 3.055860e+000  4.406270e+001  0.000000e+000
 3.058720e+000  4.402850e+001  0.000000e+000
 3.061580e+000  4.402396e+001  0.000000e+000
 3.064440e+000  4.404161e+001  0.000000e+000
 3.067300e+000  4.404683e+001  0.000000e+000
 3.070160e+000  4.403117e+001  0.000000e+000
 3.073020e+000  4.403750e+001  0.000000e+000
 3.075880e+000  4.404823e+001  0.000000e+000
 3.078740e+000  4.406204e+001  0.000000e+000
 3.081600e+000  4.408827e+001  0.000000e+000
 3.084460e+000  4.410080e+001  0.000000e+000
 3.087320e+000  4.408292e+001  0.000000e+000
 3.090180e+000  4.406364e+001  0.000000e+000
 3.093040e+000  4.403902e+001  0.000000e+000
 3.095900e+000  4.403976e+001  0.000000e+000
 3.098760e+000  4.405415e+001  0.000000e+000
 3.101620e+000  4.405167e+001  0.000000e+000
 3.104480e+000  4.404487e+001  0.000000e+000
 3.107340e+000  4.405827e+001  0.000000e+000
 3.110200e+000  4.408980e+001  0.000000e+000
 3.113060e+000  4.409312e+001  0.000000e+000
 3.115920e+000  4.407245e+001  0.000000e+000
 3.118780e+000  4.405323e+001  0.000000e+000
 3.121640e+000  4.403701e+001  0.000000e+000
 3.124500e+000  4.402156e+001  0.000000e+000
 3.127360e+000  4.402117e+001  0.000000e+000
 3.130220e+000  4.402602e+001  0.000000e+000
 3.133080e+000  4.402246e+001  0.000000e+000
 3.135940e+000  4.403613e+001  0.000000e+000
 3.138800e+000  4.405644e+001  0.000000e+000
 3.141660e+000  4.406280e+001  0.000000e+000
 3.144520e+000  4.408188e+001  0.000000e+000
 3.147380e+000  4.409183e+001  0.000000e+000
 3.150240e+000  4.406716e+001  0.000000e+000
 3.153100e+000  4.404270e+001  0.000000e+000
 3.155960e+000  4.403969e+001  0.000000e+000
 3.158820e+000  4.403996e+001  0.000000e+000
 3.161680e+000  4.403820e+001  0.000000e+000
 3.164540e+000  4.402447e+001  0.000000e+000
 3.167400e+000  4.401647e+001  0.000000e+000
 3.170260e+000  4.402609e+001  0.000000e+000
 3.173120e+000  4.403433e+001  0.000000e+000
 3.175980e+000  4.403162e+001  0.000000e+000
 3.178840e+000  4.403159e+001  0.000000e+000
 3.181700e+000  4.405860e+001  0.000000e+000
 3.184560e+000  4.408749e+001  0.000000e+000
 3.187420e+000  4.406835e+001  0.000000e+000
 3.190280e+000  4.404076e+001  0.000000e+000
 3.193140e+000  4.401308e+001  0.000000e+000
 3.196000e+000  4.400421e+001  0.000000e+000
 3.198860e+000  4.401998e+001  0.000000e+000
 3.201720e+000  4.402187e+001  0.000000e+000
 3.204580e+000  4.401798e+001  0.000000e+000
 3.207440e+000  4.402801e+001  0.000000e+000
 3.210300e+000  4.403026e+001  0.000000e+000
 3.213160e+000  4.402599e+001  0.000000e+000
 3.216020e+000  4.401887e+001  0.000000e+000
 3.218880e+000  4.401317e+001  0.000000e+000
 3.221740e+000  4.400777e+001  0.000000e+000
 3.224600e+000  4.399930e+001  0.000000e+000
 3.227460e+000  4.400561e+001  0.000000e+000
 3.230320e+000  4.401600e+001  0.000000e+000
 3.233180e+000  4.400722e+001  0.000000e+000
 3.236040e+000  4.400427e+001  0.000000e+000
 3.238900e+000  4.400686e+001  0.000000e+000
 3.241760e+000  4.400271e+001  0.000000e+000
 3.244620e+000  4.399925e+001  0.000000e+000
 3.247480e+000  4.400025e+001  0.000000e+000
 3.250340e+000  4.397864e+001  0.000000e+000
 3.253200e+000  4.395782e+001  0.000000e+000
 3.256060e+000  4.394986e+001  0.000000e+000
 3.258920e+000  4.395868e+001  0.000000e+000
 3.261780e+000  4.397455e+001  0.000000e+000
 3.264640e+000  4.399810e+001  0.000000e+000
 3.267500e+000  4.399281e+001  0.000000e+000
 3.270360e+000  4.397018e+001  0.000000e+000
 3.273220e+000  4.396899e+001  0.000000e+000
 3.276080e+000  4.398014e+001  0.000000e+000
 3.278940e+000  4.399044e+001  0.000000e+000
 3.281800e+000  4.401455e+001  0.000000e+000
 3.284660e+000  4.404282e+001  0.000000e+000
 3.287520e+000  4.403884e+001  0.000000e+000
 3.290380e+000  4.400664e+001  0.000000e+000
 3.293240e+000  4.397984e+001  0.000000e+000
 3.296100e+000  4.398456e+001  0.000000e+000
 3.298960e+000  4.399877e+001  0.000000e+000
 3.301820e+000  4.399615e+001  0.000000e+000
 3.304680e+000  4.398034e+001  0.000000e+000
 3.307540e+000  4.397269e+001  0.000000e+000
 3.310400e+000  4.396351e+001  0.000000e+000
 3.313260e+000  4.394818e+001  0.000000e+000
 3.316120e+000  4.394712e+001  0.000000e+000
 3.318980e+000  4.396972e+001  0.000000e+000
 3.321840e+000  4.399775e+001  0.000000e+000
 3.324700e+000  4.400321e+001  0.000000e+000
 3.327560e+000  4.398033e+001  0.000000e+000
 3.330420e+000  4.395402e+001  0.000000e+000
 3.333280e+000  4.395086e+001  0.000000e+000
 3.336140e+000  4.395908e+001  0.000000e+000
 3.339000e+000  4.396299e+001  0.000000e+000
 3.341860e+000  4.395495e+001  0.000000e+000
 3.344720e+000  4.393093e+001  0.000000e+000
 3.347580e+000  4.390646e+001  0.000000e+000
 3.350440e+000  4.390879e+001  0.000000e+000
 3.353300e+000  4.392994e+001  0.000000e+000
 3.356160e+000  4.394342e+001  0.000000e+000
 3.359020e+000  4.393733e+001  0.000000e+000
 3.361880e+000  4.393927e+001  0.000000e+000
 3.364740e+000  4.393806e+001  0.000000e+000
 3.367600e+000  4.392220e+001  0.000000e+000
 3.370460e+000  4.392802e+001  0.000000e+000
 3.373320e+000  4.394723e+001  0.000000e+000
 3.376180e+000  4.395593e+001  0.000000e+000
 3.379040e+000  4.394971e+001  0.000000e+000
 3.381900e+000  4.396114e+001  0.000000e+000
 3.384760e+000  4.397505e+001  0.000000e+000
 3.387620e+000  4.396986e+001  0.000000e+000
 3.390480e+000  4.395746e+001  0.000000e+000
 3.393340e+000  4.395766e+001  0.000000e+000
 3.396200e+000  4.395841e+001  0.000000e+000
 3.399060e+000  4.395175e+001  0.000000e+000
 3.401920e+000  4.395205e+001  0.000000e+000
 3.404780e+000  4.394673e+001  0.000000e+000
 3.407640e+000  4.395058e+001  0.000000e+000
 3.410500e+000  4.397801e+001  0.000000e+000
 3.413360e+000  4.400064e+001  0.000000e+000
 3.416220e+000  4.398793e+001  0.000000e+000
 3.419080e+000  4.396624e+001  0.000000e+000
 3.421940e+000  4.397274e+001  0.000000e+000
 3.424800e+000  4.397100e+001  0.000000e+000
 3.427660e+000  4.394479e+001  0.000000e+000
 3.430520e+000  4.394239e+001  0.000000e+000
 3.433380e+000  4.395796e+001  0.000000e+000
 3.436240e+000  4.396927e+001  0.000000e+000
 3.439100e+000  4.396592e+001  0.000000e+000
 3.441960e+000  4.395841e+001  0.000000e+000
 3.444820e+000  4.394700e+001  0.000000e+000
 3.447680e+000  4.393906e+001  0.000000e+000
 3.450540e+000  4.394321e+001  0.000000e+000
 3.453400e+000  4.393580e+001  0.000000e+000
 3.456260e+000  4.391404e+001  0.000000e+000
 3.459120e+000  4.389855e+001  0.000000e+000
 3.461980e+000  4.390700e+001  0.000000e+000
 3.464840e+000  4.390956e+001  0.000000e+000
 3.467700e+000  4.390666e+001  0.000000e+000
 3.470560e+000  4.389516e+001  0.000000e+000
 3.473420e+000  4.388940e+001  0.000000e+000
 3.476280e+000  4.389713e+001  0.000000e+000
 3.479140e+000  4.388538e+001  0.000000e+000
 3.482000e+000  4.387953e+001  0.000000e+000
 3.484860e+000  4.387418e+001  0.000000e+000
 3.487720e+000  4.386970e+001  0.000000e+000
 3.490580e+000  4.386801e+001  0.000000e+000
 3.493440e+000  4.386603e+001  0.000000e+000
 3.496300e+000  4.386519e+001  0.000000e+000
 3.499160e+000  4.385716e+001  0.000000e+000
 3.502020e+000  4.384829e+001  0.000000e+000
 3.504880e+000  4.383902e+001  0.000000e+000
 3.507740e+000  4.383549e+001  0.000000e+000
 3.510600e+000  4.385742e+001  0.000000e+000
 3.513460e+000  4.388290e+001  0.000000e+000
 3.516320e+000  4.388344e+001  0.000000e+000
 3.519180e+000  4.385560e+001  0.000000e+000
 3.522040e+000  4.383349e+001  0.000000e+000
 3.524900e+000  4.383988e+001  0.000000e+000
 3.527760e+000  4.384916e+001  0.000000e+000
 3.530620e+000  4.384975e+001  0.000000e+000
 3.533480e+000  4.384925e+001  0.000000e+000
 3.536340e+000  4.385216e+001  0.000000e+000
 3.539200e+000  4.385555e+001  0.000000e+000
 3.542060e+000  4.384505e+001  0.000000e+000
 3.544920e+000  4.385231e+001  0.000000e+000
 3.547780e+000  4.385139e+001  0.000000e+000
 3.550640e+000  4.384017e+001  0.000000e+000
 3.553500e+000  4.384862e+001  0.000000e+000
 3.556360e+000  4.387586e+001  0.000000e+000
 3.559220e+000  4.390261e+001  0.000000e+000
 3.562080e+000  4.389678e+001  0.000000e+000
 3.564940e+000  4.387951e+001  0.000000e+000
 3.567800e+000  4.387504e+001  0.000000e+000
 3.570660e+000  4.386611e+001  0.000000e+000
 3.573520e+000  4.383933e+001  0.000000e+000
 3.576380e+000  4.383278e+001  0.000000e+000
 3.579240e+000  4.384949e+001  0.000000e+000
 3.582100e+000  4.386548e+001  0.000000e+000
 3.584960e+000  4.386188e+001  0.000000e+000
 3.587820e+000  4.386378e+001  0.000000e+000
 3.590680e+000  4.387117e+001  0.000000e+000
 3.593540e+000  4.387415e+001  0.000000e+000
 3.596400e+000  4.386183e+001  0.000000e+000
 3.599260e+000  4.384596e+001  0.000000e+000
 3.602120e+000  4.384637e+001  0.000000e+000
 3.604980e+000  4.384333e+001  0.000000e+000
 3.607840e+000  4.382645e+001  0.000000e+000
 3.610700e+000  4.381382e+001  0.000000e+000
 3.613560e+000  4.380927e+001  0.000000e+000
 3.616420e+000  4.381151e+001  0.000000e+000
 3.619280e+000  4.381314e+001  0.000000e+000
 3.622140e+000  4.382435e+001  0.000000e+000
 3.625000e+000  4.382837e+001  0.000000e+000
 3.627860e+000  4.382150e+001  0.000000e+000
 3.630720e+000  4.381906e+001  0.000000e+000
 3.633580e+000  4.381872e+001  0.000000e+000
 3.636440e+000  4.381870e+001  0.000000e+000
 3.639300e+000  4.382721e+001  0.000000e+000
 3.642160e+000  4.382478e+001  0.000000e+000
 3.645020e+000  4.381823e+001  0.000000e+000
 3.647880e+000  4.380310e+001  0.000000e+000
 3.650740e+000  4.378855e+001  0.000000e+000
 3.653600e+000  4.377410e+001  0.000000e+000
 3.656460e+000  4.376821e+001  0.000000e+000
 3.659320e+000  4.378168e+001  0.000000e+000
 3.662180e+000  4.380523e+001  0.000000e+000
 3.665040e+000  4.381824e+001  0.000000e+000
 3.667900e+000  4.382628e+001  0.000000e+000
 3.670760e+000  4.382051e+001  0.000000e+000
 3.673620e+000  4.381030e+001  0.000000e+000
 3.676480e+000  4.381043e+001  0.000000e+000
 3.679340e+000  4.382549e+001  0.000000e+000
 3.682200e+000  4.384275e+001  0.000000e+000
 3.685060e+000  4.384548e+001  0.000000e+000
 3.687920e+000  4.383149e+001  0.000000e+000
 3.690780e+000  4.381372e+001  0.000000e+000
 3.693640e+000  4.380020e+001  0.000000e+000
 3.696500e+000  4.379114e+001  0.000000e+000
 3.699360e+000  4.378722e+001  0.000000e+000
 3.702220e+000  4.379029e+001  0.000000e+000
 3.705080e+000  4.379398e+001  0.000000e+000
 3.707940e+000  4.381114e+001  0.000000e+000
 3.710800e+000  4.381822e+001  0.000000e+000
 3.713660e+000  4.380941e+001  0.000000e+000
 3.716520e+000  4.380167e+001  0.000000e+000
 3.719380e+000  4.380053e+001  0.000000e+000
 3.722240e+000  4.381394e+001  0.000000e+000
 3.725100e+000  4.380781e+001  0.000000e+000
 3.727960e+000  4.379394e+001  0.000000e+000
 3.730820e+000  4.380018e+001  0.000000e+000
 3.733680e+000  4.379927e+001  0.000000e+000
 3.736540e+000  4.379817e+001  0.000000e+000
 3.739400e+000  4.379111e+001  0.000000e+000
 3.742260e+000  4.378976e+001  0.000000e+000
 3.745120e+000  4.379839e+001  0.000000e+000
 3.747980e+000  4.379672e+001  0.000000e+000
 3.750840e+000  4.378779e+001  0.000000e+000
 3.753700e+000  4.380068e+001  0.000000e+000
 3.756560e+000  4.381057e+001  0.000000e+000
 3.759420e+000  4.380678e+001  0.000000e+000
 3.762280e+000  4.379436e+001  0.000000e+000
 3.765140e+000  4.379113e+001  0.000000e+000
 3.768000e+000  4.379420e+001  0.000000e+000
 3.770860e+000  4.378280e+001  0.000000e+000
 3.773720e+000  4.377075e+001  0.000000e+000
 3.776580e+000  4.376920e+001  0.000000e+000
 3.779440e+000  4.376723e+001  0.000000e+000
 3.782300e+000  4.377891e+001  0.000000e+000
 3.785160e+000  4.379606e+001  0.000000e+000
 3.788020e+000  4.379187e+001  0.000000e+000
 3.790880e+000  4.378119e+001  0.000000e+000
 3.793740e+000  4.378016e+001  0.000000e+000
 3.796600e+000  4.376639e+001  0.000000e+000
 3.799460e+000  4.376800e+001  0.000000e+000
 3.802320e+000  4.377615e+001  0.000000e+000
 3.805180e+000  4.376395e+001  0.000000e+000
 3.808040e+000  4.374197e+001  0.000000e+000
 3.810900e+000  4.373540e+001  0.000000e+000
 3.813760e+000  4.374811e+001  0.000000e+000
 3.816620e+000  4.374705e+001  0.000000e+000
 3.819480e+000  4.373833e+001  0.000000e+000
 3.822340e+000  4.375065e+001  0.000000e+000
 3.825200e+000  4.377723e+001  0.000000e+000
 3.828060e+000  4.379467e+001  0.000000e+000
 3.830920e+000  4.379188e+001  0.000000e+000
 3.833780e+000  4.377993e+001  0.000000e+000
 3.836640e+000  4.377229e+001  0.000000e+000
 3.839500e+000  4.376854e+001  0.000000e+000
 3.842360e+000  4.376611e+001  0.000000e+000
 3.845220e+000  4.377325e+001  0.000000e+000
 3.848080e+000  4.375822e+001  0.000000e+000
 3.850940e+000  4.374724e+001  0.000000e+000
 3.853800e+000  4.375390e+001  0.000000e+000
 3.856660e+000  4.376587e+001  0.000000e+000
 3.859520e+000  4.376468e+001  0.000000e+000
 3.862380e+000  4.374287e+001  0.000000e+000
 3.865240e+000  4.373244e+001  0.000000e+000
 3.868100e+000  4.373971e+001  0.000000e+000
 3.870960e+000  4.374870e+001  0.000000e+000
 3.873820e+000  4.373703e+001  0.000000e+000
 3.876680e+000  4.370083e+001  0.000000e+000
 3.879540e+000  4.367322e+001  0.000000e+000
 3.882400e+000  4.365742e+001  0.000000e+000
 3.885260e+000  4.365020e+001  0.000000e+000
 3.888120e+000  4.365299e+001  0.000000e+000
 3.890980e+000  4.368454e+001  0.000000e+000
 3.893840e+000  4.372506e+001  0.000000e+000
 3.896700e+000  4.374535e+001  0.000000e+000
 3.899560e+000  4.374553e+001  0.000000e+000
 3.902420e+000  4.373582e+001  0.000000e+000
 3.905280e+000  4.372963e+001  0.000000e+000
 3.908140e+000  4.373317e+001  0.000000e+000
 3.911000e+000  4.373721e+001  0.000000e+000
 3.913860e+000  4.373920e+001  0.000000e+000
 3.916720e+000  4.372817e+001  0.000000e+000
 3.919580e+000  4.371569e+001  0.000000e+000
 3.922440e+000  4.370808e+001  0.000000e+000
 3.925300e+000  4.368732e+001  0.000000e+000
 3.928160e+000  4.367277e+001  0.000000e+000
 3.931020e+000  4.366803e+001  0.000000e+000
 3.933880e+000  4.365729e+001  0.000000e+000
 3.936740e+000  4.364973e+001  0.000000e+000
 3.939600e+000  4.367045e+001  0.000000e+000
 3.942460e+000  4.367982e+001  0.000000e+000
 3.945320e+000  4.370202e+001  0.000000e+000
 3.948180e+000  4.371605e+001  0.000000e+000
 3.951040e+000  4.370552e+001  0.000000e+000
 3.953900e+000  4.369560e+001  0.000000e+000
 3.956760e+000  4.369267e+001  0.000000e+000
 3.959620e+000  4.369699e+001  0.000000e+000
 3.962480e+000  4.369370e+001  0.000000e+000
 3.965340e+000  4.368601e+001  0.000000e+000
 3.968200e+000  4.368102e+001  0.000000e+000
 3.971060e+000  4.367102e+001  0.000000e+000
 3.973920e+000  4.365736e+001  0.000000e+000
 3.976780e+000  4.365810e+001  0.000000e+000
 3.979640e+000  4.366619e+001  0.000000e+000
 3.982500e+000  4.366556e+001  0.000000e+000
 3.985360e+000  4.366467e+001  0.000000e+000
 3.988220e+000  4.365989e+001  0.000000e+000
 3.991080e+000  4.364530e+001  0.000000e+000
 3.993940e+000  4.364083e+001  0.000000e+000
 3.996800e+000  4.365034e+001  0.000000e+000
 3.999660e+000  4.365153e+001  0.000000e+000
 4.002520e+000  4.365717e+001  0.000000e+000
 4.005380e+000  4.365880e+001  0.000000e+000
 4.008240e+000  4.364771e+001  0.000000e+000
 4.011100e+000  4.362370e+001  0.000000e+000
 4.013960e+000  4.361772e+001  0.000000e+000
 4.016820e+000  4.362700e+001  0.000000e+000
 4.019680e+000  4.363848e+001  0.000000e+000
 4.022540e+000  4.364417e+001  0.000000e+000
 4.025400e+000  4.364451e+001  0.000000e+000
 4.028260e+000  4.363567e+001  0.000000e+000
 4.031120e+000  4.363527e+001  0.000000e+000
 4.033980e+000  4.366158e+001  0.000000e+000
 4.036840e+000  4.367333e+001  0.000000e+000
 4.039700e+000  4.366396e+001  0.000000e+000
 4.042560e+000  4.364357e+001  0.000000e+000
 4.045420e+000  4.362593e+001  0.000000e+000
 4.048280e+000  4.362413e+001  0.000000e+000
 4.051140e+000  4.361638e+001  0.000000e+000
 4.054000e+000  4.360537e+001  0.000000e+000
 4.056860e+000  4.360973e+001  0.000000e+000
 4.059720e+000  4.362029e+001  0.000000e+000
 4.062580e+000  4.362687e+001  0.000000e+000
 4.065440e+000  4.363345e+001  0.000000e+000
 4.068300e+000  4.363540e+001  0.000000e+000
 4.071160e+000  4.362548e+001  0.000000e+000
 4.074020e+000  4.361192e+001  0.000000e+000
 4.076880e+000  4.359022e+001  0.000000e+000
 4.079740e+000  4.358428e+001  0.000000e+000
 4.082600e+000  4.359089e+001  0.000000e+000
 4.085460e+000  4.359715e+001  0.000000e+000
 4.088320e+000  4.360846e+001  0.000000e+000
 4.091180e+000  4.362590e+001  0.000000e+000
 4.094040e+000  4.361788e+001  0.000000e+000
 4.096900e+000  4.360384e+001  0.000000e+000
 4.099760e+000  4.359642e+001  0.000000e+000
 4.102620e+000  4.361227e+001  0.000000e+000
 4.105480e+000  4.363763e+001  0.000000e+000
 4.108340e+000  4.363756e+001  0.000000e+000
 4.111200e+000  4.363475e+001  0.000000e+000
 4.114060e+000  4.363564e+001  0.000000e+000
 4.116920e+000  4.363012e+001  0.000000e+000
 4.119780e+000  4.362156e+001  0.000000e+000
 4.122640e+000  4.359671e+001  0.000000e+000
 4.125500e+000  4.357608e+001  0.000000e+000
 4.128360e+000  4.359406e+001  0.000000e+000
 4.131220e+000  4.360906e+001  0.000000e+000
 4.134080e+000  4.359950e+001  0.000000e+000
 4.136940e+000  4.358865e+001  0.000000e+000
 4.139800e+000  4.357305e+001  0.000000e+000
 4.142660e+000  4.354320e+001  0.000000e+000
 4.145520e+000  4.352576e+001  0.000000e+000
 4.148380e+000  4.353428e+001  0.000000e+000
 4.151240e+000  4.352917e+001  0.000000e+000
 4.154100e+000  4.352148e+001  0.000000e+000
 4.156960e+000  4.351390e+001  0.000000e+000
 4.159820e+000  4.350741e+001  0.000000e+000
 4.162680e+000  4.350652e+001  0.000000e+000
 4.165540e+000  4.350957e+001  0.000000e+000
 4.168400e+000  4.352644e+001  0.000000e+000
 4.171260e+000  4.353924e+001  0.000000e+000
 4.174120e+000  4.353616e+001  0.000000e+000
 4.176980e+000  4.353530e+001  0.000000e+000
 4.179840e+000  4.353199e+001  0.000000e+000
 4.182700e+000  4.352495e+001  0.000000e+000
 4.185560e+000  4.351398e+001  0.000000e+000
 4.188420e+000  4.350095e+001  0.000000e+000
 4.191280e+000  4.348426e+001  0.000000e+000
 4.194140e+000  4.346104e+001  0.000000e+000
 4.197000e+000  4.344671e+001  0.000000e+000
 4.199860e+000  4.344067e+001  0.000000e+000
 4.202720e+000  4.343844e+001  0.000000e+000
 4.205580e+000  4.344996e+001  0.000000e+000
 4.208440e+000  4.345502e+001  0.000000e+000
 4.211300e+000  4.345608e+001  0.000000e+000
 4.214160e+000  4.343896e+001  0.000000e+000
 4.217020e+000  4.342569e+001  0.000000e+000
 4.219880e+000  4.344432e+001  0.000000e+000
 4.222740e+000  4.347626e+001  0.000000e+000
 4.225600e+000  4.348550e+001  0.000000e+000
 4.228460e+000  4.348528e+001  0.000000e+000
 4.231320e+000  4.348457e+001  0.000000e+000
 4.234180e+000  4.347841e+001  0.000000e+000
 4.237040e+000  4.347220e+001  0.000000e+000
 4.239900e+000  4.344947e+001  0.000000e+000
 4.242760e+000  4.343005e+001  0.000000e+000
 4.245620e+000  4.345273e+001  0.000000e+000
 4.248480e+000  4.347831e+001  0.000000e+000
 4.251340e+000  4.349523e+001  0.000000e+000
 4.254200e+000  4.348564e+001  0.000000e+000
 4.257060e+000  4.343749e+001  0.000000e+000
 4.259920e+000  4.340722e+001  0.000000e+000
 4.262780e+000  4.341975e+001  0.000000e+000
 4.265640e+000  4.343366e+001  0.000000e+000
 4.268500e+000  4.344643e+001  0.000000e+000
 4.271360e+000  4.345842e+001  0.000000e+000
 4.274220e+000  4.345284e+001  0.000000e+000
 4.277080e+000  4.344172e+001  0.000000e+000
 4.279940e+000  4.343422e+001  0.000000e+000
 4.282800e+000  4.341324e+001  0.000000e+000
 4.285660e+000  4.340006e+001  0.000000e+000
 4.288520e+000  4.340759e+001  0.000000e+000
 4.291380e+000  4.340380e+001  0.000000e+000
 4.294240e+000  4.339780e+001  0.000000e+000
 4.297100e+000  4.340869e+001  0.000000e+000
 4.299960e+000  4.343028e+001  0.000000e+000
 4.302820e+000  4.343875e+001  0.000000e+000
 4.305680e+000  4.343431e+001  0.000000e+000
 4.308540e+000  4.341986e+001  0.000000e+000
 4.311400e+000  4.341707e+001  0.000000e+000
 4.314260e+000  4.341176e+001  0.000000e+000
 4.317120e+000  4.339961e+001  0.000000e+000
 4.319980e+000  4.339536e+001  0.000000e+000
 4.322840e+000  4.338642e+001  0.000000e+000
 4.325700e+000  4.337811e+001  0.000000e+000
 4.328560e+000  4.337207e+001  0.000000e+000
 4.331420e+000  4.336709e+001  0.000000e+000
 4.334280e+000  4.337459e+001  0.000000e+000
 4.337140e+000  4.338425e+001  0.000000e+000
 4.340000e+000  4.338031e+001  0.000000e+000
 4.342860e+000  4.338903e+001  0.000000e+000
 4.345720e+000  4.339523e+001  0.000000e+000
 4.348580e+000  4.337939e+001  0.000000e+000
 4.351440e+000  4.338272e+001  0.000000e+000
 4.354300e+000  4.341471e+001  0.000000e+000
 4.357160e+000  4.343657e+001  0.000000e+000
 4.360020e+000  4.343407e+001  0.000000e+000
 4.362880e+000  4.341474e+001  0.000000e+000
 4.365740e+000  4.340625e+001  0.000000e+000
 4.368600e+000  4.340092e+001  0.000000e+000
 4.371460e+000  4.338834e+001  0.000000e+000
 4.374320e+000  4.339463e+001  0.000000e+000
 4.377180e+000  4.341051e+001  0.000000e+000
 4.380040e+000  4.340781e+001  0.000000e+000
 4.382900e+000  4.338710e+001  0.000000e+000
 4.385760e+000  4.338535e+001  0.000000e+000
 4.388620e+000  4.341051e+001  0.000000e+000
 4.391480e+000  4.342975e+001  0.000000e+000
 4.394340e+000  4.344429e+001  0.000000e+000
 4.397200e+000  4.344414e+001  0.000000e+000
 4.400060e+000  4.343117e+001  0.000000e+000
 4.402920e+000  4.341801e+001  0.000000e+000
 4.405780e+000  4.341399e+001  0.000000e+000
 4.408640e+000  4.340760e+001  0.000000e+000
 4.411500e+000  4.340150e+001  0.000000e+000
 4.414360e+000  4.339657e+001  0.000000e+000
 4.417220e+000  4.338827e+001  0.000000e+000
 4.420080e+000  4.338706e+001  0.000000e+000
 4.422940e+000  4.340584e+001  0.000000e+000
 4.425800e+000  4.342116e+001  0.000000e+000
 4.428660e+000  4.342005e+001  0.000000e+000
 4.431520e+000  4.340501e+001  0.000000e+000
 4.434380e+000  4.338048e+001  0.000000e+000
 4.437240e+000  4.337641e+001  0.000000e+000
 4.440100e+000  4.338972e+001  0.000000e+000
 4.442960e+000  4.339185e+001  0.000000e+000
 4.445820e+000  4.338592e+001  0.000000e+000
 4.448680e+000  4.338266e+001  0.000000e+000
 4.451540e+000  4.337496e+001  0.000000e+000
 4.454400e+000  4.337254e+001  0.000000e+000
 4.457260e+000  4.339284e+001  0.000000e+000
 4.460120e+000  4.340241e+001  0.000000e+000
 4.462980e+000  4.339633e+001  0.000000e+000
 4.465840e+000  4.339294e+001  0.000000e+000
 4.468700e+000  4.337359e+001  0.000000e+000
 4.471560e+000  4.335872e+001  0.000000e+000
 4.474420e+000  4.336918e+001  0.000000e+000
 4.477280e+000  4.338629e+001  0.000000e+000
 4.480140e+000  4.337830e+001  0.000000e+000
 4.483000e+000  4.337384e+001  0.000000e+000
 4.485860e+000  4.338585e+001  0.000000e+000
 4.488720e+000  4.339066e+001  0.000000e+000
 4.491580e+000  4.339424e+001  0.000000e+000
 4.494440e+000  4.340111e+001  0.000000e+000
 4.497300e+000  4.341192e+001  0.000000e+000
 4.500160e+000  4.340037e+001  0.000000e+000
 4.503020e+000  4.338090e+001  0.000000e+000
 4.505880e+000  4.338799e+001  0.000000e+000
 4.508740e+000  4.340402e+001  0.000000e+000
 4.511600e+000  4.340482e+001  0.000000e+000
 4.514460e+000  4.341170e+001  0.000000e+000
 4.517320e+000  4.342347e+001  0.000000e+000
 4.520180e+000  4.344639e+001  0.000000e+000
 4.523040e+000  4.345066e+001  0.000000e+000
 4.525900e+000  4.341871e+001  0.000000e+000
 4.528760e+000  4.340104e+001  0.000000e+000
 4.531620e+000  4.340638e+001  0.000000e+000
 4.534480e+000  4.341850e+001  0.000000e+000
 4.537340e+000  4.343070e+001  0.000000e+000
 4.540200e+000  4.343772e+001  0.000000e+000
 4.543060e+000  4.344223e+001  0.000000e+000
 4.545920e+000  4.344677e+001  0.000000e+000
 4.548780e+000  4.342758e+001  0.000000e+000
 4.551640e+000  4.342420e+001  0.000000e+000
 4.554500e+000  4.345994e+001  0.000000e+000
 4.557360e+000  4.346884e+001  0.000000e+000
 4.560220e+000  4.345572e+001  0.000000e+000
 4.563080e+000  4.344974e+001  0.000000e+000
 4.565940e+000  4.343996e+001  0.000000e+000
 4.568800e+000  4.343565e+001  0.000000e+000
 4.571660e+000  4.343742e+001  0.000000e+000
 4.574520e+000  4.344897e+001  0.000000e+000
 4.577380e+000  4.345631e+001  0.000000e+000
 4.580240e+000  4.347400e+001  0.000000e+000
 4.583100e+000  4.348667e+001  0.000000e+000
 4.585960e+000  4.350028e+001  0.000000e+000
 4.588820e+000  4.352982e+001  0.000000e+000
 4.591680e+000  4.353144e+001  0.000000e+000
 4.594540e+000  4.350877e+001  0.000000e+000
 4.597400e+000  4.348712e+001  0.000000e+000
 4.600260e+000  4.346472e+001  0.000000e+000
 4.603120e+000  4.345216e+001  0.000000e+000
 4.605980e+000  4.345265e+001  0.000000e+000
 4.608840e+000  4.344229e+001  0.000000e+000
 4.611700e+000  4.343042e+001  0.000000e+000
 4.614560e+000  4.343528e+001  0.000000e+000
 4.617420e+000  4.344451e+001  0.000000e+000
 4.620280e+000  4.343780e+001  0.000000e+000
 4.623140e+000  4.342986e+001  0.000000e+000
 4.626000e+000  4.342692e+001  0.000000e+000
 4.628860e+000  4.343284e+001  0.000000e+000
 4.631720e+000  4.345286e+001  0.000000e+000
 4.634580e+000  4.347042e+001  0.000000e+000
 4.637440e+000  4.348442e+001  0.000000e+000
 4.640300e+000  4.348591e+001  0.000000e+000
 4.643160e+000  4.347888e+001  0.000000e+000
 4.646020e+000  4.347188e+001  0.000000e+000
 4.648880e+000  4.345859e+001  0.000000e+000
 4.651740e+000  4.345320e+001  0.000000e+000
 4.654600e+000  4.346907e+001  0.000000e+000
 4.657460e+000  4.347394e+001  0.000000e+000
 4.660320e+000  4.345892e+001  0.000000e+000
 4.663180e+000  4.344709e+001  0.000000e+000
 4.666040e+000  4.345922e+001  0.000000e+000
 4.668900e+000  4.347541e+001  0.000000e+000
 4.671760e+000  4.346577e+001  0.000000e+000
 4.674620e+000  4.344836e+001  0.000000e+000
 4.677480e+000  4.345551e+001  0.000000e+000
 4.680340e+000  4.346364e+001  0.000000e+000
 4.683200e+000  4.346517e+001  0.000000e+000
 4.686060e+000  4.346689e+001  0.000000e+000
 4.688920e+000  4.347893e+001  0.000000e+000
 4.691780e+000  4.349346e+001  0.000000e+000
 4.694640e+000  4.349050e+001  0.000000e+000
 4.697500e+000  4.347957e+001  0.000000e+000
 4.700360e+000  4.349146e+001  0.000000e+000
 4.703220e+000  4.350820e+001  0.000000e+000
 4.706080e+000  4.349777e+001  0.000000e+000
 4.708940e+000  4.348373e+001  0.000000e+000
 4.711800e+000  4.347889e+001  0.000000e+000
 4.714660e+000  4.348588e+001  0.000000e+000
 4.717520e+000  4.349383e+001  0.000000e+000
 4.720380e+000  4.347636e+001  0.000000e+000
 4.723240e+000  4.346717e+001  0.000000e+000
 4.726100e+000  4.346584e+001  0.000000e+000
 4.728960e+000  4.345563e+001  0.000000e+000
 4.731820e+000  4.343726e+001  0.000000e+000
 4.734680e+000  4.344010e+001  0.000000e+000
 4.737540e+000  4.346166e+001  0.000000e+000
 4.740400e+000  4.344690e+001  0.000000e+000
 4.743260e+000  4.342284e+001  0.000000e+000
 4.746120e+000  4.342812e+001  0.000000e+000
 4.748980e+000  4.344843e+001  0.000000e+000
 4.751840e+000  4.345882e+001  0.000000e+000
 4.754700e+000  4.345975e+001  0.000000e+000
 4.757560e+000  4.345275e+001  0.000000e+000
 4.760420e+000  4.345908e+001  0.000000e+000
 4.763280e+000  4.346382e+001  0.000000e+000
 4.766140e+000  4.346778e+001  0.000000e+000
 4.769000e+000  4.346431e+001  0.000000e+000
 4.771860e+000  4.346425e+001  0.000000e+000
 4.774720e+000  4.347284e+001  0.000000e+000
 4.777580e+000  4.347162e+001  0.000000e+000
 4.780440e+000  4.346603e+001  0.000000e+000
 4.783300e+000  4.346657e+001  0.000000e+000
 4.786160e+000  4.348606e+001  0.000000e+000
 4.789020e+000  4.351217e+001  0.000000e+000
 4.791880e+000  4.352543e+001  0.000000e+000
 4.794740e+000  4.349827e+001  0.000000e+000
 4.797600e+000  4.346652e+001  0.000000e+000
 4.800460e+000  4.345102e+001  0.000000e+000
 4.803320e+000  4.343762e+001  0.000000e+000
 4.806180e+000  4.344129e+001  0.000000e+000
 4.809040e+000  4.346023e+001  0.000000e+000
 4.811900e+000  4.347702e+001  0.000000e+000
 4.814760e+000  4.348936e+001  0.000000e+000
 4.817620e+000  4.349469e+001  0.000000e+000
 4.820480e+000  4.350209e+001  0.000000e+000
 4.823340e+000  4.349740e+001  0.000000e+000
 4.826200e+000  4.346797e+001  0.000000e+000
 4.829060e+000  4.344390e+001  0.000000e+000
 4.831920e+000  4.344434e+001  0.000000e+000
 4.834780e+000  4.345681e+001  0.000000e+000
 4.837640e+000  4.347564e+001  0.000000e+000
 4.840500e+000  4.348580e+001  0.000000e+000
 4.843360e+000  4.347805e+001  0.000000e+000
 4.846220e+000  4.348036e+001  0.000000e+000
 4.849080e+000  4.349000e+001  0.000000e+000
 4.851940e+000  4.350476e+001  0.000000e+000
 4.854800e+000  4.351519e+001  0.000000e+000
 4.857660e+000  4.350525e+001  0.000000e+000
 4.860520e+000  4.348914e+001  0.000000e+000
 4.863380e+000  4.347732e+001  0.000000e+000
 4.866240e+000  4.347474e+001  0.000000e+000
 4.869100e+000  4.349461e+001  0.000000e+000
 4.871960e+000  4.350462e+001  0.000000e+000
 4.874820e+000  4.348347e+001  0.000000e+000
 4.877680e+000  4.346583e+001  0.000000e+000
 4.880540e+000  4.346034e+001  0.000000e+000
 4.883400e+000  4.346094e+001  0.000000e+000
 4.886260e+000  4.346662e+001  0.000000e+000
 4.889120e+000  4.346867e+001  0.000000e+000
 4.891980e+000  4.346474e+001  0.000000e+000
 4.894840e+000  4.346507e+001  0.000000e+000
 4.897700e+000  4.345956e+001  0.000000e+000
 4.900560e+000  4.345038e+001  0.000000e+000
 4.903420e+000  4.345049e+001  0.000000e+000
 4.906280e+000  4.345977e+001  0.000000e+000
 4.909140e+000  4.346301e+001  0.000000e+000
 4.912000e+000  4.346309e+001  0.000000e+000
 4.914860e+000  4.346503e+001  0.000000e+000
 4.917720e+000  4.345959e+001  0.000000e+000
 4.920580e+000  4.345434e+001  0.000000e+000
 4.923440e+000  4.344992e+001  0.000000e+000
 4.926300e+000  4.344038e+001  0.000000e+000
 4.929160e+000  4.342647e+001  0.000000e+000
 4.932020e+000  4.343854e+001  0.000000e+000
 4.934880e+000  4.345970e+001  0.000000e+000
 4.937740e+000  4.346610e+001  0.000000e+000
 4.940600e+000  4.346304e+001  0.000000e+000
 4.943460e+000  4.347236e+001  0.000000e+000
 4.946320e+000  4.347560e+001  0.000000e+000
 4.949180e+000  4.347236e+001  0.000000e+000
 4.952040e+000  4.346612e+001  0.000000e+000
 4.954900e+000  4.347232e+001  0.000000e+000
 4.957760e+000  4.347432e+001  0.000000e+000
 4.960620e+000  4.347828e+001  0.000000e+000
 4.963480e+000  4.347835e+001  0.000000e+000
 4.966340e+000  4.347086e+001  0.000000e+000
 4.969200e+000  4.346773e+001  0.000000e+000
 4.972060e+000  4.346806e+001  0.000000e+000
 4.974920e+000  4.346151e+001  0.000000e+000
 4.977780e+000  4.345671e+001  0.000000e+000
 4.980640e+000  4.343954e+001  0.000000e+000
 4.983500e+000  4.341445e+001  0.000000e+000
 4.986360e+000  4.341030e+001  0.000000e+000
 4.989220e+000  4.342723e+001  0.000000e+000
 4.992080e+000  4.345640e+001  0.000000e+000
 4.994940e+000  4.346954e+001  0.000000e+000
 4.997800e+000  4.345923e+001  0.000000e+000
 5.000660e+000  4.345608e+001  0.000000e+000
 5.003520e+000  4.345577e+001  0.000000e+000
 5.006380e+000  4.344057e+001  0.000000e+000
 5.009240e+000  4.342459e+001  0.000000e+000
 5.012100e+000  4.343208e+001  0.000000e+000
 5.014960e+000  4.345005e+001  0.000000e+000
 5.017820e+000  4.346735e+001  0.000000e+000
 5.020680e+000  4.346559e+001  0.000000e+000
 5.023540e+000  4.344158e+001  0.000000e+000
 5.026400e+000  4.341596e+001  0.000000e+000
 5.029260e+000  4.342098e+001  0.000000e+000
 5.032120e+000  4.344618e+001  0.000000e+000
 5.034980e+000  4.346775e+001  0.000000e+000
 5.037840e+000  4.345065e+001  0.000000e+000
 5.040700e+000  4.343668e+001  0.000000e+000
 5.043560e+000  4.343338e+001  0.000000e+000
 5.046420e+000  4.342004e+001  0.000000e+000
 5.049280e+000  4.341220e+001  0.000000e+000
 5.052140e+000  4.340221e+001  0.000000e+000
 5.055000e+000  4.341309e+001  0.000000e+000
 5.057860e+000  4.342998e+001  0.000000e+000
 5.060720e+000  4.344434e+001  0.000000e+000
 5.063580e+000  4.343109e+001  0.000000e+000
 5.066440e+000  4.340674e+001  0.000000e+000
 5.069300e+000  4.338445e+001  0.000000e+000
 5.072160e+000  4.339133e+001  0.000000e+000
 5.075020e+000  4.341473e+001  0.000000e+000
 5.077880e+000  4.341816e+001  0.000000e+000
 5.080740e+000  4.342044e+001  0.000000e+000
 5.083600e+000  4.342114e+001  0.000000e+000
 5.086460e+000  4.341438e+001  0.000000e+000
 5.089320e+000  4.340459e+001  0.000000e+000
 5.092180e+000  4.339488e+001  0.000000e+000
 5.095040e+000  4.337448e+001  0.000000e+000
 5.097900e+000  4.337873e+001  0.000000e+000
 5.100760e+000  4.339612e+001  0.000000e+000
 5.103620e+000  4.341198e+001  0.000000e+000
 5.106480e+000  4.341259e+001  0.000000e+000
 5.109340e+000  4.340496e+001  0.000000e+000
 5.112200e+000  4.340956e+001  0.000000e+000
 5.115060e+000  4.343027e+001  0.000000e+000
 5.117920e+000  4.342736e+001  0.000000e+000
 5.120780e+000  4.340597e+001  0.000000e+000
 5.123640e+000  4.339718e+001  0.000000e+000
 5.126500e+000  4.340658e+001  0.000000e+000
 5.129360e+000  4.342382e+001  0.000000e+000
 5.132220e+000  4.343422e+001  0.000000e+000
 5.135080e+000  4.343592e+001  0.000000e+000
 5.137940e+000  4.342489e+001  0.000000e+000
 5.140800e+000  4.341782e+001  0.000000e+000
 5.143660e+000  4.341110e+001  0.000000e+000
 5.146520e+000  4.338672e+001  0.000000e+000
 5.149380e+000  4.337343e+001  0.000000e+000
 5.152240e+000  4.338293e+001  0.000000e+000
 5.155100e+000  4.338542e+001  0.000000e+000
 5.157960e+000  4.338711e+001  0.000000e+000
 5.160820e+000  4.338923e+001  0.000000e+000
 5.163680e+000  4.338696e+001  0.000000e+000
 5.166540e+000  4.336985e+001  0.000000e+000
 5.169400e+000  4.336234e+001  0.000000e+000
 5.172260e+000  4.337143e+001  0.000000e+000
 5.175120e+000  4.338710e+001  0.000000e+000
 5.177980e+000  4.340543e+001  0.000000e+000
 5.180840e+000  4.342310e+001  0.000000e+000
 5.183700e+000  4.343306e+001  0.000000e+000
 5.186560e+000  4.342494e+001  0.000000e+000
 5.189420e+000  4.340456e+001  0.000000e+000
 5.192280e+000  4.340392e+001  0.000000e+000
 5.195140e+000  4.340488e+001  0.000000e+000
 5.198000e+000  4.339860e+001  0.000000e+000
 5.200860e+000  4.341141e+001  0.000000e+000
 5.203720e+000  4.342454e+001  0.000000e+000
 5.206580e+000  4.342614e+001  0.000000e+000
 5.209440e+000  4.342407e+001  0.000000e+000
 5.212300e+000  4.339847e+001  0.000000e+000
 5.215160e+000  4.337874e+001  0.000000e+000
 5.218020e+000  4.339138e+001  0.000000e+000
 5.220880e+000  4.340258e+001  0.000000e+000
 5.223740e+000  4.340638e+001  0.000000e+000
 5.226600e+000  4.339659e+001  0.000000e+000
 5.229460e+000  4.338808e+001  0.000000e+000
 5.232320e+000  4.338426e+001  0.000000e+000
 5.235180e+000  4.339399e+001  0.000000e+000
 5.238040e+000  4.339245e+001  0.000000e+000
 5.240900e+000  4.339393e+001  0.000000e+000
 5.243760e+000  4.339159e+001  0.000000e+000
 5.246620e+000  4.339571e+001  0.000000e+000
 5.249480e+000  4.341130e+001  0.000000e+000
 5.252340e+000  4.342207e+001  0.000000e+000
 5.255200e+000  4.341412e+001  0.000000e+000
 5.258060e+000  4.340247e+001  0.000000e+000
 5.260920e+000  4.339985e+001  0.000000e+000
 5.263780e+000  4.340363e+001  0.000000e+000
 5.266640e+000  4.338830e+001  0.000000e+000
 5.269500e+000  4.337815e+001  0.000000e+000
 5.272360e+000  4.338564e+001  0.000000e+000
 5.275220e+000  4.339611e+001  0.000000e+000
 5.278080e+000  4.340573e+001  0.000000e+000
 5.280940e+000  4.340325e+001  0.000000e+000
 5.283800e+000  4.339762e+001  0.000000e+000
 5.286660e+000  4.340547e+001  0.000000e+000
 5.289520e+000  4.341353e+001  0.000000e+000
 5.292380e+000  4.342679e+001  0.000000e+000
 5.295240e+000  4.343122e+001  0.000000e+000
 5.298100e+000  4.341701e+001  0.000000e+000
 5.300960e+000  4.340422e+001  0.000000e+000
 5.303820e+000  4.341877e+001  0.000000e+000
 5.306680e+000  4.343279e+001  0.000000e+000
 5.309540e+000  4.343259e+001  0.000000e+000
 5.312400e+000  4.342141e+001  0.000000e+000
 5.315260e+000  4.341932e+001  0.000000e+000
 5.318120e+000  4.341495e+001  0.000000e+000
 5.320980e+000  4.340972e+001  0.000000e+000
 5.323840e+000  4.338906e+001  0.000000e+000
 5.326700e+000  4.336588e+001  0.000000e+000
 5.329560e+000  4.337110e+001  0.000000e+000
 5.332420e+000  4.338989e+001  0.000000e+000
 5.335280e+000  4.339704e+001  0.000000e+000
 5.338140e+000  4.338809e+001  0.000000e+000
 5.341000e+000  4.336759e+001  0.000000e+000
 5.343860e+000  4.335319e+001  0.000000e+000
 5.346720e+000  4.335665e+001  0.000000e+000
 5.349580e+000  4.336895e+001  0.000000e+000
 5.352440e+000  4.338017e+001  0.000000e+000
 5.355300e+000  4.338808e+001  0.000000e+000
 5.358160e+000  4.336453e+001  0.000000e+000
 5.361020e+000  4.333180e+001  0.000000e+000
 5.363880e+000  4.332528e+001  0.000000e+000
 5.366740e+000  4.333653e+001  0.000000e+000
 5.369600e+000  4.335550e+001  0.000000e+000
 5.372460e+000  4.337050e+001  0.000000e+000
 5.375320e+000  4.338504e+001  0.000000e+000
 5.378180e+000  4.339569e+001  0.000000e+000
 5.381040e+000  4.339146e+001  0.000000e+000
 5.383900e+000  4.338460e+001  0.000000e+000
 5.386760e+000  4.338348e+001  0.000000e+000
 5.389620e+000  4.336941e+001  0.000000e+000
 5.392480e+000  4.336595e+001  0.000000e+000
 5.395340e+000  4.337651e+001  0.000000e+000
 5.398200e+000  4.337501e+001  0.000000e+000
 5.401060e+000  4.336847e+001  0.000000e+000
 5.403920e+000  4.336303e+001  0.000000e+000
 5.406780e+000  4.335877e+001  0.000000e+000
 5.409640e+000  4.336709e+001  0.000000e+000
 5.412500e+000  4.337705e+001  0.000000e+000
 5.415360e+000  4.337507e+001  0.000000e+000
 5.418220e+000  4.337044e+001  0.000000e+000
 5.421080e+000  4.336519e+001  0.000000e+000
 5.423940e+000  4.337638e+001  0.000000e+000
 5.426800e+000  4.338212e+001  0.000000e+000
 5.429660e+000  4.336974e+001  0.000000e+000
 5.432520e+000  4.335897e+001  0.000000e+000
 5.435380e+000  4.334836e+001  0.000000e+000
 5.438240e+000  4.334600e+001  0.000000e+000
 5.441100e+000  4.334430e+001  0.000000e+000
 5.443960e+000  4.333318e+001  0.000000e+000
 5.446820e+000  4.331514e+001  0.000000e+000
 5.449680e+000  4.331441e+001  0.000000e+000
 5.452540e+000  4.334288e+001  0.000000e+000
parent: C:/Users/CKAMMA~1/AppData/Local/Temp/qt_temp.Ne5860
parent: C:/Users/CKAMMA~1/AppData/Local/Temp/qt_temp.ep5860
parent: C:/Users/CKAMMA~1/AppData/Local/Temp/qt_temp.Qv5860
parent: C:/Users/CKAMMA~1/AppData/Local/Temp/qt_temp.xg5860
parent: C:/Users/CKAMMA~1/AppData/Local/Temp/qt_temp.Ei5860
parent: C:/Users/CKAMMA~1/AppData/Local/Temp/qt_temp.jp5860
parent: C:/Users/CKAMMA~1/AppData/Local/Temp/qt_temp.rS5860
parent: C:/Users/CKAMMA~1/AppData/Local/Temp/qt_temp.ZD5860
parent: C:/Users/CKAMMA~1/AppData/Local/Temp/qt_temp.Aj5860
parent: C:/Users/CKAMMA~1/AppData/Local/Temp/qt_temp.Uz5860
parent: C:/Users/CKAMMA~1/AppData/Local/Temp/qt_temp.lJ5860
parent: C:/Users/CKAMMA~1/AppData/Local/Temp/qt_temp.cL5860
creator: datmerge
creator-version: v0.2 (r3699)
datmerge-factor C:/Users/CKAMMA~1/AppData/Local/Temp/qt_temp.Ne5860: 1.0000
datmerge-factor C:/Users/CKAMMA~1/AppData/Local/Temp/qt_temp.ep5860: 1.0048
datmerge-factor C:/Users/CKAMMA~1/AppData/Local/Temp/qt_temp.Qv5860: 1.0014
datmerge-factor C:/Users/CKAMMA~1/AppData/Local/Temp/qt_temp.xg5860: .9991
datmerge-factor C:/Users/CKAMMA~1/AppData/Local/Temp/qt_temp.Ei5860: 1.0005
datmerge-factor C:/Users/CKAMMA~1/AppData/Local/Temp/qt_temp.jp5860: 1.0004
datmerge-factor C:/Users/CKAMMA~1/AppData/Local/Temp/qt_temp.rS5860: .9987
datmerge-factor C:/Users/CKAMMA~1/AppData/Local/Temp/qt_temp.ZD5860: .9995
datmerge-factor C:/Users/CKAMMA~1/AppData/Local/Temp/qt_temp.Aj5860: .9965
datmerge-factor C:/Users/CKAMMA~1/AppData/Local/Temp/qt_temp.Uz5860: .9983
datmerge-factor C:/Users/CKAMMA~1/AppData/Local/Temp/qt_temp.lJ5860: 1.0065
datmerge-factor C:/Users/CKAMMA~1/AppData/Local/Temp/qt_temp.cL5860: 1.0043
