 Merge of: adsc_bb_2_00 adsc_bb_2_00 adsc_bb_2_00 adsc_bb_2_00 adsc_bb_2_00 adsc_bb_2_00 adsc_bb_2_00 adsc_bb_2_00 adsc_bb_2_00 adsc_bb_2_00 adsc_bb_2_00 adsc_bb_2_00                                                                                          
adsc_bb_2_00  Conc = .10E+01  Mult = .10E+01  N1 =    1  N2 = 1860  SCALE =  1
adsc_bb_2_00  Conc = .10E+01  Mult = .10E+01  N1 =    1  N2 = 1860  SCALE =  1
adsc_bb_2_00  Conc = .10E+01  Mult = .10E+01  N1 =    1  N2 = 1860  SCALE =  1
adsc_bb_2_00  Conc = .10E+01  Mult = .10E+01  N1 =    1  N2 = 1860  SCALE =  1
adsc_bb_2_00  Conc = .10E+01  Mult = .10E+01  N1 =    1  N2 = 1860  SCALE =  1
adsc_bb_2_00  Conc = .10E+01  Mult = .10E+01  N1 =    1  N2 = 1860  SCALE =  1
adsc_bb_2_00  Conc = .10E+01  Mult = .10E+01  N1 =    1  N2 = 1860  SCALE =  1
adsc_bb_2_00  Conc = .10E+01  Mult = .10E+01  N1 =    1  N2 = 1860  SCALE =  1
adsc_bb_2_00  Conc = .10E+01  Mult = .10E+01  N1 =    1  N2 = 1860  SCALE =  1
adsc_bb_2_00  Conc = .10E+01  Mult = .10E+01  N1 =    1  N2 = 1860  SCALE =  1
adsc_bb_2_00  Conc = .10E+01  Mult = .10E+01  N1 =    1  N2 = 1860  SCALE =  1
adsc_bb_2_00  Conc = .10E+01  Mult = .10E+01  N1 =    1  N2 = 1860  SCALE =  1
 0.135800E+00  0.650581E+02  0.602776E+00
 0.138660E+00  0.635198E+02  0.550494E+00
 0.141520E+00  0.619900E+02  0.537179E+00
 0.144380E+00  0.604785E+02  0.524063E+00
 0.147240E+00  0.593042E+02  0.513792E+00
 0.150100E+00  0.582651E+02  0.504785E+00
 0.152960E+00  0.571036E+02  0.494755E+00
 0.155820E+00  0.560001E+02  0.485147E+00
 0.158680E+00  0.551379E+02  0.477639E+00
 0.161540E+00  0.544288E+02  0.471503E+00
 0.164400E+00  0.539336E+02  0.467191E+00
 0.167260E+00  0.535615E+02  0.463953E+00
 0.170120E+00  0.530511E+02  0.459549E+00
 0.172980E+00  0.525127E+02  0.454871E+00
 0.175840E+00  0.519800E+02  0.450252E+00
 0.178700E+00  0.511791E+02  0.443300E+00
 0.181560E+00  0.509733E+02  0.441500E+00
 0.184420E+00  0.508163E+02  0.440164E+00
 0.187280E+00  0.506255E+02  0.438489E+00
 0.190140E+00  0.503272E+02  0.435910E+00
 0.193000E+00  0.501604E+02  0.434472E+00
 0.195860E+00  0.500607E+02  0.433600E+00
 0.198720E+00  0.497339E+02  0.430777E+00
 0.201580E+00  0.493365E+02  0.427354E+00
 0.204440E+00  0.491954E+02  0.426128E+00
 0.207300E+00  0.490617E+02  0.424947E+00
 0.210160E+00  0.488244E+02  0.422878E+00
 0.213020E+00  0.485031E+02  0.420092E+00
 0.215880E+00  0.483604E+02  0.418854E+00
 0.218740E+00  0.484887E+02  0.419954E+00
 0.221600E+00  0.485469E+02  0.420455E+00
 0.224460E+00  0.484942E+02  0.419994E+00
 0.227320E+00  0.482259E+02  0.417671E+00
 0.230180E+00  0.479886E+02  0.415612E+00
 0.233040E+00  0.477952E+02  0.413933E+00
 0.235900E+00  0.478056E+02  0.414025E+00
 0.238760E+00  0.477106E+02  0.413209E+00
 0.241620E+00  0.476355E+02  0.412566E+00
 0.244480E+00  0.477536E+02  0.413595E+00
 0.247340E+00  0.476023E+02  0.412278E+00
 0.250200E+00  0.473877E+02  0.410411E+00
 0.253060E+00  0.474208E+02  0.410688E+00
 0.255920E+00  0.474952E+02  0.411329E+00
 0.258780E+00  0.474353E+02  0.410812E+00
 0.261640E+00  0.472975E+02  0.409626E+00
 0.264500E+00  0.470678E+02  0.407636E+00
 0.267360E+00  0.469495E+02  0.406605E+00
 0.270220E+00  0.470294E+02  0.407295E+00
 0.273080E+00  0.469500E+02  0.406615E+00
 0.275940E+00  0.469915E+02  0.406984E+00
 0.278800E+00  0.470880E+02  0.407814E+00
 0.281660E+00  0.469991E+02  0.407050E+00
 0.284520E+00  0.467428E+02  0.404843E+00
 0.287380E+00  0.465978E+02  0.403581E+00
 0.290240E+00  0.466478E+02  0.404005E+00
 0.293100E+00  0.468553E+02  0.405791E+00
 0.295960E+00  0.468605E+02  0.405836E+00
 0.298820E+00  0.467290E+02  0.404709E+00
 0.301680E+00  0.466561E+02  0.404078E+00
 0.304540E+00  0.467881E+02  0.405215E+00
 0.307400E+00  0.466673E+02  0.404166E+00
 0.310260E+00  0.466417E+02  0.403944E+00
 0.313120E+00  0.466120E+02  0.403687E+00
 0.315980E+00  0.465510E+02  0.403154E+00
 0.318840E+00  0.465359E+02  0.403022E+00
 0.321700E+00  0.465004E+02  0.402716E+00
 0.324560E+00  0.465189E+02  0.402879E+00
 0.327420E+00  0.466252E+02  0.403805E+00
 0.330280E+00  0.466282E+02  0.403830E+00
 0.333140E+00  0.465183E+02  0.402879E+00
 0.336000E+00  0.465127E+02  0.402840E+00
 0.338860E+00  0.463476E+02  0.401414E+00
 0.341720E+00  0.463205E+02  0.401170E+00
 0.344580E+00  0.464541E+02  0.402320E+00
 0.347440E+00  0.464745E+02  0.402490E+00
 0.350300E+00  0.463938E+02  0.401792E+00
 0.353160E+00  0.463683E+02  0.401576E+00
 0.356020E+00  0.464029E+02  0.401876E+00
 0.358880E+00  0.463287E+02  0.401232E+00
 0.361740E+00  0.463261E+02  0.401206E+00
 0.364600E+00  0.463377E+02  0.401309E+00
 0.367460E+00  0.463829E+02  0.401709E+00
 0.370320E+00  0.464118E+02  0.401955E+00
 0.373180E+00  0.463517E+02  0.401432E+00
 0.376040E+00  0.462469E+02  0.400518E+00
 0.378900E+00  0.462682E+02  0.400701E+00
 0.381760E+00  0.462556E+02  0.400599E+00
 0.384620E+00  0.461639E+02  0.399803E+00
 0.387480E+00  0.461994E+02  0.400107E+00
 0.390340E+00  0.463009E+02  0.400987E+00
 0.393200E+00  0.462765E+02  0.400781E+00
 0.396060E+00  0.461492E+02  0.399679E+00
 0.398920E+00  0.461665E+02  0.399828E+00
 0.401780E+00  0.462303E+02  0.400381E+00
 0.404640E+00  0.460403E+02  0.398739E+00
 0.407500E+00  0.459653E+02  0.398084E+00
 0.410360E+00  0.461505E+02  0.399688E+00
 0.413220E+00  0.462404E+02  0.400467E+00
 0.416080E+00  0.461946E+02  0.400069E+00
 0.418940E+00  0.461136E+02  0.399369E+00
 0.421800E+00  0.460731E+02  0.399021E+00
 0.424660E+00  0.461595E+02  0.399767E+00
 0.427520E+00  0.462045E+02  0.400159E+00
 0.430380E+00  0.461920E+02  0.400053E+00
 0.433240E+00  0.461580E+02  0.399757E+00
 0.436100E+00  0.460966E+02  0.399223E+00
 0.438960E+00  0.461521E+02  0.399703E+00
 0.441820E+00  0.461434E+02  0.399626E+00
 0.444680E+00  0.460288E+02  0.398636E+00
 0.447540E+00  0.460649E+02  0.398947E+00
 0.450400E+00  0.462155E+02  0.400248E+00
 0.453260E+00  0.461359E+02  0.399560E+00
 0.456120E+00  0.460940E+02  0.399202E+00
 0.458980E+00  0.461367E+02  0.399569E+00
 0.461840E+00  0.461767E+02  0.399915E+00
 0.464700E+00  0.461615E+02  0.399784E+00
 0.467560E+00  0.461578E+02  0.399753E+00
 0.470420E+00  0.462083E+02  0.400192E+00
 0.473280E+00  0.461671E+02  0.399832E+00
 0.476140E+00  0.461212E+02  0.399433E+00
 0.479000E+00  0.461104E+02  0.399342E+00
 0.481860E+00  0.461634E+02  0.399806E+00
 0.484720E+00  0.461963E+02  0.400086E+00
 0.487580E+00  0.462109E+02  0.400214E+00
 0.490440E+00  0.461889E+02  0.400025E+00
 0.493300E+00  0.460989E+02  0.399241E+00
 0.496160E+00  0.460463E+02  0.398786E+00
 0.499020E+00  0.460373E+02  0.398711E+00
 0.501880E+00  0.460856E+02  0.399128E+00
 0.504740E+00  0.460369E+02  0.398705E+00
 0.507600E+00  0.460323E+02  0.398663E+00
 0.510460E+00  0.461017E+02  0.399261E+00
 0.513320E+00  0.461513E+02  0.399692E+00
 0.516180E+00  0.461909E+02  0.400038E+00
 0.519040E+00  0.462139E+02  0.400235E+00
 0.521900E+00  0.461750E+02  0.399896E+00
 0.524760E+00  0.460623E+02  0.398922E+00
 0.527620E+00  0.459734E+02  0.398151E+00
 0.530480E+00  0.460922E+02  0.399178E+00
 0.533340E+00  0.462019E+02  0.400132E+00
 0.536200E+00  0.462035E+02  0.400148E+00
 0.539060E+00  0.461050E+02  0.399291E+00
 0.541920E+00  0.460645E+02  0.398936E+00
 0.544780E+00  0.461136E+02  0.399359E+00
 0.547640E+00  0.460965E+02  0.399214E+00
 0.550500E+00  0.460707E+02  0.399000E+00
 0.553360E+00  0.460315E+02  0.398660E+00
 0.556220E+00  0.460552E+02  0.398859E+00
 0.559080E+00  0.460086E+02  0.398457E+00
 0.561940E+00  0.460730E+02  0.399016E+00
 0.564800E+00  0.460985E+02  0.399237E+00
 0.567660E+00  0.462064E+02  0.400170E+00
 0.570520E+00  0.462507E+02  0.400552E+00
 0.573380E+00  0.461184E+02  0.399406E+00
 0.576240E+00  0.459364E+02  0.397829E+00
 0.579100E+00  0.459046E+02  0.397554E+00
 0.581960E+00  0.459839E+02  0.398241E+00
 0.584820E+00  0.460318E+02  0.398661E+00
 0.587680E+00  0.460663E+02  0.398960E+00
 0.590540E+00  0.460458E+02  0.398784E+00
 0.593400E+00  0.460953E+02  0.399208E+00
 0.596260E+00  0.460910E+02  0.399168E+00
 0.599120E+00  0.460557E+02  0.398863E+00
 0.601980E+00  0.460092E+02  0.398462E+00
 0.604840E+00  0.459783E+02  0.398196E+00
 0.607700E+00  0.459170E+02  0.397667E+00
 0.610560E+00  0.458463E+02  0.397049E+00
 0.613420E+00  0.459020E+02  0.397531E+00
 0.616280E+00  0.460579E+02  0.398880E+00
 0.619140E+00  0.460976E+02  0.399224E+00
 0.622000E+00  0.460088E+02  0.398455E+00
 0.624860E+00  0.459701E+02  0.398121E+00
 0.627720E+00  0.459918E+02  0.398307E+00
 0.630580E+00  0.460177E+02  0.398533E+00
 0.633440E+00  0.460613E+02  0.398918E+00
 0.636300E+00  0.461685E+02  0.399849E+00
 0.639160E+00  0.461168E+02  0.399397E+00
 0.642020E+00  0.460147E+02  0.398507E+00
 0.644880E+00  0.460459E+02  0.398778E+00
 0.647740E+00  0.460535E+02  0.398850E+00
 0.650600E+00  0.459411E+02  0.397878E+00
 0.653460E+00  0.459016E+02  0.397533E+00
 0.656320E+00  0.460090E+02  0.398462E+00
 0.659180E+00  0.460437E+02  0.398767E+00
 0.662040E+00  0.459618E+02  0.398057E+00
 0.664900E+00  0.459585E+02  0.398024E+00
 0.667760E+00  0.459678E+02  0.398100E+00
 0.670620E+00  0.459246E+02  0.397726E+00
 0.673480E+00  0.458927E+02  0.397454E+00
 0.676340E+00  0.459109E+02  0.397613E+00
 0.679200E+00  0.459183E+02  0.397672E+00
 0.682060E+00  0.459452E+02  0.397904E+00
 0.684920E+00  0.459656E+02  0.398083E+00
 0.687780E+00  0.459212E+02  0.397701E+00
 0.690640E+00  0.459254E+02  0.397732E+00
 0.693500E+00  0.459987E+02  0.398368E+00
 0.696360E+00  0.459519E+02  0.397965E+00
 0.699220E+00  0.458655E+02  0.397213E+00
 0.702080E+00  0.459681E+02  0.398103E+00
 0.704940E+00  0.460546E+02  0.398855E+00
 0.707800E+00  0.460439E+02  0.398759E+00
 0.710660E+00  0.459748E+02  0.398161E+00
 0.713520E+00  0.459340E+02  0.397812E+00
 0.716380E+00  0.459284E+02  0.397763E+00
 0.719240E+00  0.459221E+02  0.397710E+00
 0.722100E+00  0.459361E+02  0.397832E+00
 0.724960E+00  0.459305E+02  0.397780E+00
 0.727820E+00  0.459620E+02  0.398057E+00
 0.730680E+00  0.459650E+02  0.398083E+00
 0.733540E+00  0.459081E+02  0.397585E+00
 0.736400E+00  0.459341E+02  0.397809E+00
 0.739260E+00  0.460207E+02  0.398564E+00
 0.742120E+00  0.460590E+02  0.398896E+00
 0.744980E+00  0.459212E+02  0.397703E+00
 0.747840E+00  0.458850E+02  0.397387E+00
 0.750700E+00  0.459311E+02  0.397784E+00
 0.753560E+00  0.459507E+02  0.397953E+00
 0.756420E+00  0.459332E+02  0.397800E+00
 0.759280E+00  0.459647E+02  0.398075E+00
 0.762140E+00  0.460209E+02  0.398567E+00
 0.765000E+00  0.459158E+02  0.397658E+00
 0.767860E+00  0.458442E+02  0.397035E+00
 0.770720E+00  0.459144E+02  0.397643E+00
 0.773580E+00  0.460154E+02  0.398515E+00
 0.776440E+00  0.460172E+02  0.398530E+00
 0.779300E+00  0.458540E+02  0.397118E+00
 0.782160E+00  0.458354E+02  0.396955E+00
 0.785020E+00  0.458419E+02  0.397012E+00
 0.787880E+00  0.459415E+02  0.397875E+00
 0.790740E+00  0.459860E+02  0.398264E+00
 0.793600E+00  0.458666E+02  0.397229E+00
 0.796460E+00  0.458043E+02  0.396688E+00
 0.799320E+00  0.459256E+02  0.397738E+00
 0.802180E+00  0.459348E+02  0.397817E+00
 0.805040E+00  0.458770E+02  0.397317E+00
 0.807900E+00  0.459162E+02  0.397659E+00
 0.810760E+00  0.459677E+02  0.398106E+00
 0.813620E+00  0.460384E+02  0.398717E+00
 0.816480E+00  0.459548E+02  0.397992E+00
 0.819340E+00  0.459026E+02  0.397534E+00
 0.822200E+00  0.460035E+02  0.398407E+00
 0.825060E+00  0.459757E+02  0.398169E+00
 0.827920E+00  0.458928E+02  0.397452E+00
 0.830780E+00  0.459136E+02  0.397629E+00
 0.833640E+00  0.459458E+02  0.397907E+00
 0.836500E+00  0.459418E+02  0.397875E+00
 0.839360E+00  0.458960E+02  0.397479E+00
 0.842220E+00  0.458618E+02  0.397180E+00
 0.845080E+00  0.459057E+02  0.397560E+00
 0.847940E+00  0.459469E+02  0.397919E+00
 0.850800E+00  0.458709E+02  0.397259E+00
 0.853660E+00  0.458727E+02  0.397275E+00
 0.856520E+00  0.459044E+02  0.397551E+00
 0.859380E+00  0.458834E+02  0.397372E+00
 0.862240E+00  0.458814E+02  0.397354E+00
 0.865100E+00  0.458414E+02  0.397008E+00
 0.867960E+00  0.458144E+02  0.396775E+00
 0.870820E+00  0.458696E+02  0.397248E+00
 0.873680E+00  0.458712E+02  0.397262E+00
 0.876540E+00  0.458454E+02  0.397038E+00
 0.879400E+00  0.458490E+02  0.397070E+00
 0.882260E+00  0.458459E+02  0.397046E+00
 0.885120E+00  0.458609E+02  0.397176E+00
 0.887980E+00  0.458676E+02  0.397232E+00
 0.890840E+00  0.459019E+02  0.397529E+00
 0.893700E+00  0.459179E+02  0.397667E+00
 0.896560E+00  0.459749E+02  0.398163E+00
 0.899420E+00  0.459205E+02  0.397691E+00
 0.902280E+00  0.458947E+02  0.397468E+00
 0.905140E+00  0.459379E+02  0.397844E+00
 0.908000E+00  0.458776E+02  0.397317E+00
 0.910860E+00  0.458718E+02  0.397266E+00
 0.913720E+00  0.459138E+02  0.397628E+00
 0.916580E+00  0.459026E+02  0.397532E+00
 0.919440E+00  0.459760E+02  0.398170E+00
 0.922300E+00  0.459519E+02  0.397961E+00
 0.925160E+00  0.459173E+02  0.397660E+00
 0.928020E+00  0.459069E+02  0.397571E+00
 0.930880E+00  0.459108E+02  0.397605E+00
 0.933740E+00  0.459473E+02  0.397920E+00
 0.936600E+00  0.459214E+02  0.397699E+00
 0.939460E+00  0.458984E+02  0.397500E+00
 0.942320E+00  0.459859E+02  0.398258E+00
 0.945180E+00  0.459898E+02  0.398291E+00
 0.948040E+00  0.459441E+02  0.397893E+00
 0.950900E+00  0.459157E+02  0.397648E+00
 0.953760E+00  0.459301E+02  0.397774E+00
 0.956620E+00  0.459015E+02  0.397528E+00
 0.959480E+00  0.459364E+02  0.397827E+00
 0.962340E+00  0.459115E+02  0.397612E+00
 0.965200E+00  0.458260E+02  0.396873E+00
 0.968060E+00  0.458536E+02  0.397112E+00
 0.970920E+00  0.458332E+02  0.396933E+00
 0.973780E+00  0.458198E+02  0.396816E+00
 0.976640E+00  0.458905E+02  0.397428E+00
 0.979500E+00  0.458826E+02  0.397362E+00
 0.982360E+00  0.458455E+02  0.397043E+00
 0.985220E+00  0.457933E+02  0.396589E+00
 0.988080E+00  0.458325E+02  0.396928E+00
 0.990940E+00  0.458273E+02  0.396883E+00
 0.993800E+00  0.458534E+02  0.397107E+00
 0.996660E+00  0.458594E+02  0.397159E+00
 0.999520E+00  0.458255E+02  0.396865E+00
 0.100238E+01  0.458296E+02  0.396901E+00
 0.100524E+01  0.458795E+02  0.397332E+00
 0.100810E+01  0.459173E+02  0.397660E+00
 0.101096E+01  0.459445E+02  0.397895E+00
 0.101382E+01  0.459194E+02  0.397678E+00
 0.101668E+01  0.458892E+02  0.397417E+00
 0.101954E+01  0.458759E+02  0.397302E+00
 0.102240E+01  0.459033E+02  0.397540E+00
 0.102526E+01  0.459058E+02  0.397564E+00
 0.102812E+01  0.459525E+02  0.397969E+00
 0.103098E+01  0.459559E+02  0.397997E+00
 0.103384E+01  0.459508E+02  0.397952E+00
 0.103670E+01  0.459017E+02  0.397526E+00
 0.103956E+01  0.458212E+02  0.396829E+00
 0.104242E+01  0.458314E+02  0.396916E+00
 0.104528E+01  0.459052E+02  0.397556E+00
 0.104814E+01  0.459254E+02  0.397733E+00
 0.105100E+01  0.458962E+02  0.397480E+00
 0.105386E+01  0.458739E+02  0.397286E+00
 0.105672E+01  0.458499E+02  0.397081E+00
 0.105958E+01  0.457745E+02  0.396427E+00
 0.106244E+01  0.458108E+02  0.396740E+00
 0.106530E+01  0.458256E+02  0.396871E+00
 0.106816E+01  0.458529E+02  0.397107E+00
 0.107102E+01  0.458646E+02  0.397206E+00
 0.107388E+01  0.458364E+02  0.396962E+00
 0.107674E+01  0.458264E+02  0.396876E+00
 0.107960E+01  0.458210E+02  0.396828E+00
 0.108246E+01  0.458008E+02  0.396653E+00
 0.108532E+01  0.458318E+02  0.396921E+00
 0.108818E+01  0.458352E+02  0.396951E+00
 0.109104E+01  0.458147E+02  0.396773E+00
 0.109390E+01  0.458241E+02  0.396859E+00
 0.109676E+01  0.457630E+02  0.396330E+00
 0.109962E+01  0.457467E+02  0.396187E+00
 0.110248E+01  0.458594E+02  0.397161E+00
 0.110534E+01  0.458996E+02  0.397509E+00
 0.110820E+01  0.457953E+02  0.396606E+00
 0.111106E+01  0.457823E+02  0.396495E+00
 0.111392E+01  0.458912E+02  0.397440E+00
 0.111678E+01  0.458541E+02  0.397121E+00
 0.111964E+01  0.457814E+02  0.396490E+00
 0.112250E+01  0.457471E+02  0.396190E+00
 0.112536E+01  0.457430E+02  0.396154E+00
 0.112822E+01  0.457453E+02  0.396178E+00
 0.113108E+01  0.457459E+02  0.396182E+00
 0.113394E+01  0.457796E+02  0.396470E+00
 0.113680E+01  0.457340E+02  0.396072E+00
 0.113966E+01  0.456226E+02  0.395108E+00
 0.114252E+01  0.456224E+02  0.395108E+00
 0.114538E+01  0.455916E+02  0.394841E+00
 0.114824E+01  0.455083E+02  0.394120E+00
 0.115110E+01  0.454324E+02  0.393462E+00
 0.115396E+01  0.454494E+02  0.393609E+00
 0.115682E+01  0.454699E+02  0.393786E+00
 0.115968E+01  0.455108E+02  0.394140E+00
 0.116254E+01  0.455446E+02  0.394434E+00
 0.116540E+01  0.455382E+02  0.394379E+00
 0.116826E+01  0.454113E+02  0.393279E+00
 0.117112E+01  0.453558E+02  0.392797E+00
 0.117398E+01  0.453919E+02  0.393111E+00
 0.117684E+01  0.453433E+02  0.392693E+00
 0.117970E+01  0.453896E+02  0.393092E+00
 0.118256E+01  0.454348E+02  0.393481E+00
 0.118542E+01  0.453681E+02  0.392903E+00
 0.118828E+01  0.453062E+02  0.392369E+00
 0.119114E+01  0.453355E+02  0.392622E+00
 0.119400E+01  0.453759E+02  0.392973E+00
 0.119686E+01  0.453464E+02  0.392718E+00
 0.119972E+01  0.452990E+02  0.392307E+00
 0.120258E+01  0.452646E+02  0.392010E+00
 0.120544E+01  0.452351E+02  0.391754E+00
 0.120830E+01  0.451462E+02  0.390983E+00
 0.121116E+01  0.452017E+02  0.391464E+00
 0.121402E+01  0.452962E+02  0.392284E+00
 0.121688E+01  0.453736E+02  0.392955E+00
 0.121974E+01  0.453676E+02  0.392902E+00
 0.122260E+01  0.453423E+02  0.392683E+00
 0.122546E+01  0.453285E+02  0.392560E+00
 0.122832E+01  0.453642E+02  0.392870E+00
 0.123118E+01  0.453619E+02  0.392851E+00
 0.123404E+01  0.453042E+02  0.392352E+00
 0.123690E+01  0.452782E+02  0.392125E+00
 0.123976E+01  0.452564E+02  0.391937E+00
 0.124262E+01  0.452385E+02  0.391783E+00
 0.124548E+01  0.452222E+02  0.391642E+00
 0.124834E+01  0.451296E+02  0.390839E+00
 0.125120E+01  0.451801E+02  0.391276E+00
 0.125406E+01  0.452481E+02  0.391866E+00
 0.125692E+01  0.451787E+02  0.391265E+00
 0.125978E+01  0.451144E+02  0.390708E+00
 0.126264E+01  0.451569E+02  0.391076E+00
 0.126550E+01  0.452059E+02  0.391499E+00
 0.126836E+01  0.452376E+02  0.391773E+00
 0.127122E+01  0.451716E+02  0.391204E+00
 0.127408E+01  0.450475E+02  0.390132E+00
 0.127694E+01  0.450809E+02  0.390422E+00
 0.127980E+01  0.451782E+02  0.391261E+00
 0.128266E+01  0.451809E+02  0.391283E+00
 0.128552E+01  0.451193E+02  0.390749E+00
 0.128838E+01  0.451509E+02  0.391023E+00
 0.129124E+01  0.451434E+02  0.390960E+00
 0.129410E+01  0.451255E+02  0.390805E+00
 0.129696E+01  0.451323E+02  0.390862E+00
 0.129982E+01  0.451026E+02  0.390605E+00
 0.130268E+01  0.451234E+02  0.390786E+00
 0.130554E+01  0.450940E+02  0.390533E+00
 0.130840E+01  0.450415E+02  0.390077E+00
 0.131126E+01  0.450492E+02  0.390144E+00
 0.131412E+01  0.450898E+02  0.390499E+00
 0.131698E+01  0.450865E+02  0.390468E+00
 0.131984E+01  0.450465E+02  0.390119E+00
 0.132270E+01  0.451174E+02  0.390732E+00
 0.132556E+01  0.451416E+02  0.390944E+00
 0.132842E+01  0.451056E+02  0.390634E+00
 0.133128E+01  0.451254E+02  0.390809E+00
 0.133414E+01  0.451291E+02  0.390838E+00
 0.133700E+01  0.451747E+02  0.391232E+00
 0.133986E+01  0.451762E+02  0.391246E+00
 0.134272E+01  0.451274E+02  0.390822E+00
 0.134558E+01  0.451021E+02  0.390601E+00
 0.134844E+01  0.451076E+02  0.390650E+00
 0.135130E+01  0.451176E+02  0.390736E+00
 0.135416E+01  0.450915E+02  0.390509E+00
 0.135702E+01  0.450469E+02  0.390122E+00
 0.135988E+01  0.450215E+02  0.389902E+00
 0.136274E+01  0.450400E+02  0.390062E+00
 0.136560E+01  0.450759E+02  0.390374E+00
 0.136846E+01  0.451269E+02  0.390816E+00
 0.137132E+01  0.451131E+02  0.390697E+00
 0.137418E+01  0.451140E+02  0.390704E+00
 0.137704E+01  0.450893E+02  0.390492E+00
 0.137990E+01  0.450298E+02  0.389977E+00
 0.138276E+01  0.449907E+02  0.389639E+00
 0.138562E+01  0.450200E+02  0.389893E+00
 0.138848E+01  0.450735E+02  0.390356E+00
 0.139134E+01  0.451020E+02  0.390602E+00
 0.139420E+01  0.451010E+02  0.390592E+00
 0.139706E+01  0.450648E+02  0.390279E+00
 0.139992E+01  0.450505E+02  0.390155E+00
 0.140278E+01  0.450301E+02  0.389976E+00
 0.140564E+01  0.450053E+02  0.389762E+00
 0.140850E+01  0.450426E+02  0.390086E+00
 0.141136E+01  0.451581E+02  0.391088E+00
 0.141422E+01  0.451785E+02  0.391264E+00
 0.141708E+01  0.451286E+02  0.390831E+00
 0.141994E+01  0.450503E+02  0.390151E+00
 0.142280E+01  0.450515E+02  0.390163E+00
 0.142566E+01  0.450746E+02  0.390365E+00
 0.142852E+01  0.450392E+02  0.390060E+00
 0.143138E+01  0.450113E+02  0.389819E+00
 0.143424E+01  0.450010E+02  0.389730E+00
 0.143710E+01  0.450353E+02  0.390025E+00
 0.143996E+01  0.450464E+02  0.390118E+00
 0.144282E+01  0.450362E+02  0.390032E+00
 0.144568E+01  0.450296E+02  0.389977E+00
 0.144854E+01  0.450318E+02  0.389996E+00
 0.145140E+01  0.450572E+02  0.390215E+00
 0.145426E+01  0.450309E+02  0.389988E+00
 0.145712E+01  0.450048E+02  0.389761E+00
 0.145998E+01  0.450124E+02  0.389827E+00
 0.146284E+01  0.450082E+02  0.389789E+00
 0.146570E+01  0.449529E+02  0.389309E+00
 0.146856E+01  0.449108E+02  0.388944E+00
 0.147142E+01  0.449399E+02  0.389197E+00
 0.147428E+01  0.450316E+02  0.389992E+00
 0.147714E+01  0.450485E+02  0.390137E+00
 0.148000E+01  0.450062E+02  0.389772E+00
 0.148286E+01  0.449917E+02  0.389647E+00
 0.148572E+01  0.450026E+02  0.389742E+00
 0.148858E+01  0.450334E+02  0.390008E+00
 0.149144E+01  0.450439E+02  0.390098E+00
 0.149430E+01  0.449751E+02  0.389501E+00
 0.149716E+01  0.449905E+02  0.389635E+00
 0.150002E+01  0.450497E+02  0.390147E+00
 0.150288E+01  0.450379E+02  0.390047E+00
 0.150574E+01  0.449648E+02  0.389414E+00
 0.150860E+01  0.449786E+02  0.389532E+00
 0.151146E+01  0.449741E+02  0.389493E+00
 0.151432E+01  0.449944E+02  0.389670E+00
 0.151718E+01  0.449845E+02  0.389585E+00
 0.152004E+01  0.449666E+02  0.389431E+00
 0.152290E+01  0.449993E+02  0.389713E+00
 0.152576E+01  0.449980E+02  0.389702E+00
 0.152862E+01  0.448457E+02  0.388383E+00
 0.153148E+01  0.448082E+02  0.388058E+00
 0.153434E+01  0.448477E+02  0.388399E+00
 0.153720E+01  0.448787E+02  0.388668E+00
 0.154006E+01  0.449331E+02  0.389141E+00
 0.154292E+01  0.449690E+02  0.389451E+00
 0.154578E+01  0.449526E+02  0.389307E+00
 0.154864E+01  0.449334E+02  0.389143E+00
 0.155150E+01  0.449445E+02  0.389237E+00
 0.155436E+01  0.449829E+02  0.389570E+00
 0.155722E+01  0.449792E+02  0.389539E+00
 0.156008E+01  0.449930E+02  0.389658E+00
 0.156294E+01  0.450019E+02  0.389735E+00
 0.156580E+01  0.450100E+02  0.389803E+00
 0.156866E+01  0.450200E+02  0.389890E+00
 0.157152E+01  0.450720E+02  0.390344E+00
 0.157438E+01  0.450475E+02  0.390131E+00
 0.157724E+01  0.449496E+02  0.389283E+00
 0.158010E+01  0.448975E+02  0.388830E+00
 0.158296E+01  0.449339E+02  0.389143E+00
 0.158582E+01  0.449955E+02  0.389678E+00
 0.158868E+01  0.449866E+02  0.389605E+00
 0.159154E+01  0.449973E+02  0.389696E+00
 0.159440E+01  0.450750E+02  0.390368E+00
 0.159726E+01  0.450349E+02  0.390021E+00
 0.160012E+01  0.450280E+02  0.389959E+00
 0.160298E+01  0.449948E+02  0.389671E+00
 0.160584E+01  0.449322E+02  0.389128E+00
 0.160870E+01  0.449072E+02  0.388913E+00
 0.161156E+01  0.449073E+02  0.388916E+00
 0.161442E+01  0.449452E+02  0.389242E+00
 0.161728E+01  0.449478E+02  0.389265E+00
 0.162014E+01  0.449525E+02  0.389306E+00
 0.162300E+01  0.449762E+02  0.389512E+00
 0.162586E+01  0.449509E+02  0.389291E+00
 0.162872E+01  0.448691E+02  0.388583E+00
 0.163158E+01  0.448902E+02  0.388768E+00
 0.163444E+01  0.449438E+02  0.389234E+00
 0.163730E+01  0.449654E+02  0.389421E+00
 0.164016E+01  0.449214E+02  0.389037E+00
 0.164302E+01  0.448842E+02  0.388714E+00
 0.164588E+01  0.449259E+02  0.389074E+00
 0.164874E+01  0.449509E+02  0.389289E+00
 0.165160E+01  0.449608E+02  0.389377E+00
 0.165446E+01  0.449602E+02  0.389372E+00
 0.165732E+01  0.449715E+02  0.389470E+00
 0.166018E+01  0.449455E+02  0.389247E+00
 0.166304E+01  0.449366E+02  0.389169E+00
 0.166590E+01  0.449367E+02  0.389170E+00
 0.166876E+01  0.449588E+02  0.389361E+00
 0.167162E+01  0.450070E+02  0.389777E+00
 0.167448E+01  0.449704E+02  0.389462E+00
 0.167734E+01  0.449611E+02  0.389381E+00
 0.168020E+01  0.450248E+02  0.389933E+00
 0.168306E+01  0.450652E+02  0.390282E+00
 0.168592E+01  0.450169E+02  0.389865E+00
 0.168878E+01  0.449177E+02  0.389005E+00
 0.169164E+01  0.448853E+02  0.388724E+00
 0.169450E+01  0.449103E+02  0.388942E+00
 0.169736E+01  0.449305E+02  0.389115E+00
 0.170022E+01  0.449459E+02  0.389248E+00
 0.170308E+01  0.449219E+02  0.389042E+00
 0.170594E+01  0.449348E+02  0.389155E+00
 0.170880E+01  0.449281E+02  0.389097E+00
 0.171166E+01  0.448978E+02  0.388832E+00
 0.171452E+01  0.449398E+02  0.389195E+00
 0.171738E+01  0.449556E+02  0.389331E+00
 0.172024E+01  0.449963E+02  0.389685E+00
 0.172310E+01  0.450050E+02  0.389762E+00
 0.172596E+01  0.449742E+02  0.389494E+00
 0.172882E+01  0.449704E+02  0.389463E+00
 0.173168E+01  0.449640E+02  0.389408E+00
 0.173454E+01  0.449160E+02  0.388992E+00
 0.173740E+01  0.449128E+02  0.388963E+00
 0.174026E+01  0.449335E+02  0.389142E+00
 0.174312E+01  0.449725E+02  0.389481E+00
 0.174598E+01  0.449293E+02  0.389107E+00
 0.174884E+01  0.448819E+02  0.388698E+00
 0.175170E+01  0.448471E+02  0.388395E+00
 0.175456E+01  0.449166E+02  0.388995E+00
 0.175742E+01  0.449731E+02  0.389484E+00
 0.176028E+01  0.449461E+02  0.389251E+00
 0.176314E+01  0.449030E+02  0.388881E+00
 0.176600E+01  0.448843E+02  0.388718E+00
 0.176886E+01  0.449044E+02  0.388890E+00
 0.177172E+01  0.448844E+02  0.388716E+00
 0.177458E+01  0.449112E+02  0.388949E+00
 0.177744E+01  0.449387E+02  0.389187E+00
 0.178030E+01  0.449692E+02  0.389452E+00
 0.178316E+01  0.449243E+02  0.389062E+00
 0.178602E+01  0.448679E+02  0.388574E+00
 0.178888E+01  0.448370E+02  0.388307E+00
 0.179174E+01  0.448141E+02  0.388109E+00
 0.179460E+01  0.448463E+02  0.388388E+00
 0.179746E+01  0.449067E+02  0.388911E+00
 0.180032E+01  0.449130E+02  0.388965E+00
 0.180318E+01  0.448846E+02  0.388718E+00
 0.180604E+01  0.448818E+02  0.388693E+00
 0.180890E+01  0.448924E+02  0.388785E+00
 0.181176E+01  0.448829E+02  0.388703E+00
 0.181462E+01  0.448660E+02  0.388557E+00
 0.181748E+01  0.448962E+02  0.388819E+00
 0.182034E+01  0.449110E+02  0.388945E+00
 0.182320E+01  0.449361E+02  0.389164E+00
 0.182606E+01  0.449719E+02  0.389476E+00
 0.182892E+01  0.449330E+02  0.389139E+00
 0.183178E+01  0.449365E+02  0.389167E+00
 0.183464E+01  0.449529E+02  0.389308E+00
 0.183750E+01  0.449739E+02  0.389491E+00
 0.184036E+01  0.449140E+02  0.388973E+00
 0.184322E+01  0.449126E+02  0.388962E+00
 0.184608E+01  0.448976E+02  0.388834E+00
 0.184894E+01  0.448854E+02  0.388727E+00
 0.185180E+01  0.449241E+02  0.389062E+00
 0.185466E+01  0.449720E+02  0.389477E+00
 0.185752E+01  0.449830E+02  0.389571E+00
 0.186038E+01  0.449378E+02  0.389178E+00
 0.186324E+01  0.448797E+02  0.388674E+00
 0.186610E+01  0.448892E+02  0.388757E+00
 0.186896E+01  0.448884E+02  0.388753E+00
 0.187182E+01  0.448790E+02  0.388675E+00
 0.187468E+01  0.448830E+02  0.388710E+00
 0.187754E+01  0.448853E+02  0.388728E+00
 0.188040E+01  0.448747E+02  0.388634E+00
 0.188326E+01  0.448657E+02  0.388554E+00
 0.188612E+01  0.448600E+02  0.388506E+00
 0.188898E+01  0.448349E+02  0.388288E+00
 0.189184E+01  0.448179E+02  0.388140E+00
 0.189470E+01  0.448213E+02  0.388170E+00
 0.189756E+01  0.448827E+02  0.388703E+00
 0.190042E+01  0.448848E+02  0.388720E+00
 0.190328E+01  0.448632E+02  0.388534E+00
 0.190614E+01  0.448794E+02  0.388674E+00
 0.190900E+01  0.448695E+02  0.388587E+00
 0.191186E+01  0.447939E+02  0.387933E+00
 0.191472E+01  0.447335E+02  0.387411E+00
 0.191758E+01  0.448267E+02  0.388219E+00
 0.192044E+01  0.448526E+02  0.388442E+00
 0.192330E+01  0.448592E+02  0.388499E+00
 0.192616E+01  0.448563E+02  0.388475E+00
 0.192902E+01  0.448884E+02  0.388754E+00
 0.193188E+01  0.449055E+02  0.388903E+00
 0.193474E+01  0.448786E+02  0.388667E+00
 0.193760E+01  0.448592E+02  0.388498E+00
 0.194046E+01  0.448342E+02  0.388284E+00
 0.194332E+01  0.448291E+02  0.388238E+00
 0.194618E+01  0.448446E+02  0.388373E+00
 0.194904E+01  0.448579E+02  0.388489E+00
 0.195190E+01  0.448473E+02  0.388396E+00
 0.195476E+01  0.448603E+02  0.388507E+00
 0.195762E+01  0.448712E+02  0.388602E+00
 0.196048E+01  0.448833E+02  0.388706E+00
 0.196334E+01  0.448937E+02  0.388797E+00
 0.196620E+01  0.448768E+02  0.388653E+00
 0.196906E+01  0.448399E+02  0.388332E+00
 0.197192E+01  0.447915E+02  0.387912E+00
 0.197478E+01  0.447955E+02  0.387947E+00
 0.197764E+01  0.448300E+02  0.388246E+00
 0.198050E+01  0.448380E+02  0.388314E+00
 0.198336E+01  0.448409E+02  0.388339E+00
 0.198622E+01  0.448101E+02  0.388073E+00
 0.198908E+01  0.447959E+02  0.387950E+00
 0.199194E+01  0.448599E+02  0.388505E+00
 0.199480E+01  0.448683E+02  0.388580E+00
 0.199766E+01  0.448491E+02  0.388414E+00
 0.200052E+01  0.447434E+02  0.387498E+00
 0.200338E+01  0.447695E+02  0.387723E+00
 0.200624E+01  0.448404E+02  0.388338E+00
 0.200910E+01  0.448702E+02  0.388596E+00
 0.201196E+01  0.448657E+02  0.388556E+00
 0.201482E+01  0.448489E+02  0.388410E+00
 0.201768E+01  0.448084E+02  0.388059E+00
 0.202054E+01  0.447821E+02  0.387833E+00
 0.202340E+01  0.447427E+02  0.387492E+00
 0.202626E+01  0.447481E+02  0.387539E+00
 0.202912E+01  0.448251E+02  0.388204E+00
 0.203198E+01  0.448312E+02  0.388256E+00
 0.203484E+01  0.447989E+02  0.387977E+00
 0.203770E+01  0.447795E+02  0.387809E+00
 0.204056E+01  0.448201E+02  0.388160E+00
 0.204342E+01  0.448297E+02  0.388242E+00
 0.204628E+01  0.447482E+02  0.387536E+00
 0.204914E+01  0.447286E+02  0.387366E+00
 0.205200E+01  0.447841E+02  0.387848E+00
 0.205486E+01  0.447810E+02  0.387821E+00
 0.205772E+01  0.447856E+02  0.387860E+00
 0.206058E+01  0.447762E+02  0.387779E+00
 0.206344E+01  0.447158E+02  0.387255E+00
 0.206630E+01  0.447505E+02  0.387556E+00
 0.206916E+01  0.447889E+02  0.387891E+00
 0.207202E+01  0.447726E+02  0.387750E+00
 0.207488E+01  0.447765E+02  0.387782E+00
 0.207774E+01  0.447720E+02  0.387742E+00
 0.208060E+01  0.448133E+02  0.388100E+00
 0.208346E+01  0.448339E+02  0.388279E+00
 0.208632E+01  0.448124E+02  0.388093E+00
 0.208918E+01  0.448491E+02  0.388412E+00
 0.209204E+01  0.448588E+02  0.388496E+00
 0.209490E+01  0.448736E+02  0.388622E+00
 0.209776E+01  0.448266E+02  0.388214E+00
 0.210062E+01  0.447773E+02  0.387787E+00
 0.210348E+01  0.447800E+02  0.387812E+00
 0.210634E+01  0.448179E+02  0.388141E+00
 0.210920E+01  0.448121E+02  0.388090E+00
 0.211206E+01  0.447967E+02  0.387956E+00
 0.211492E+01  0.448195E+02  0.388155E+00
 0.211778E+01  0.448335E+02  0.388277E+00
 0.212064E+01  0.448451E+02  0.388377E+00
 0.212350E+01  0.448740E+02  0.388625E+00
 0.212636E+01  0.447808E+02  0.387819E+00
 0.212922E+01  0.447413E+02  0.387478E+00
 0.213208E+01  0.447979E+02  0.387968E+00
 0.213494E+01  0.448124E+02  0.388094E+00
 0.213780E+01  0.447905E+02  0.387906E+00
 0.214066E+01  0.448184E+02  0.388148E+00
 0.214352E+01  0.448208E+02  0.388168E+00
 0.214638E+01  0.447699E+02  0.387727E+00
 0.214924E+01  0.447546E+02  0.387593E+00
 0.215210E+01  0.447441E+02  0.387502E+00
 0.215496E+01  0.447734E+02  0.387755E+00
 0.215782E+01  0.448118E+02  0.388087E+00
 0.216068E+01  0.448115E+02  0.388084E+00
 0.216354E+01  0.447975E+02  0.387964E+00
 0.216640E+01  0.448427E+02  0.388355E+00
 0.216926E+01  0.448438E+02  0.388364E+00
 0.217212E+01  0.447679E+02  0.387707E+00
 0.217498E+01  0.446902E+02  0.387034E+00
 0.217784E+01  0.447481E+02  0.387535E+00
 0.218070E+01  0.448165E+02  0.388128E+00
 0.218356E+01  0.447973E+02  0.387962E+00
 0.218642E+01  0.448026E+02  0.388009E+00
 0.218928E+01  0.448141E+02  0.388107E+00
 0.219214E+01  0.448391E+02  0.388325E+00
 0.219500E+01  0.447927E+02  0.387923E+00
 0.219786E+01  0.447539E+02  0.387588E+00
 0.220072E+01  0.447606E+02  0.387645E+00
 0.220358E+01  0.447655E+02  0.387686E+00
 0.220644E+01  0.447484E+02  0.387539E+00
 0.220930E+01  0.447336E+02  0.387410E+00
 0.221216E+01  0.447377E+02  0.387446E+00
 0.221502E+01  0.447649E+02  0.387681E+00
 0.221788E+01  0.447903E+02  0.387902E+00
 0.222074E+01  0.447464E+02  0.387521E+00
 0.222360E+01  0.447256E+02  0.387340E+00
 0.222646E+01  0.447332E+02  0.387406E+00
 0.222932E+01  0.447264E+02  0.387348E+00
 0.223218E+01  0.447080E+02  0.387190E+00
 0.223504E+01  0.447476E+02  0.387534E+00
 0.223790E+01  0.447853E+02  0.387861E+00
 0.224076E+01  0.447608E+02  0.387647E+00
 0.224362E+01  0.447289E+02  0.387371E+00
 0.224648E+01  0.447201E+02  0.387293E+00
 0.224934E+01  0.447144E+02  0.387244E+00
 0.225220E+01  0.447446E+02  0.387506E+00
 0.225506E+01  0.447493E+02  0.387547E+00
 0.225792E+01  0.447266E+02  0.387351E+00
 0.226078E+01  0.447109E+02  0.387215E+00
 0.226364E+01  0.447509E+02  0.387561E+00
 0.226650E+01  0.447807E+02  0.387821E+00
 0.226936E+01  0.447809E+02  0.387821E+00
 0.227222E+01  0.447755E+02  0.387772E+00
 0.227508E+01  0.447429E+02  0.387490E+00
 0.227794E+01  0.447162E+02  0.387260E+00
 0.228080E+01  0.447167E+02  0.387264E+00
 0.228366E+01  0.447681E+02  0.387709E+00
 0.228652E+01  0.448105E+02  0.388078E+00
 0.228938E+01  0.447522E+02  0.387574E+00
 0.229224E+01  0.447207E+02  0.387299E+00
 0.229510E+01  0.447471E+02  0.387527E+00
 0.229796E+01  0.447624E+02  0.387659E+00
 0.230082E+01  0.447287E+02  0.387367E+00
 0.230368E+01  0.447675E+02  0.387704E+00
 0.230654E+01  0.447354E+02  0.387426E+00
 0.230940E+01  0.446646E+02  0.386812E+00
 0.231226E+01  0.446603E+02  0.386776E+00
 0.231512E+01  0.447151E+02  0.387252E+00
 0.231798E+01  0.447755E+02  0.387774E+00
 0.232084E+01  0.447687E+02  0.387714E+00
 0.232370E+01  0.447293E+02  0.387373E+00
 0.232656E+01  0.447027E+02  0.387143E+00
 0.232942E+01  0.447207E+02  0.387299E+00
 0.233228E+01  0.447281E+02  0.387364E+00
 0.233514E+01  0.446701E+02  0.386863E+00
 0.233800E+01  0.446388E+02  0.386590E+00
 0.234086E+01  0.446939E+02  0.387067E+00
 0.234372E+01  0.447453E+02  0.387511E+00
 0.234658E+01  0.447372E+02  0.387442E+00
 0.234944E+01  0.447062E+02  0.387174E+00
 0.235230E+01  0.447164E+02  0.387263E+00
 0.235516E+01  0.447272E+02  0.387356E+00
 0.235802E+01  0.447098E+02  0.387205E+00
 0.236088E+01  0.446949E+02  0.387075E+00
 0.236374E+01  0.447228E+02  0.387316E+00
 0.236660E+01  0.447439E+02  0.387499E+00
 0.236946E+01  0.447290E+02  0.387370E+00
 0.237232E+01  0.446871E+02  0.387007E+00
 0.237518E+01  0.446678E+02  0.386841E+00
 0.237804E+01  0.446945E+02  0.387072E+00
 0.238090E+01  0.447154E+02  0.387251E+00
 0.238376E+01  0.447346E+02  0.387417E+00
 0.238662E+01  0.447584E+02  0.387624E+00
 0.238948E+01  0.447590E+02  0.387629E+00
 0.239234E+01  0.447610E+02  0.387647E+00
 0.239520E+01  0.447395E+02  0.387462E+00
 0.239806E+01  0.447118E+02  0.387223E+00
 0.240092E+01  0.447367E+02  0.387438E+00
 0.240378E+01  0.447217E+02  0.387307E+00
 0.240664E+01  0.446672E+02  0.386835E+00
 0.240950E+01  0.446389E+02  0.386590E+00
 0.241236E+01  0.446743E+02  0.386896E+00
 0.241522E+01  0.446995E+02  0.387116E+00
 0.241808E+01  0.446950E+02  0.387077E+00
 0.242094E+01  0.446983E+02  0.387106E+00
 0.242380E+01  0.446766E+02  0.386918E+00
 0.242666E+01  0.446673E+02  0.386837E+00
 0.242952E+01  0.447109E+02  0.387214E+00
 0.243238E+01  0.447129E+02  0.387230E+00
 0.243524E+01  0.446786E+02  0.386933E+00
 0.243810E+01  0.446800E+02  0.386946E+00
 0.244096E+01  0.447076E+02  0.387185E+00
 0.244382E+01  0.447340E+02  0.387413E+00
 0.244668E+01  0.447327E+02  0.387401E+00
 0.244954E+01  0.446904E+02  0.387034E+00
 0.245240E+01  0.446990E+02  0.387110E+00
 0.245526E+01  0.446612E+02  0.386785E+00
 0.245812E+01  0.446367E+02  0.386571E+00
 0.246098E+01  0.446451E+02  0.386643E+00
 0.246384E+01  0.446553E+02  0.386733E+00
 0.246670E+01  0.446697E+02  0.386858E+00
 0.246956E+01  0.446574E+02  0.386751E+00
 0.247242E+01  0.446411E+02  0.386611E+00
 0.247528E+01  0.446693E+02  0.386853E+00
 0.247814E+01  0.446422E+02  0.386619E+00
 0.248100E+01  0.445931E+02  0.386194E+00
 0.248386E+01  0.445934E+02  0.386196E+00
 0.248672E+01  0.446211E+02  0.386437E+00
 0.248958E+01  0.446327E+02  0.386539E+00
 0.249244E+01  0.446179E+02  0.386409E+00
 0.249530E+01  0.445864E+02  0.386135E+00
 0.249816E+01  0.445809E+02  0.386090E+00
 0.250102E+01  0.446457E+02  0.386651E+00
 0.250388E+01  0.445996E+02  0.386250E+00
 0.250674E+01  0.445719E+02  0.386010E+00
 0.250960E+01  0.445328E+02  0.385672E+00
 0.251246E+01  0.445555E+02  0.385868E+00
 0.251532E+01  0.446397E+02  0.386597E+00
 0.251818E+01  0.446613E+02  0.386785E+00
 0.252104E+01  0.446280E+02  0.386498E+00
 0.252390E+01  0.445946E+02  0.386210E+00
 0.252676E+01  0.446533E+02  0.386718E+00
 0.252962E+01  0.446803E+02  0.386950E+00
 0.253248E+01  0.446721E+02  0.386880E+00
 0.253534E+01  0.446879E+02  0.387016E+00
 0.253820E+01  0.446673E+02  0.386838E+00
 0.254106E+01  0.446647E+02  0.386815E+00
 0.254392E+01  0.446840E+02  0.386981E+00
 0.254678E+01  0.446775E+02  0.386923E+00
 0.254964E+01  0.446447E+02  0.386639E+00
 0.255250E+01  0.446808E+02  0.386952E+00
 0.255536E+01  0.447411E+02  0.387475E+00
 0.255822E+01  0.447219E+02  0.387310E+00
 0.256108E+01  0.447066E+02  0.387179E+00
 0.256394E+01  0.447024E+02  0.387140E+00
 0.256680E+01  0.447005E+02  0.387123E+00
 0.256966E+01  0.446804E+02  0.386950E+00
 0.257252E+01  0.446425E+02  0.386622E+00
 0.257538E+01  0.446784E+02  0.386932E+00
 0.257824E+01  0.447588E+02  0.387628E+00
 0.258110E+01  0.447687E+02  0.387713E+00
 0.258396E+01  0.447464E+02  0.387520E+00
 0.258682E+01  0.447744E+02  0.387763E+00
 0.258968E+01  0.447766E+02  0.387784E+00
 0.259254E+01  0.447249E+02  0.387336E+00
 0.259540E+01  0.446533E+02  0.386717E+00
 0.259826E+01  0.445957E+02  0.386218E+00
 0.260112E+01  0.445732E+02  0.386021E+00
 0.260398E+01  0.445096E+02  0.385470E+00
 0.260684E+01  0.444154E+02  0.384654E+00
 0.260970E+01  0.443715E+02  0.384272E+00
 0.261256E+01  0.443940E+02  0.384467E+00
 0.261542E+01  0.444120E+02  0.384623E+00
 0.261828E+01  0.444623E+02  0.385061E+00
 0.262114E+01  0.444677E+02  0.385107E+00
 0.262400E+01  0.444417E+02  0.384881E+00
 0.262686E+01  0.444674E+02  0.385102E+00
 0.262972E+01  0.444525E+02  0.384973E+00
 0.263258E+01  0.444513E+02  0.384963E+00
 0.263544E+01  0.444241E+02  0.384727E+00
 0.263830E+01  0.444483E+02  0.384937E+00
 0.264116E+01  0.444790E+02  0.385204E+00
 0.264402E+01  0.444819E+02  0.385230E+00
 0.264688E+01  0.444695E+02  0.385121E+00
 0.264974E+01  0.444302E+02  0.384780E+00
 0.265260E+01  0.444002E+02  0.384519E+00
 0.265546E+01  0.443730E+02  0.384285E+00
 0.265832E+01  0.443817E+02  0.384361E+00
 0.266118E+01  0.444094E+02  0.384601E+00
 0.266404E+01  0.444428E+02  0.384891E+00
 0.266690E+01  0.444154E+02  0.384653E+00
 0.266976E+01  0.443934E+02  0.384461E+00
 0.267262E+01  0.444381E+02  0.384849E+00
 0.267548E+01  0.444525E+02  0.384971E+00
 0.267834E+01  0.444756E+02  0.385173E+00
 0.268120E+01  0.444401E+02  0.384866E+00
 0.268406E+01  0.443865E+02  0.384401E+00
 0.268692E+01  0.443845E+02  0.384385E+00
 0.268978E+01  0.443782E+02  0.384331E+00
 0.269264E+01  0.443976E+02  0.384500E+00
 0.269550E+01  0.444230E+02  0.384720E+00
 0.269836E+01  0.444052E+02  0.384565E+00
 0.270122E+01  0.443756E+02  0.384308E+00
 0.270408E+01  0.443916E+02  0.384446E+00
 0.270694E+01  0.443503E+02  0.384090E+00
 0.270980E+01  0.443348E+02  0.383956E+00
 0.271266E+01  0.443372E+02  0.383974E+00
 0.271552E+01  0.443570E+02  0.384146E+00
 0.271838E+01  0.443793E+02  0.384341E+00
 0.272124E+01  0.444007E+02  0.384524E+00
 0.272410E+01  0.443991E+02  0.384511E+00
 0.272696E+01  0.444092E+02  0.384599E+00
 0.272982E+01  0.443962E+02  0.384486E+00
 0.273268E+01  0.443197E+02  0.383823E+00
 0.273554E+01  0.443180E+02  0.383808E+00
 0.273840E+01  0.443613E+02  0.384183E+00
 0.274126E+01  0.443924E+02  0.384452E+00
 0.274412E+01  0.444217E+02  0.384706E+00
 0.274698E+01  0.443903E+02  0.384435E+00
 0.274984E+01  0.443377E+02  0.383980E+00
 0.275270E+01  0.443243E+02  0.383864E+00
 0.275556E+01  0.442955E+02  0.383614E+00
 0.275842E+01  0.443489E+02  0.384077E+00
 0.276128E+01  0.443503E+02  0.384088E+00
 0.276414E+01  0.443092E+02  0.383733E+00
 0.276700E+01  0.443341E+02  0.383949E+00
 0.276986E+01  0.443527E+02  0.384109E+00
 0.277272E+01  0.443161E+02  0.383792E+00
 0.277558E+01  0.442894E+02  0.383561E+00
 0.277844E+01  0.442750E+02  0.383436E+00
 0.278130E+01  0.442653E+02  0.383352E+00
 0.278416E+01  0.442800E+02  0.383481E+00
 0.278702E+01  0.442874E+02  0.383545E+00
 0.278988E+01  0.442955E+02  0.383615E+00
 0.279274E+01  0.442949E+02  0.383608E+00
 0.279560E+01  0.442887E+02  0.383556E+00
 0.279846E+01  0.443150E+02  0.383784E+00
 0.280132E+01  0.443251E+02  0.383871E+00
 0.280418E+01  0.442698E+02  0.383393E+00
 0.280704E+01  0.442580E+02  0.383291E+00
 0.280990E+01  0.443035E+02  0.383684E+00
 0.281276E+01  0.442998E+02  0.383651E+00
 0.281562E+01  0.442645E+02  0.383344E+00
 0.281848E+01  0.442148E+02  0.382914E+00
 0.282134E+01  0.442173E+02  0.382938E+00
 0.282420E+01  0.442302E+02  0.383050E+00
 0.282706E+01  0.442519E+02  0.383238E+00
 0.282992E+01  0.442636E+02  0.383339E+00
 0.283278E+01  0.442543E+02  0.383259E+00
 0.283564E+01  0.441960E+02  0.382754E+00
 0.283850E+01  0.441826E+02  0.382637E+00
 0.284136E+01  0.442009E+02  0.382797E+00
 0.284422E+01  0.442290E+02  0.383039E+00
 0.284708E+01  0.442394E+02  0.383130E+00
 0.284994E+01  0.442159E+02  0.382928E+00
 0.285280E+01  0.441855E+02  0.382664E+00
 0.285566E+01  0.441983E+02  0.382774E+00
 0.285852E+01  0.441904E+02  0.382706E+00
 0.286138E+01  0.442187E+02  0.382951E+00
 0.286424E+01  0.441803E+02  0.382619E+00
 0.286710E+01  0.441497E+02  0.382353E+00
 0.286996E+01  0.441865E+02  0.382674E+00
 0.287282E+01  0.441988E+02  0.382780E+00
 0.287568E+01  0.441959E+02  0.382754E+00
 0.287854E+01  0.442123E+02  0.382896E+00
 0.288140E+01  0.441764E+02  0.382585E+00
 0.288426E+01  0.441813E+02  0.382627E+00
 0.288712E+01  0.441604E+02  0.382446E+00
 0.288998E+01  0.441478E+02  0.382337E+00
 0.289284E+01  0.441464E+02  0.382325E+00
 0.289570E+01  0.441110E+02  0.382018E+00
 0.289856E+01  0.441068E+02  0.381981E+00
 0.290142E+01  0.440610E+02  0.381586E+00
 0.290428E+01  0.440816E+02  0.381764E+00
 0.290714E+01  0.441634E+02  0.382471E+00
 0.291000E+01  0.441743E+02  0.382565E+00
 0.291286E+01  0.441265E+02  0.382152E+00
 0.291572E+01  0.440938E+02  0.381868E+00
 0.291858E+01  0.441205E+02  0.382098E+00
 0.292144E+01  0.441530E+02  0.382380E+00
 0.292430E+01  0.441860E+02  0.382667E+00
 0.292716E+01  0.441766E+02  0.382585E+00
 0.293002E+01  0.441395E+02  0.382266E+00
 0.293288E+01  0.441145E+02  0.382051E+00
 0.293574E+01  0.440941E+02  0.381873E+00
 0.293860E+01  0.441203E+02  0.382098E+00
 0.294146E+01  0.441838E+02  0.382648E+00
 0.294432E+01  0.441571E+02  0.382419E+00
 0.294718E+01  0.441178E+02  0.382079E+00
 0.295004E+01  0.441218E+02  0.382115E+00
 0.295290E+01  0.441260E+02  0.382149E+00
 0.295576E+01  0.441197E+02  0.382096E+00
 0.295862E+01  0.440979E+02  0.381907E+00
 0.296148E+01  0.441135E+02  0.382041E+00
 0.296434E+01  0.441187E+02  0.382085E+00
 0.296720E+01  0.441169E+02  0.382069E+00
 0.297006E+01  0.441018E+02  0.381939E+00
 0.297292E+01  0.440834E+02  0.381779E+00
 0.297578E+01  0.441103E+02  0.382012E+00
 0.297864E+01  0.440746E+02  0.381703E+00
 0.298150E+01  0.440491E+02  0.381481E+00
 0.298436E+01  0.440481E+02  0.381473E+00
 0.298722E+01  0.440552E+02  0.381535E+00
 0.299008E+01  0.440645E+02  0.381616E+00
 0.299294E+01  0.440724E+02  0.381684E+00
 0.299580E+01  0.440639E+02  0.381609E+00
 0.299866E+01  0.440677E+02  0.381643E+00
 0.300152E+01  0.440954E+02  0.381883E+00
 0.300438E+01  0.441255E+02  0.382144E+00
 0.300724E+01  0.441177E+02  0.382077E+00
 0.301010E+01  0.440507E+02  0.381497E+00
 0.301296E+01  0.440372E+02  0.381380E+00
 0.301582E+01  0.440631E+02  0.381604E+00
 0.301868E+01  0.440467E+02  0.381462E+00
 0.302154E+01  0.440160E+02  0.381195E+00
 0.302440E+01  0.440274E+02  0.381295E+00
 0.302726E+01  0.440267E+02  0.381289E+00
 0.303012E+01  0.440520E+02  0.381508E+00
 0.303298E+01  0.441097E+02  0.382007E+00
 0.303584E+01  0.440834E+02  0.381780E+00
 0.303870E+01  0.440876E+02  0.381815E+00
 0.304156E+01  0.440304E+02  0.381321E+00
 0.304442E+01  0.440392E+02  0.381396E+00
 0.304728E+01  0.440471E+02  0.381465E+00
 0.305014E+01  0.440487E+02  0.381479E+00
 0.305300E+01  0.440791E+02  0.381744E+00
 0.305586E+01  0.440634E+02  0.381608E+00
 0.305872E+01  0.440140E+02  0.381179E+00
 0.306158E+01  0.440038E+02  0.381090E+00
 0.306444E+01  0.440261E+02  0.381283E+00
 0.306730E+01  0.440298E+02  0.381317E+00
 0.307016E+01  0.439963E+02  0.381026E+00
 0.307302E+01  0.440208E+02  0.381238E+00
 0.307588E+01  0.440227E+02  0.381254E+00
 0.307874E+01  0.440246E+02  0.381270E+00
 0.308160E+01  0.440595E+02  0.381573E+00
 0.308446E+01  0.440864E+02  0.381806E+00
 0.308732E+01  0.440516E+02  0.381504E+00
 0.309018E+01  0.440319E+02  0.381332E+00
 0.309304E+01  0.440001E+02  0.381058E+00
 0.309590E+01  0.440079E+02  0.381125E+00
 0.309876E+01  0.440521E+02  0.381507E+00
 0.310162E+01  0.440365E+02  0.381373E+00
 0.310448E+01  0.440218E+02  0.381246E+00
 0.310734E+01  0.440248E+02  0.381270E+00
 0.311020E+01  0.440782E+02  0.381733E+00
 0.311306E+01  0.440757E+02  0.381712E+00
 0.311592E+01  0.440433E+02  0.381431E+00
 0.311878E+01  0.440263E+02  0.381283E+00
 0.312164E+01  0.440157E+02  0.381193E+00
 0.312450E+01  0.439976E+02  0.381036E+00
 0.312736E+01  0.439901E+02  0.380971E+00
 0.313022E+01  0.440047E+02  0.381098E+00
 0.313308E+01  0.439978E+02  0.381037E+00
 0.313594E+01  0.440244E+02  0.381267E+00
 0.313880E+01  0.440431E+02  0.381429E+00
 0.314166E+01  0.440261E+02  0.381282E+00
 0.314452E+01  0.440600E+02  0.381577E+00
 0.314738E+01  0.440874E+02  0.381813E+00
 0.315024E+01  0.440319E+02  0.381332E+00
 0.315310E+01  0.440162E+02  0.381196E+00
 0.315596E+01  0.440113E+02  0.381154E+00
 0.315882E+01  0.440160E+02  0.381195E+00
 0.316168E+01  0.440225E+02  0.381251E+00
 0.316454E+01  0.440003E+02  0.381059E+00
 0.316740E+01  0.439977E+02  0.381037E+00
 0.317026E+01  0.440069E+02  0.381117E+00
 0.317312E+01  0.440123E+02  0.381163E+00
 0.317598E+01  0.440024E+02  0.381077E+00
 0.317884E+01  0.439992E+02  0.381048E+00
 0.318170E+01  0.440307E+02  0.381321E+00
 0.318456E+01  0.440726E+02  0.381685E+00
 0.318742E+01  0.440319E+02  0.381334E+00
 0.319028E+01  0.440099E+02  0.381143E+00
 0.319314E+01  0.439681E+02  0.380780E+00
 0.319600E+01  0.439522E+02  0.380642E+00
 0.319886E+01  0.440005E+02  0.381060E+00
 0.320172E+01  0.439986E+02  0.381042E+00
 0.320458E+01  0.439898E+02  0.380966E+00
 0.320744E+01  0.440059E+02  0.381106E+00
 0.321030E+01  0.439993E+02  0.381049E+00
 0.321316E+01  0.439849E+02  0.380925E+00
 0.321602E+01  0.439684E+02  0.380782E+00
 0.321888E+01  0.439789E+02  0.380873E+00
 0.322174E+01  0.439890E+02  0.380960E+00
 0.322460E+01  0.439614E+02  0.380722E+00
 0.322746E+01  0.439677E+02  0.380777E+00
 0.323032E+01  0.439984E+02  0.381042E+00
 0.323318E+01  0.439741E+02  0.380832E+00
 0.323604E+01  0.439952E+02  0.381016E+00
 0.323890E+01  0.439988E+02  0.381048E+00
 0.324176E+01  0.439788E+02  0.380875E+00
 0.324462E+01  0.439680E+02  0.380781E+00
 0.324748E+01  0.439893E+02  0.380965E+00
 0.325034E+01  0.439529E+02  0.380649E+00
 0.325320E+01  0.439259E+02  0.380414E+00
 0.325606E+01  0.439181E+02  0.380346E+00
 0.325892E+01  0.439266E+02  0.380420E+00
 0.326178E+01  0.439330E+02  0.380477E+00
 0.326464E+01  0.439696E+02  0.380793E+00
 0.326750E+01  0.439701E+02  0.380799E+00
 0.327036E+01  0.439419E+02  0.380553E+00
 0.327322E+01  0.439430E+02  0.380564E+00
 0.327608E+01  0.439536E+02  0.380656E+00
 0.327894E+01  0.439512E+02  0.380636E+00
 0.328180E+01  0.439850E+02  0.380928E+00
 0.328466E+01  0.440214E+02  0.381242E+00
 0.328752E+01  0.440034E+02  0.381087E+00
 0.329038E+01  0.439632E+02  0.380738E+00
 0.329324E+01  0.439437E+02  0.380570E+00
 0.329610E+01  0.439538E+02  0.380658E+00
 0.329896E+01  0.439665E+02  0.380769E+00
 0.330182E+01  0.439590E+02  0.380704E+00
 0.330468E+01  0.439302E+02  0.380454E+00
 0.330754E+01  0.439359E+02  0.380502E+00
 0.331040E+01  0.439301E+02  0.380453E+00
 0.331326E+01  0.439172E+02  0.380341E+00
 0.331612E+01  0.439169E+02  0.380337E+00
 0.331898E+01  0.439319E+02  0.380467E+00
 0.332184E+01  0.439744E+02  0.380836E+00
 0.332470E+01  0.439700E+02  0.380798E+00
 0.332756E+01  0.439366E+02  0.380510E+00
 0.333042E+01  0.439146E+02  0.380319E+00
 0.333328E+01  0.439187E+02  0.380353E+00
 0.333614E+01  0.439198E+02  0.380362E+00
 0.333900E+01  0.439366E+02  0.380508E+00
 0.334186E+01  0.439391E+02  0.380530E+00
 0.334472E+01  0.438962E+02  0.380159E+00
 0.334758E+01  0.438622E+02  0.379863E+00
 0.335044E+01  0.438598E+02  0.379843E+00
 0.335330E+01  0.438868E+02  0.380078E+00
 0.335616E+01  0.439046E+02  0.380234E+00
 0.335902E+01  0.438814E+02  0.380031E+00
 0.336188E+01  0.438921E+02  0.380123E+00
 0.336474E+01  0.439036E+02  0.380224E+00
 0.336760E+01  0.438864E+02  0.380074E+00
 0.337046E+01  0.438974E+02  0.380169E+00
 0.337332E+01  0.439136E+02  0.380311E+00
 0.337618E+01  0.439172E+02  0.380341E+00
 0.337904E+01  0.439033E+02  0.380219E+00
 0.338190E+01  0.439458E+02  0.380587E+00
 0.338476E+01  0.439671E+02  0.380771E+00
 0.338762E+01  0.439501E+02  0.380623E+00
 0.339048E+01  0.439361E+02  0.380501E+00
 0.339334E+01  0.439358E+02  0.380498E+00
 0.339620E+01  0.439267E+02  0.380421E+00
 0.339906E+01  0.439069E+02  0.380251E+00
 0.340192E+01  0.439189E+02  0.380355E+00
 0.340478E+01  0.439103E+02  0.380279E+00
 0.340764E+01  0.439076E+02  0.380257E+00
 0.341050E+01  0.439348E+02  0.380494E+00
 0.341336E+01  0.439774E+02  0.380862E+00
 0.341622E+01  0.439618E+02  0.380727E+00
 0.341908E+01  0.439108E+02  0.380285E+00
 0.342194E+01  0.439324E+02  0.380473E+00
 0.342480E+01  0.439531E+02  0.380650E+00
 0.342766E+01  0.439172E+02  0.380339E+00
 0.343052E+01  0.439039E+02  0.380225E+00
 0.343338E+01  0.439295E+02  0.380445E+00
 0.343624E+01  0.439483E+02  0.380608E+00
 0.343910E+01  0.439287E+02  0.380438E+00
 0.344196E+01  0.439214E+02  0.380375E+00
 0.344482E+01  0.439023E+02  0.380210E+00
 0.344768E+01  0.438887E+02  0.380093E+00
 0.345054E+01  0.439008E+02  0.380198E+00
 0.345340E+01  0.438915E+02  0.380118E+00
 0.345626E+01  0.438682E+02  0.379916E+00
 0.345912E+01  0.438489E+02  0.379749E+00
 0.346198E+01  0.438688E+02  0.379920E+00
 0.346484E+01  0.438774E+02  0.379994E+00
 0.346770E+01  0.438685E+02  0.379918E+00
 0.347056E+01  0.438509E+02  0.379767E+00
 0.347342E+01  0.438348E+02  0.379627E+00
 0.347628E+01  0.438654E+02  0.379893E+00
 0.347914E+01  0.438498E+02  0.379757E+00
 0.348200E+01  0.438679E+02  0.379912E+00
 0.348486E+01  0.438591E+02  0.379836E+00
 0.348772E+01  0.438449E+02  0.379712E+00
 0.349058E+01  0.438522E+02  0.379776E+00
 0.349344E+01  0.438450E+02  0.379713E+00
 0.349630E+01  0.438450E+02  0.379713E+00
 0.349916E+01  0.438222E+02  0.379516E+00
 0.350202E+01  0.438183E+02  0.379481E+00
 0.350488E+01  0.438077E+02  0.379390E+00
 0.350774E+01  0.437812E+02  0.379161E+00
 0.351060E+01  0.438184E+02  0.379484E+00
 0.351346E+01  0.438633E+02  0.379873E+00
 0.351632E+01  0.438729E+02  0.379955E+00
 0.351918E+01  0.438198E+02  0.379496E+00
 0.352204E+01  0.438040E+02  0.379360E+00
 0.352490E+01  0.438183E+02  0.379484E+00
 0.352776E+01  0.438235E+02  0.379528E+00
 0.353062E+01  0.438210E+02  0.379505E+00
 0.353348E+01  0.438209E+02  0.379504E+00
 0.353634E+01  0.438164E+02  0.379467E+00
 0.353920E+01  0.438387E+02  0.379661E+00
 0.354206E+01  0.437966E+02  0.379296E+00
 0.354492E+01  0.438214E+02  0.379510E+00
 0.354778E+01  0.438276E+02  0.379563E+00
 0.355064E+01  0.438030E+02  0.379350E+00
 0.355350E+01  0.438258E+02  0.379547E+00
 0.355636E+01  0.438396E+02  0.379667E+00
 0.355922E+01  0.438707E+02  0.379936E+00
 0.356208E+01  0.438603E+02  0.379847E+00
 0.356494E+01  0.438370E+02  0.379643E+00
 0.356780E+01  0.438436E+02  0.379700E+00
 0.357066E+01  0.438451E+02  0.379713E+00
 0.357352E+01  0.438049E+02  0.379366E+00
 0.357638E+01  0.438022E+02  0.379344E+00
 0.357924E+01  0.438097E+02  0.379408E+00
 0.358210E+01  0.438284E+02  0.379571E+00
 0.358496E+01  0.438202E+02  0.379499E+00
 0.358782E+01  0.438347E+02  0.379624E+00
 0.359068E+01  0.438454E+02  0.379715E+00
 0.359354E+01  0.438528E+02  0.379780E+00
 0.359640E+01  0.438358E+02  0.379633E+00
 0.359926E+01  0.438086E+02  0.379398E+00
 0.360212E+01  0.438225E+02  0.379519E+00
 0.360498E+01  0.438177E+02  0.379477E+00
 0.360784E+01  0.437931E+02  0.379263E+00
 0.361070E+01  0.437928E+02  0.379261E+00
 0.361356E+01  0.437749E+02  0.379107E+00
 0.361642E+01  0.437849E+02  0.379193E+00
 0.361928E+01  0.437853E+02  0.379196E+00
 0.362214E+01  0.437917E+02  0.379253E+00
 0.362500E+01  0.438023E+02  0.379344E+00
 0.362786E+01  0.437852E+02  0.379196E+00
 0.363072E+01  0.437813E+02  0.379163E+00
 0.363358E+01  0.437729E+02  0.379090E+00
 0.363644E+01  0.437809E+02  0.379160E+00
 0.363930E+01  0.437987E+02  0.379315E+00
 0.364216E+01  0.437834E+02  0.379181E+00
 0.364502E+01  0.437852E+02  0.379196E+00
 0.364788E+01  0.437568E+02  0.378950E+00
 0.365074E+01  0.437552E+02  0.378936E+00
 0.365360E+01  0.437432E+02  0.378832E+00
 0.365646E+01  0.437379E+02  0.378787E+00
 0.365932E+01  0.437546E+02  0.378931E+00
 0.366218E+01  0.437771E+02  0.379126E+00
 0.366504E+01  0.437732E+02  0.379092E+00
 0.366790E+01  0.437988E+02  0.379314E+00
 0.367076E+01  0.437922E+02  0.379256E+00
 0.367362E+01  0.437791E+02  0.379141E+00
 0.367648E+01  0.437896E+02  0.379232E+00
 0.367934E+01  0.438117E+02  0.379423E+00
 0.368220E+01  0.438198E+02  0.379494E+00
 0.368506E+01  0.438148E+02  0.379451E+00
 0.368792E+01  0.437951E+02  0.379280E+00
 0.369078E+01  0.437676E+02  0.379042E+00
 0.369364E+01  0.437574E+02  0.378953E+00
 0.369650E+01  0.437488E+02  0.378880E+00
 0.369936E+01  0.437500E+02  0.378891E+00
 0.370222E+01  0.437652E+02  0.379022E+00
 0.370508E+01  0.437532E+02  0.378917E+00
 0.370794E+01  0.437726E+02  0.379085E+00
 0.371080E+01  0.437866E+02  0.379206E+00
 0.371366E+01  0.437639E+02  0.379011E+00
 0.371652E+01  0.437623E+02  0.378997E+00
 0.371938E+01  0.437522E+02  0.378909E+00
 0.372224E+01  0.437904E+02  0.379241E+00
 0.372510E+01  0.437892E+02  0.379229E+00
 0.372796E+01  0.437614E+02  0.378988E+00
 0.373082E+01  0.437804E+02  0.379152E+00
 0.373368E+01  0.437649E+02  0.379019E+00
 0.373654E+01  0.437683E+02  0.379048E+00
 0.373940E+01  0.437537E+02  0.378922E+00
 0.374226E+01  0.437522E+02  0.378910E+00
 0.374512E+01  0.437717E+02  0.379078E+00
 0.374798E+01  0.437642E+02  0.379012E+00
 0.375084E+01  0.437496E+02  0.378886E+00
 0.375370E+01  0.437839E+02  0.379184E+00
 0.375656E+01  0.437813E+02  0.379161E+00
 0.375942E+01  0.437676E+02  0.379043E+00
 0.376228E+01  0.437400E+02  0.378805E+00
 0.376514E+01  0.437290E+02  0.378710E+00
 0.376800E+01  0.437464E+02  0.378860E+00
 0.377086E+01  0.437444E+02  0.378842E+00
 0.377372E+01  0.437406E+02  0.378808E+00
 0.377658E+01  0.437505E+02  0.378894E+00
 0.377944E+01  0.437379E+02  0.378786E+00
 0.378230E+01  0.437532E+02  0.378917E+00
 0.378516E+01  0.437734E+02  0.379092E+00
 0.378802E+01  0.437576E+02  0.378956E+00
 0.379088E+01  0.437334E+02  0.378747E+00
 0.379374E+01  0.437465E+02  0.378861E+00
 0.379660E+01  0.437208E+02  0.378637E+00
 0.379946E+01  0.437319E+02  0.378733E+00
 0.380232E+01  0.437339E+02  0.378752E+00
 0.380518E+01  0.437288E+02  0.378707E+00
 0.380804E+01  0.437097E+02  0.378541E+00
 0.381090E+01  0.436846E+02  0.378325E+00
 0.381376E+01  0.437134E+02  0.378574E+00
 0.381662E+01  0.437270E+02  0.378690E+00
 0.381948E+01  0.436924E+02  0.378390E+00
 0.382234E+01  0.437086E+02  0.378531E+00
 0.382520E+01  0.437594E+02  0.378972E+00
 0.382806E+01  0.437651E+02  0.379021E+00
 0.383092E+01  0.437505E+02  0.378896E+00
 0.383378E+01  0.437331E+02  0.378745E+00
 0.383664E+01  0.437321E+02  0.378736E+00
 0.383950E+01  0.437360E+02  0.378767E+00
 0.384236E+01  0.437266E+02  0.378686E+00
 0.384522E+01  0.437503E+02  0.378892E+00
 0.384808E+01  0.437262E+02  0.378684E+00
 0.385094E+01  0.437173E+02  0.378606E+00
 0.385380E+01  0.437230E+02  0.378655E+00
 0.385666E+01  0.437312E+02  0.378727E+00
 0.385952E+01  0.437349E+02  0.378760E+00
 0.386238E+01  0.436931E+02  0.378398E+00
 0.386524E+01  0.436807E+02  0.378291E+00
 0.386810E+01  0.436995E+02  0.378454E+00
 0.387096E+01  0.437256E+02  0.378679E+00
 0.387382E+01  0.437079E+02  0.378526E+00
 0.387668E+01  0.436646E+02  0.378150E+00
 0.387954E+01  0.436507E+02  0.378029E+00
 0.388240E+01  0.436275E+02  0.377829E+00
 0.388526E+01  0.436304E+02  0.377854E+00
 0.388812E+01  0.436264E+02  0.377818E+00
 0.389098E+01  0.436489E+02  0.378014E+00
 0.389384E+01  0.436985E+02  0.378446E+00
 0.389670E+01  0.437287E+02  0.378706E+00
 0.389956E+01  0.437283E+02  0.378702E+00
 0.390242E+01  0.437113E+02  0.378554E+00
 0.390528E+01  0.436999E+02  0.378455E+00
 0.390814E+01  0.437003E+02  0.378458E+00
 0.391100E+01  0.436907E+02  0.378378E+00
 0.391386E+01  0.436932E+02  0.378400E+00
 0.391672E+01  0.436846E+02  0.378326E+00
 0.391958E+01  0.436598E+02  0.378111E+00
 0.392244E+01  0.436732E+02  0.378226E+00
 0.392530E+01  0.436540E+02  0.378059E+00
 0.392816E+01  0.436479E+02  0.378006E+00
 0.393102E+01  0.436429E+02  0.377962E+00
 0.393388E+01  0.436321E+02  0.377868E+00
 0.393674E+01  0.436117E+02  0.377693E+00
 0.393960E+01  0.436581E+02  0.378095E+00
 0.394246E+01  0.436413E+02  0.377950E+00
 0.394532E+01  0.436722E+02  0.378217E+00
 0.394818E+01  0.436904E+02  0.378374E+00
 0.395104E+01  0.436662E+02  0.378163E+00
 0.395390E+01  0.436604E+02  0.378113E+00
 0.395676E+01  0.436548E+02  0.378066E+00
 0.395962E+01  0.436694E+02  0.378192E+00
 0.396248E+01  0.436682E+02  0.378182E+00
 0.396534E+01  0.436696E+02  0.378193E+00
 0.396820E+01  0.436585E+02  0.378096E+00
 0.397106E+01  0.436406E+02  0.377942E+00
 0.397392E+01  0.436314E+02  0.377863E+00
 0.397678E+01  0.436476E+02  0.378003E+00
 0.397964E+01  0.436578E+02  0.378094E+00
 0.398250E+01  0.436395E+02  0.377934E+00
 0.398536E+01  0.436351E+02  0.377895E+00
 0.398822E+01  0.436356E+02  0.377899E+00
 0.399108E+01  0.436214E+02  0.377776E+00
 0.399394E+01  0.436132E+02  0.377704E+00
 0.399680E+01  0.436277E+02  0.377830E+00
 0.399966E+01  0.436173E+02  0.377741E+00
 0.400252E+01  0.436567E+02  0.378086E+00
 0.400538E+01  0.436380E+02  0.377922E+00
 0.400824E+01  0.436290E+02  0.377842E+00
 0.401110E+01  0.436009E+02  0.377598E+00
 0.401396E+01  0.435948E+02  0.377545E+00
 0.401682E+01  0.436099E+02  0.377675E+00
 0.401968E+01  0.436274E+02  0.377828E+00
 0.402254E+01  0.436152E+02  0.377724E+00
 0.402540E+01  0.436194E+02  0.377759E+00
 0.402826E+01  0.436021E+02  0.377609E+00
 0.403112E+01  0.435879E+02  0.377487E+00
 0.403398E+01  0.436316E+02  0.377864E+00
 0.403684E+01  0.436475E+02  0.378002E+00
 0.403970E+01  0.436505E+02  0.378027E+00
 0.404256E+01  0.436245E+02  0.377802E+00
 0.404542E+01  0.435925E+02  0.377525E+00
 0.404828E+01  0.436086E+02  0.377664E+00
 0.405114E+01  0.435965E+02  0.377560E+00
 0.405400E+01  0.435772E+02  0.377393E+00
 0.405686E+01  0.436031E+02  0.377617E+00
 0.405972E+01  0.436289E+02  0.377841E+00
 0.406258E+01  0.436277E+02  0.377831E+00
 0.406544E+01  0.436160E+02  0.377730E+00
 0.406830E+01  0.436219E+02  0.377782E+00
 0.407116E+01  0.436023E+02  0.377612E+00
 0.407402E+01  0.435906E+02  0.377509E+00
 0.407688E+01  0.435679E+02  0.377312E+00
 0.407974E+01  0.435669E+02  0.377303E+00
 0.408260E+01  0.435755E+02  0.377378E+00
 0.408546E+01  0.435712E+02  0.377341E+00
 0.408832E+01  0.435758E+02  0.377380E+00
 0.409118E+01  0.436253E+02  0.377809E+00
 0.409404E+01  0.436062E+02  0.377644E+00
 0.409690E+01  0.435765E+02  0.377387E+00
 0.409976E+01  0.435548E+02  0.377198E+00
 0.410262E+01  0.435679E+02  0.377312E+00
 0.410548E+01  0.436234E+02  0.377793E+00
 0.410834E+01  0.436083E+02  0.377663E+00
 0.411120E+01  0.436035E+02  0.377621E+00
 0.411406E+01  0.436122E+02  0.377696E+00
 0.411692E+01  0.436071E+02  0.377651E+00
 0.411978E+01  0.436172E+02  0.377739E+00
 0.412264E+01  0.435796E+02  0.377413E+00
 0.412550E+01  0.435390E+02  0.377062E+00
 0.412836E+01  0.435645E+02  0.377283E+00
 0.413122E+01  0.435840E+02  0.377453E+00
 0.413408E+01  0.435624E+02  0.377265E+00
 0.413694E+01  0.435636E+02  0.377276E+00
 0.413980E+01  0.435636E+02  0.377276E+00
 0.414266E+01  0.435163E+02  0.376866E+00
 0.414552E+01  0.434874E+02  0.376614E+00
 0.414838E+01  0.435163E+02  0.376864E+00
 0.415124E+01  0.434960E+02  0.376689E+00
 0.415410E+01  0.434956E+02  0.376686E+00
 0.415696E+01  0.434944E+02  0.376675E+00
 0.415982E+01  0.434740E+02  0.376499E+00
 0.416268E+01  0.434772E+02  0.376527E+00
 0.416554E+01  0.434794E+02  0.376546E+00
 0.416840E+01  0.435038E+02  0.376758E+00
 0.417126E+01  0.435125E+02  0.376834E+00
 0.417412E+01  0.434971E+02  0.376700E+00
 0.417698E+01  0.434939E+02  0.376671E+00
 0.417984E+01  0.435000E+02  0.376724E+00
 0.418270E+01  0.434931E+02  0.376665E+00
 0.418556E+01  0.434854E+02  0.376599E+00
 0.418842E+01  0.434759E+02  0.376516E+00
 0.419128E+01  0.434551E+02  0.376335E+00
 0.419414E+01  0.434277E+02  0.376098E+00
 0.419700E+01  0.434206E+02  0.376036E+00
 0.419986E+01  0.434263E+02  0.376086E+00
 0.420272E+01  0.434004E+02  0.375863E+00
 0.420558E+01  0.434134E+02  0.375975E+00
 0.420844E+01  0.434226E+02  0.376055E+00
 0.421130E+01  0.434348E+02  0.376161E+00
 0.421416E+01  0.433940E+02  0.375807E+00
 0.421702E+01  0.433681E+02  0.375583E+00
 0.421988E+01  0.434083E+02  0.375932E+00
 0.422274E+01  0.434571E+02  0.376354E+00
 0.422560E+01  0.434580E+02  0.376362E+00
 0.422846E+01  0.434456E+02  0.376253E+00
 0.423132E+01  0.434524E+02  0.376312E+00
 0.423418E+01  0.434564E+02  0.376346E+00
 0.423704E+01  0.434709E+02  0.376472E+00
 0.423990E+01  0.434298E+02  0.376118E+00
 0.424276E+01  0.433886E+02  0.375761E+00
 0.424562E+01  0.434307E+02  0.376126E+00
 0.424848E+01  0.434483E+02  0.376278E+00
 0.425134E+01  0.434681E+02  0.376450E+00
 0.425420E+01  0.434682E+02  0.376451E+00
 0.425706E+01  0.434037E+02  0.375893E+00
 0.425992E+01  0.433668E+02  0.375573E+00
 0.426278E+01  0.433937E+02  0.375806E+00
 0.426564E+01  0.433992E+02  0.375852E+00
 0.426850E+01  0.434182E+02  0.376016E+00
 0.427136E+01  0.434385E+02  0.376192E+00
 0.427422E+01  0.434362E+02  0.376172E+00
 0.427708E+01  0.434231E+02  0.376059E+00
 0.427994E+01  0.434211E+02  0.376042E+00
 0.428280E+01  0.433955E+02  0.375819E+00
 0.428566E+01  0.433827E+02  0.375708E+00
 0.428852E+01  0.433973E+02  0.375835E+00
 0.429138E+01  0.433830E+02  0.375711E+00
 0.429424E+01  0.433670E+02  0.375573E+00
 0.429710E+01  0.433792E+02  0.375679E+00
 0.429996E+01  0.434089E+02  0.375937E+00
 0.430282E+01  0.434215E+02  0.376047E+00
 0.430568E+01  0.434131E+02  0.375974E+00
 0.430854E+01  0.433858E+02  0.375736E+00
 0.431140E+01  0.433936E+02  0.375802E+00
 0.431426E+01  0.433920E+02  0.375788E+00
 0.431712E+01  0.433741E+02  0.375634E+00
 0.431998E+01  0.433815E+02  0.375698E+00
 0.432284E+01  0.433632E+02  0.375540E+00
 0.432570E+01  0.433576E+02  0.375491E+00
 0.432856E+01  0.433564E+02  0.375482E+00
 0.433142E+01  0.433509E+02  0.375434E+00
 0.433428E+01  0.433576E+02  0.375491E+00
 0.433714E+01  0.433715E+02  0.375612E+00
 0.434000E+01  0.433429E+02  0.375364E+00
 0.434286E+01  0.433659E+02  0.375563E+00
 0.434572E+01  0.433867E+02  0.375743E+00
 0.434858E+01  0.433570E+02  0.375486E+00
 0.435144E+01  0.433516E+02  0.375439E+00
 0.435430E+01  0.433923E+02  0.375791E+00
 0.435716E+01  0.434202E+02  0.376033E+00
 0.436002E+01  0.434201E+02  0.376033E+00
 0.436288E+01  0.433878E+02  0.375754E+00
 0.436574E+01  0.433811E+02  0.375697E+00
 0.436860E+01  0.433860E+02  0.375740E+00
 0.437146E+01  0.433567E+02  0.375487E+00
 0.437432E+01  0.433612E+02  0.375525E+00
 0.437718E+01  0.433916E+02  0.375787E+00
 0.438004E+01  0.433842E+02  0.375723E+00
 0.438290E+01  0.433536E+02  0.375459E+00
 0.438576E+01  0.433551E+02  0.375472E+00
 0.438862E+01  0.434029E+02  0.375884E+00
 0.439148E+01  0.434181E+02  0.376015E+00
 0.439434E+01  0.434321E+02  0.376137E+00
 0.439720E+01  0.434323E+02  0.376138E+00
 0.440006E+01  0.434080E+02  0.375927E+00
 0.440292E+01  0.433794E+02  0.375679E+00
 0.440578E+01  0.433935E+02  0.375802E+00
 0.440864E+01  0.433818E+02  0.375702E+00
 0.441150E+01  0.433840E+02  0.375721E+00
 0.441436E+01  0.433852E+02  0.375730E+00
 0.441722E+01  0.433682E+02  0.375584E+00
 0.442008E+01  0.433541E+02  0.375462E+00
 0.442294E+01  0.433763E+02  0.375654E+00
 0.442580E+01  0.434115E+02  0.375958E+00
 0.442866E+01  0.434137E+02  0.375977E+00
 0.443152E+01  0.433928E+02  0.375797E+00
 0.443438E+01  0.433555E+02  0.375474E+00
 0.443724E+01  0.433582E+02  0.375497E+00
 0.444010E+01  0.433869E+02  0.375744E+00
 0.444296E+01  0.433666E+02  0.375569E+00
 0.444582E+01  0.433530E+02  0.375452E+00
 0.444868E+01  0.433635E+02  0.375542E+00
 0.445154E+01  0.433654E+02  0.375558E+00
 0.445440E+01  0.433506E+02  0.375431E+00
 0.445726E+01  0.433889E+02  0.375762E+00
 0.446012E+01  0.433927E+02  0.375795E+00
 0.446298E+01  0.433796E+02  0.375682E+00
 0.446584E+01  0.433845E+02  0.375725E+00
 0.446870E+01  0.433708E+02  0.375606E+00
 0.447156E+01  0.433404E+02  0.375343E+00
 0.447442E+01  0.433491E+02  0.375418E+00
 0.447728E+01  0.433783E+02  0.375670E+00
 0.448014E+01  0.433703E+02  0.375600E+00
 0.448300E+01  0.433625E+02  0.375533E+00
 0.448586E+01  0.433845E+02  0.375724E+00
 0.448872E+01  0.433834E+02  0.375715E+00
 0.449158E+01  0.433904E+02  0.375775E+00
 0.449444E+01  0.433888E+02  0.375761E+00
 0.449730E+01  0.434094E+02  0.375940E+00
 0.450016E+01  0.433857E+02  0.375735E+00
 0.450302E+01  0.433535E+02  0.375456E+00
 0.450588E+01  0.433635E+02  0.375543E+00
 0.450874E+01  0.433912E+02  0.375783E+00
 0.451160E+01  0.433844E+02  0.375724E+00
 0.451446E+01  0.434022E+02  0.375878E+00
 0.451732E+01  0.434038E+02  0.375891E+00
 0.452018E+01  0.434200E+02  0.376032E+00
 0.452304E+01  0.434416E+02  0.376219E+00
 0.452590E+01  0.433894E+02  0.375767E+00
 0.452876E+01  0.433711E+02  0.375608E+00
 0.453162E+01  0.433774E+02  0.375663E+00
 0.453448E+01  0.433882E+02  0.375756E+00
 0.453734E+01  0.434089E+02  0.375935E+00
 0.454020E+01  0.434333E+02  0.376146E+00
 0.454306E+01  0.434368E+02  0.376177E+00
 0.454592E+01  0.434536E+02  0.376321E+00
 0.454878E+01  0.434117E+02  0.375958E+00
 0.455164E+01  0.433904E+02  0.375774E+00
 0.455450E+01  0.434540E+02  0.376326E+00
 0.455736E+01  0.434623E+02  0.376397E+00
 0.456022E+01  0.434385E+02  0.376191E+00
 0.456308E+01  0.434334E+02  0.376147E+00
 0.456594E+01  0.434119E+02  0.375962E+00
 0.456880E+01  0.434085E+02  0.375934E+00
 0.457166E+01  0.434092E+02  0.375940E+00
 0.457452E+01  0.434334E+02  0.376149E+00
 0.457738E+01  0.434347E+02  0.376159E+00
 0.458024E+01  0.434632E+02  0.376406E+00
 0.458310E+01  0.434639E+02  0.376411E+00
 0.458596E+01  0.434600E+02  0.376378E+00
 0.458882E+01  0.435188E+02  0.376887E+00
 0.459168E+01  0.435172E+02  0.376873E+00
 0.459454E+01  0.434822E+02  0.376572E+00
 0.459740E+01  0.434655E+02  0.376426E+00
 0.460026E+01  0.434487E+02  0.376280E+00
 0.460312E+01  0.434317E+02  0.376133E+00
 0.460598E+01  0.434560E+02  0.376343E+00
 0.460884E+01  0.434391E+02  0.376197E+00
 0.461170E+01  0.434175E+02  0.376010E+00
 0.461456E+01  0.434299E+02  0.376117E+00
 0.461742E+01  0.434424E+02  0.376225E+00
 0.462028E+01  0.434283E+02  0.376103E+00
 0.462314E+01  0.434188E+02  0.376020E+00
 0.462600E+01  0.434052E+02  0.375903E+00
 0.462886E+01  0.434112E+02  0.375954E+00
 0.463172E+01  0.434412E+02  0.376215E+00
 0.463458E+01  0.434467E+02  0.376264E+00
 0.463744E+01  0.434637E+02  0.376411E+00
 0.464030E+01  0.434573E+02  0.376356E+00
 0.464316E+01  0.434554E+02  0.376338E+00
 0.464602E+01  0.434462E+02  0.376259E+00
 0.464888E+01  0.434305E+02  0.376124E+00
 0.465174E+01  0.434183E+02  0.376019E+00
 0.465460E+01  0.434496E+02  0.376289E+00
 0.465746E+01  0.434573E+02  0.376355E+00
 0.466032E+01  0.434417E+02  0.376219E+00
 0.466318E+01  0.434230E+02  0.376057E+00
 0.466604E+01  0.434425E+02  0.376226E+00
 0.466890E+01  0.434681E+02  0.376448E+00
 0.467176E+01  0.434467E+02  0.376263E+00
 0.467462E+01  0.434122E+02  0.375963E+00
 0.467748E+01  0.434340E+02  0.376152E+00
 0.468034E+01  0.434512E+02  0.376301E+00
 0.468320E+01  0.434476E+02  0.376271E+00
 0.468606E+01  0.434423E+02  0.376225E+00
 0.468892E+01  0.434536E+02  0.376323E+00
 0.469178E+01  0.434718E+02  0.376480E+00
 0.469464E+01  0.434749E+02  0.376506E+00
 0.469750E+01  0.434566E+02  0.376348E+00
 0.470036E+01  0.434602E+02  0.376379E+00
 0.470322E+01  0.434957E+02  0.376687E+00
 0.470608E+01  0.434770E+02  0.376525E+00
 0.470894E+01  0.434580E+02  0.376360E+00
 0.471180E+01  0.434516E+02  0.376306E+00
 0.471466E+01  0.434610E+02  0.376387E+00
 0.471752E+01  0.434760E+02  0.376517E+00
 0.472038E+01  0.434376E+02  0.376184E+00
 0.472324E+01  0.434301E+02  0.376119E+00
 0.472610E+01  0.434451E+02  0.376248E+00
 0.472896E+01  0.434358E+02  0.376168E+00
 0.473182E+01  0.434005E+02  0.375863E+00
 0.473468E+01  0.434036E+02  0.375891E+00
 0.473754E+01  0.434559E+02  0.376343E+00
 0.474040E+01  0.434338E+02  0.376152E+00
 0.474326E+01  0.434153E+02  0.375992E+00
 0.474612E+01  0.434058E+02  0.375908E+00
 0.474898E+01  0.434259E+02  0.376083E+00
 0.475184E+01  0.434410E+02  0.376213E+00
 0.475470E+01  0.434433E+02  0.376233E+00
 0.475756E+01  0.434204E+02  0.376035E+00
 0.476042E+01  0.434438E+02  0.376237E+00
 0.476328E+01  0.434430E+02  0.376231E+00
 0.476614E+01  0.434456E+02  0.376253E+00
 0.476900E+01  0.434534E+02  0.376322E+00
 0.477186E+01  0.434552E+02  0.376336E+00
 0.477472E+01  0.434688E+02  0.376454E+00
 0.477758E+01  0.434604E+02  0.376380E+00
 0.478044E+01  0.434429E+02  0.376229E+00
 0.478330E+01  0.434418E+02  0.376220E+00
 0.478616E+01  0.434531E+02  0.376319E+00
 0.478902E+01  0.434790E+02  0.376544E+00
 0.479188E+01  0.435232E+02  0.376926E+00
 0.479474E+01  0.434812E+02  0.376562E+00
 0.479760E+01  0.434436E+02  0.376236E+00
 0.480046E+01  0.434446E+02  0.376245E+00
 0.480332E+01  0.434172E+02  0.376007E+00
 0.480618E+01  0.434309E+02  0.376125E+00
 0.480904E+01  0.434555E+02  0.376338E+00
 0.481190E+01  0.434599E+02  0.376376E+00
 0.481476E+01  0.434777E+02  0.376531E+00
 0.481762E+01  0.434706E+02  0.376470E+00
 0.482048E+01  0.434651E+02  0.376422E+00
 0.482334E+01  0.434777E+02  0.376531E+00
 0.482620E+01  0.434460E+02  0.376256E+00
 0.482906E+01  0.434079E+02  0.375926E+00
 0.483192E+01  0.434063E+02  0.375913E+00
 0.483478E+01  0.434295E+02  0.376113E+00
 0.483764E+01  0.434466E+02  0.376261E+00
 0.484050E+01  0.434649E+02  0.376419E+00
 0.484336E+01  0.434508E+02  0.376297E+00
 0.484622E+01  0.434525E+02  0.376313E+00
 0.484908E+01  0.434543E+02  0.376329E+00
 0.485194E+01  0.434753E+02  0.376511E+00
 0.485480E+01  0.434954E+02  0.376684E+00
 0.485766E+01  0.434744E+02  0.376502E+00
 0.486052E+01  0.434667E+02  0.376436E+00
 0.486338E+01  0.434620E+02  0.376394E+00
 0.486624E+01  0.434397E+02  0.376201E+00
 0.486910E+01  0.434601E+02  0.376378E+00
 0.487196E+01  0.434803E+02  0.376555E+00
 0.487482E+01  0.434525E+02  0.376312E+00
 0.487768E+01  0.434368E+02  0.376177E+00
 0.488054E+01  0.434420E+02  0.376221E+00
 0.488340E+01  0.434389E+02  0.376196E+00
 0.488626E+01  0.434379E+02  0.376188E+00
 0.488912E+01  0.434371E+02  0.376180E+00
 0.489198E+01  0.434274E+02  0.376095E+00
 0.489484E+01  0.434442E+02  0.376240E+00
 0.489770E+01  0.434453E+02  0.376251E+00
 0.490056E+01  0.434249E+02  0.376075E+00
 0.490342E+01  0.434170E+02  0.376005E+00
 0.490628E+01  0.434326E+02  0.376141E+00
 0.490914E+01  0.434428E+02  0.376229E+00
 0.491200E+01  0.434299E+02  0.376118E+00
 0.491486E+01  0.434307E+02  0.376126E+00
 0.491772E+01  0.434169E+02  0.376006E+00
 0.492058E+01  0.433985E+02  0.375847E+00
 0.492344E+01  0.434144E+02  0.375984E+00
 0.492630E+01  0.434148E+02  0.375987E+00
 0.492916E+01  0.433866E+02  0.375742E+00
 0.493202E+01  0.434097E+02  0.375942E+00
 0.493488E+01  0.434437E+02  0.376236E+00
 0.493774E+01  0.434464E+02  0.376260E+00
 0.494060E+01  0.434183E+02  0.376016E+00
 0.494346E+01  0.434324E+02  0.376139E+00
 0.494632E+01  0.434305E+02  0.376123E+00
 0.494918E+01  0.434442E+02  0.376241E+00
 0.495204E+01  0.434303E+02  0.376121E+00
 0.495490E+01  0.434354E+02  0.376165E+00
 0.495776E+01  0.434360E+02  0.376170E+00
 0.496062E+01  0.434325E+02  0.376140E+00
 0.496348E+01  0.434407E+02  0.376212E+00
 0.496634E+01  0.434199E+02  0.376033E+00
 0.496920E+01  0.434204E+02  0.376037E+00
 0.497206E+01  0.434404E+02  0.376208E+00
 0.497492E+01  0.434304E+02  0.376121E+00
 0.497778E+01  0.434287E+02  0.376107E+00
 0.498064E+01  0.434096E+02  0.375942E+00
 0.498350E+01  0.433727E+02  0.375621E+00
 0.498636E+01  0.433724E+02  0.375620E+00
 0.498922E+01  0.433910E+02  0.375780E+00
 0.499208E+01  0.434281E+02  0.376102E+00
 0.499494E+01  0.434427E+02  0.376229E+00
 0.499780E+01  0.434140E+02  0.375980E+00
 0.500066E+01  0.434172E+02  0.376008E+00
 0.500352E+01  0.434319E+02  0.376135E+00
 0.500638E+01  0.434231E+02  0.376059E+00
 0.500924E+01  0.434053E+02  0.375905E+00
 0.501210E+01  0.434156E+02  0.375994E+00
 0.501496E+01  0.434230E+02  0.376058E+00
 0.501782E+01  0.434528E+02  0.376315E+00
 0.502068E+01  0.434544E+02  0.376329E+00
 0.502354E+01  0.434200E+02  0.376032E+00
 0.502640E+01  0.433739E+02  0.375632E+00
 0.502926E+01  0.433913E+02  0.375782E+00
 0.503212E+01  0.434167E+02  0.376003E+00
 0.503498E+01  0.434541E+02  0.376328E+00
 0.503784E+01  0.434055E+02  0.375907E+00
 0.504070E+01  0.433830E+02  0.375713E+00
 0.504356E+01  0.433911E+02  0.375783E+00
 0.504642E+01  0.433801E+02  0.375686E+00
 0.504928E+01  0.433698E+02  0.375598E+00
 0.505214E+01  0.433437E+02  0.375372E+00
 0.505500E+01  0.433712E+02  0.375610E+00
 0.505786E+01  0.434078E+02  0.375926E+00
 0.506072E+01  0.434322E+02  0.376138E+00
 0.506358E+01  0.433983E+02  0.375844E+00
 0.506644E+01  0.433806E+02  0.375690E+00
 0.506930E+01  0.433538E+02  0.375458E+00
 0.507216E+01  0.433593E+02  0.375507E+00
 0.507502E+01  0.434012E+02  0.375869E+00
 0.507788E+01  0.433770E+02  0.375661E+00
 0.508074E+01  0.433796E+02  0.375683E+00
 0.508360E+01  0.433952E+02  0.375818E+00
 0.508646E+01  0.433943E+02  0.375810E+00
 0.508932E+01  0.433759E+02  0.375650E+00
 0.509218E+01  0.433799E+02  0.375685E+00
 0.509504E+01  0.433389E+02  0.375330E+00
 0.509790E+01  0.433400E+02  0.375339E+00
 0.510076E+01  0.433599E+02  0.375512E+00
 0.510362E+01  0.433857E+02  0.375735E+00
 0.510648E+01  0.433796E+02  0.375682E+00
 0.510934E+01  0.433680E+02  0.375582E+00
 0.511220E+01  0.433672E+02  0.375575E+00
 0.511506E+01  0.434090E+02  0.375937E+00
 0.511792E+01  0.434014E+02  0.375871E+00
 0.512078E+01  0.433759E+02  0.375650E+00
 0.512364E+01  0.433661E+02  0.375565E+00
 0.512650E+01  0.433680E+02  0.375582E+00
 0.512936E+01  0.433882E+02  0.375757E+00
 0.513222E+01  0.434019E+02  0.375875E+00
 0.513508E+01  0.434094E+02  0.375940E+00
 0.513794E+01  0.433926E+02  0.375794E+00
 0.514080E+01  0.433780E+02  0.375669E+00
 0.514366E+01  0.433877E+02  0.375753E+00
 0.514652E+01  0.433551E+02  0.375470E+00
 0.514938E+01  0.433400E+02  0.375339E+00
 0.515224E+01  0.433663E+02  0.375568E+00
 0.515510E+01  0.433595E+02  0.375509E+00
 0.515796E+01  0.433595E+02  0.375510E+00
 0.516082E+01  0.433587E+02  0.375504E+00
 0.516368E+01  0.433622E+02  0.375533E+00
 0.516654E+01  0.433302E+02  0.375256E+00
 0.516940E+01  0.433283E+02  0.375239E+00
 0.517226E+01  0.433453E+02  0.375385E+00
 0.517512E+01  0.433533E+02  0.375454E+00
 0.517798E+01  0.433747E+02  0.375640E+00
 0.518084E+01  0.433928E+02  0.375797E+00
 0.518370E+01  0.434017E+02  0.375875E+00
 0.518656E+01  0.433999E+02  0.375858E+00
 0.518942E+01  0.433638E+02  0.375545E+00
 0.519228E+01  0.433686E+02  0.375587E+00
 0.519514E+01  0.433677E+02  0.375579E+00
 0.519800E+01  0.433482E+02  0.375410E+00
 0.520086E+01  0.433777E+02  0.375666E+00
 0.520372E+01  0.434014E+02  0.375871E+00
 0.520658E+01  0.433972E+02  0.375834E+00
 0.520944E+01  0.434013E+02  0.375869E+00
 0.521230E+01  0.433647E+02  0.375552E+00
 0.521516E+01  0.433348E+02  0.375293E+00
 0.521802E+01  0.433712E+02  0.375609E+00
 0.522088E+01  0.433712E+02  0.375609E+00
 0.522374E+01  0.433686E+02  0.375588E+00
 0.522660E+01  0.433578E+02  0.375495E+00
 0.522946E+01  0.433514E+02  0.375438E+00
 0.523232E+01  0.433424E+02  0.375361E+00
 0.523518E+01  0.433653E+02  0.375559E+00
 0.523804E+01  0.433500E+02  0.375426E+00
 0.524090E+01  0.433515E+02  0.375439E+00
 0.524376E+01  0.433524E+02  0.375447E+00
 0.524662E+01  0.433595E+02  0.375508E+00
 0.524948E+01  0.433793E+02  0.375680E+00
 0.525234E+01  0.433945E+02  0.375811E+00
 0.525520E+01  0.433848E+02  0.375727E+00
 0.525806E+01  0.433720E+02  0.375617E+00
 0.526092E+01  0.433624E+02  0.375534E+00
 0.526378E+01  0.433781E+02  0.375669E+00
 0.526664E+01  0.433519E+02  0.375442E+00
 0.526950E+01  0.433413E+02  0.375350E+00
 0.527236E+01  0.433669E+02  0.375572E+00
 0.527522E+01  0.433693E+02  0.375592E+00
 0.527808E+01  0.433857E+02  0.375734E+00
 0.528094E+01  0.433850E+02  0.375728E+00
 0.528380E+01  0.433700E+02  0.375598E+00
 0.528666E+01  0.433895E+02  0.375768E+00
 0.528952E+01  0.433852E+02  0.375731E+00
 0.529238E+01  0.433898E+02  0.375771E+00
 0.529524E+01  0.433957E+02  0.375821E+00
 0.529810E+01  0.433824E+02  0.375706E+00
 0.530096E+01  0.433496E+02  0.375422E+00
 0.530382E+01  0.433717E+02  0.375614E+00
 0.530668E+01  0.433858E+02  0.375737E+00
 0.530954E+01  0.433941E+02  0.375808E+00
 0.531240E+01  0.433721E+02  0.375617E+00
 0.531526E+01  0.433801E+02  0.375687E+00
 0.531812E+01  0.433735E+02  0.375631E+00
 0.532098E+01  0.433717E+02  0.375616E+00
 0.532384E+01  0.433495E+02  0.375423E+00
 0.532670E+01  0.433034E+02  0.375024E+00
 0.532956E+01  0.433188E+02  0.375157E+00
 0.533242E+01  0.433588E+02  0.375503E+00
 0.533528E+01  0.433727E+02  0.375622E+00
 0.533814E+01  0.433631E+02  0.375539E+00
 0.534100E+01  0.433293E+02  0.375247E+00
 0.534386E+01  0.433001E+02  0.374995E+00
 0.534672E+01  0.433186E+02  0.375155E+00
 0.534958E+01  0.433422E+02  0.375358E+00
 0.535244E+01  0.433424E+02  0.375360E+00
 0.535530E+01  0.433638E+02  0.375545E+00
 0.535816E+01  0.433399E+02  0.375339E+00
 0.536102E+01  0.432996E+02  0.374990E+00
 0.536388E+01  0.432903E+02  0.374909E+00
 0.536674E+01  0.432960E+02  0.374958E+00
 0.536960E+01  0.433236E+02  0.375198E+00
 0.537246E+01  0.433351E+02  0.375297E+00
 0.537532E+01  0.433587E+02  0.375501E+00
 0.537818E+01  0.433748E+02  0.375641E+00
 0.538104E+01  0.433553E+02  0.375473E+00
 0.538390E+01  0.433493E+02  0.375421E+00
 0.538676E+01  0.433653E+02  0.375558E+00
 0.538962E+01  0.433331E+02  0.375280E+00
 0.539248E+01  0.433239E+02  0.375200E+00
 0.539534E+01  0.433490E+02  0.375418E+00
 0.539820E+01  0.433465E+02  0.375396E+00
 0.540106E+01  0.433481E+02  0.375409E+00
 0.540392E+01  0.433344E+02  0.375291E+00
 0.540678E+01  0.433248E+02  0.375208E+00
 0.540964E+01  0.433409E+02  0.375346E+00
 0.541250E+01  0.433454E+02  0.375386E+00
 0.541536E+01  0.433383E+02  0.375324E+00
 0.541822E+01  0.433488E+02  0.375414E+00
 0.542108E+01  0.433373E+02  0.375314E+00
 0.542394E+01  0.433493E+02  0.375419E+00
 0.542680E+01  0.433621E+02  0.375531E+00
 0.542966E+01  0.433394E+02  0.375334E+00
 0.543252E+01  0.433346E+02  0.375293E+00
 0.543538E+01  0.433155E+02  0.375126E+00
 0.543824E+01  0.433144E+02  0.375117E+00
 0.544110E+01  0.433149E+02  0.375121E+00
 0.544396E+01  0.433026E+02  0.375016E+00
 0.544682E+01  0.432808E+02  0.374828E+00
 0.544968E+01  0.432749E+02  0.374776E+00
---------C:\Tina_InHouse\20140207\Test\adsc_bb_2_0000.dat-------------------
---------C:\Tina_InHouse\20140207\Test\adsc_bb_2_0001.dat-------------------
---------C:\Tina_InHouse\20140207\Test\adsc_bb_2_0002.dat-------------------
---------C:\Tina_InHouse\20140207\Test\adsc_bb_2_0003.dat-------------------
---------C:\Tina_InHouse\20140207\Test\adsc_bb_2_0004.dat-------------------
---------C:\Tina_InHouse\20140207\Test\adsc_bb_2_0005.dat-------------------
---------C:\Tina_InHouse\20140207\Test\adsc_bb_2_0006.dat-------------------
---------C:\Tina_InHouse\20140207\Test\adsc_bb_2_0007.dat-------------------
---------C:\Tina_InHouse\20140207\Test\adsc_bb_2_0008.dat-------------------
---------C:\Tina_InHouse\20140207\Test\adsc_bb_2_0009.dat-------------------
---------C:\Tina_InHouse\20140207\Test\adsc_bb_2_0010.dat-------------------
---------C:\Tina_InHouse\20140207\Test\adsc_bb_2_0011.dat-------------------
