
    ---  CREATED BY DAMSEL     5.0 (r2835) ---
    ------------------------------------------
      CROSS-CORRELATION nsd TABLE BY SUPCOMB  
    ------------------------------------------

Input files:
    1  r2_75_01_10-1.pdb
    2  r2_75_01_11-1.pdb
    3  r2_75_01_1-1.pdb
    4  r2_75_01_12-1.pdb
    5  r2_75_01_13-1.pdb
    6  r2_75_01_14-1.pdb
    7  r2_75_01_15-1.pdb
    8  r2_75_01_16-1.pdb
    9  r2_75_01_17-1.pdb
   10  r2_75_01_18-1.pdb
   11  r2_75_01_19-1.pdb
   12  r2_75_01_20-1.pdb
   13  r2_75_01_2-1.pdb
   14  r2_75_01_3-1.pdb
   15  r2_75_01_4-1.pdb
   16  r2_75_01_5-1.pdb
   17  r2_75_01_6-1.pdb
   18  r2_75_01_7-1.pdb
   19  r2_75_01_8-1.pdb
   20  r2_75_01_9-1.pdb

  File Aver      1      2      3      4      5      6      7      8      9     10     11     12     13     14     15     16     17     18     19     20
     1   1.11   0.00   1.18   1.24   0.95   1.11   1.05   1.07   1.21   1.12   1.14   1.10   1.09   1.11   1.12   1.08   0.97   1.13   0.93   1.31   1.11
     2   1.05   1.18   0.00   0.95   1.17   1.07   0.87   1.07   1.00   1.11   1.08   1.09   0.74   1.21   1.02   1.08   1.23   1.01   1.13   1.08   0.91
     3   1.03   1.24   0.95   0.00   1.10   0.93   0.90   1.09   1.05   0.99   1.20   1.02   1.11   1.17   0.91   1.11   1.14   0.87   1.02   0.85   0.92
     4   1.02   0.95   1.17   1.10   0.00   0.85   1.05   1.05   0.98   1.13   1.03   1.07   1.06   0.89   1.12   0.88   1.14   1.09   0.88   1.08   0.90
     5   1.04   1.11   1.07   0.93   0.85   0.00   1.00   1.12   0.81   1.05   1.09   1.08   1.05   1.10   1.17   1.01   1.14   1.07   1.00   1.16   0.92
     6   0.98   1.05   0.87   0.90   1.05   1.00   0.00   0.96   1.01   1.01   0.87   0.98   0.73   1.13   0.88   1.07   1.16   0.86   0.90   1.17   0.95
     7   1.06   1.07   1.07   1.09   1.05   1.12   0.96   0.00   1.06   1.02   1.08   0.90   0.99   1.09   1.09   0.97   1.06   1.10   1.06   1.24   1.08
     8   1.05   1.21   1.00   1.05   0.98   0.81   1.01   1.06   0.00   1.09   1.09   0.96   0.98   1.01   1.17   1.16   1.21   1.07   1.07   1.04   0.90
     9   1.04   1.12   1.11   0.99   1.13   1.05   1.01   1.02   1.09   0.00   1.05   0.97   1.04   1.06   1.02   0.97   0.99   1.06   1.11   1.04   0.93
    10   1.09   1.14   1.08   1.20   1.03   1.09   0.87   1.08   1.09   1.05   0.00   1.16   0.92   1.20   0.86   1.04   1.22   1.06   1.07   1.30   1.20
    11   1.04   1.10   1.09   1.02   1.07   1.08   0.98   0.90   0.96   0.97   1.16   0.00   1.09   1.08   1.17   0.91   0.91   1.03   1.11   1.06   1.01
    12   1.01   1.09   0.74   1.11   1.06   1.05   0.73   0.99   0.98   1.04   0.92   1.09   0.00   1.15   0.93   1.08   1.22   0.95   1.05   1.13   0.92
    13   1.08   1.11   1.21   1.17   0.89   1.10   1.13   1.09   1.01   1.06   1.20   1.08   1.15   0.00   1.08   1.03   1.20   1.08   0.78   1.21   0.99
    14   1.04   1.12   1.02   0.91   1.12   1.17   0.88   1.09   1.17   1.02   0.86   1.17   0.93   1.08   0.00   1.16   1.11   0.85   1.11   1.10   0.98
    15   1.05   1.08   1.08   1.11   0.88   1.01   1.07   0.97   1.16   0.97   1.04   0.91   1.08   1.03   1.16   0.00   1.03   1.13   1.06   1.11   1.05
    16   1.13   0.97   1.23   1.14   1.14   1.14   1.16   1.06   1.21   0.99   1.22   0.91   1.22   1.20   1.11   1.03   0.00   1.19   1.20   1.14   1.14
    17   1.04   1.13   1.01   0.87   1.09   1.07   0.86   1.10   1.07   1.06   1.06   1.03   0.95   1.08   0.85   1.13   1.19   0.00   1.10   1.00   1.04
    18   1.04   0.93   1.13   1.02   0.88   1.00   0.90   1.06   1.07   1.11   1.07   1.11   1.05   0.78   1.11   1.06   1.20   1.10   0.00   1.23   1.01
    19   1.12   1.31   1.08   0.85   1.08   1.16   1.17   1.24   1.04   1.04   1.30   1.06   1.13   1.21   1.10   1.11   1.14   1.00   1.23   0.00   0.93
    20   0.99   1.11   0.91   0.92   0.90   0.92   0.95   1.08   0.90   0.93   1.20   1.01   0.92   0.99   0.98   1.05   1.14   1.04   1.01   0.93   0.00
  Aver   1.05   1.11   1.05   1.03   1.02   1.04   0.98   1.06   1.05   1.04   1.09   1.04   1.01   1.08   1.04   1.05   1.13   1.04   1.04   1.12   0.99

Mean value of NSD         :      1.050
Standard deviation of NSD :      0.038

It is recommend to discard files fith nsd > Mean + 2*Standard deviation
 Recommendation       NSD  File
        Include     0.975  r2_75_01_14-1.pdb
        Include     0.994  r2_75_01_9-1.pdb
        Include     1.011  r2_75_01_20-1.pdb
        Include     1.022  r2_75_01_12-1.pdb
        Include     1.029  r2_75_01_1-1.pdb
        Include     1.036  r2_75_01_6-1.pdb
        Include     1.037  r2_75_01_19-1.pdb
        Include     1.039  r2_75_01_13-1.pdb
        Include     1.040  r2_75_01_17-1.pdb
        Include     1.044  r2_75_01_7-1.pdb
        Include     1.044  r2_75_01_3-1.pdb
        Include     1.046  r2_75_01_16-1.pdb
        Include     1.049  r2_75_01_4-1.pdb
        Include     1.053  r2_75_01_11-1.pdb
        Include     1.057  r2_75_01_15-1.pdb
        Include     1.082  r2_75_01_2-1.pdb
        Include     1.086  r2_75_01_18-1.pdb
        Include     1.106  r2_75_01_10-1.pdb
        Include     1.115  r2_75_01_8-1.pdb
        Discard     1.127  r2_75_01_5-1.pdb
