  8.824455e-03   4.398463e-02   1.399846e-03
  9.046307e-03   4.374404e-02   1.359038e-03
  9.268160e-03   4.117372e-02   1.315784e-03
  9.490012e-03   4.226311e-02   1.302847e-03
  9.711864e-03   4.237626e-02   1.219136e-03
  9.933717e-03   4.476567e-02   1.244307e-03
  1.015557e-02   4.420591e-02   1.215487e-03
  1.037742e-02   4.311840e-02   1.200222e-03
  1.059927e-02   4.210515e-02   1.170912e-03
  1.082113e-02   4.248713e-02   1.136654e-03
  1.104298e-02   4.434618e-02   1.106799e-03
  1.126483e-02   4.273390e-02   1.102071e-03
  1.148668e-02   4.119730e-02   1.055331e-03
  1.170854e-02   4.236761e-02   1.065365e-03
  1.193039e-02   4.366592e-02   1.059503e-03
  1.215224e-02   4.207912e-02   1.022051e-03
  1.237409e-02   4.301021e-02   1.001790e-03
  1.259594e-02   4.261261e-02   9.863915e-04
  1.281780e-02   4.318764e-02   9.838942e-04
  1.303965e-02   4.301296e-02   9.723251e-04
  1.326150e-02   4.193291e-02   9.563255e-04
  1.348335e-02   4.258012e-02   9.353232e-04
  1.370521e-02   4.255705e-02   9.303014e-04
  1.392706e-02   4.270949e-02   9.312934e-04
  1.414891e-02   4.334198e-02   9.107719e-04
  1.437076e-02   4.337264e-02   8.945371e-04
  1.459261e-02   4.209633e-02   8.968035e-04
  1.481447e-02   4.328196e-02   8.719601e-04
  1.503632e-02   4.360368e-02   8.765553e-04
  1.525817e-02   4.239444e-02   8.591128e-04
  1.548002e-02   4.100965e-02   8.371014e-04
  1.570188e-02   4.253391e-02   8.416491e-04
  1.592373e-02   4.226611e-02   8.505304e-04
  1.614558e-02   4.191444e-02   8.155692e-04
  1.636743e-02   4.189776e-02   8.233568e-04
  1.658929e-02   4.289539e-02   8.039369e-04
  1.681114e-02   4.187716e-02   7.826583e-04
  1.703299e-02   4.211047e-02   8.000636e-04
  1.725484e-02   4.085079e-02   7.796529e-04
  1.747670e-02   4.196772e-02   7.870185e-04
  1.769855e-02   4.224275e-02   7.870531e-04
  1.792040e-02   4.100014e-02   7.601321e-04
  1.814225e-02   4.200550e-02   7.502423e-04
  1.836410e-02   4.108356e-02   7.458220e-04
  1.858596e-02   4.178240e-02   7.402713e-04
  1.880781e-02   4.133173e-02   7.433357e-04
  1.902966e-02   4.267582e-02   7.445492e-04
  1.925151e-02   4.223856e-02   7.307031e-04
  1.947337e-02   4.243608e-02   7.236953e-04
  1.969522e-02   4.177435e-02   7.118879e-04
  1.991707e-02   4.111379e-02   7.110984e-04
  2.013892e-02   3.964156e-02   7.023580e-04
  2.036078e-02   4.198989e-02   7.051152e-04
  2.058263e-02   4.075009e-02   6.870956e-04
  2.080448e-02   4.136330e-02   6.821047e-04
  2.102633e-02   4.169513e-02   6.879772e-04
  2.124818e-02   4.138781e-02   6.783357e-04
  2.147004e-02   4.027667e-02   6.829439e-04
  2.169189e-02   4.039811e-02   6.602886e-04
  2.191374e-02   4.052872e-02   6.651947e-04
  2.213559e-02   3.979280e-02   6.523761e-04
  2.235745e-02   4.073099e-02   6.492717e-04
  2.257930e-02   4.073172e-02   6.498435e-04
  2.280115e-02   4.014050e-02   6.498284e-04
  2.302300e-02   4.064803e-02   6.417002e-04
  2.324485e-02   3.948335e-02   6.337357e-04
  2.346671e-02   4.043284e-02   6.321517e-04
  2.368856e-02   3.936300e-02   6.183107e-04
  2.391041e-02   3.984234e-02   6.105695e-04
  2.413226e-02   3.928013e-02   6.135937e-04
  2.435412e-02   3.969016e-02   6.069457e-04
  2.457597e-02   3.956540e-02   6.066389e-04
  2.479782e-02   3.959001e-02   6.101974e-04
  2.501967e-02   3.996958e-02   5.939220e-04
  2.524153e-02   4.018872e-02   5.936162e-04
  2.546338e-02   3.921823e-02   5.931899e-04
  2.568523e-02   4.032376e-02   5.874808e-04
  2.590708e-02   3.881843e-02   5.800899e-04
  2.612893e-02   3.970438e-02   5.886097e-04
  2.635079e-02   3.886156e-02   5.704073e-04
  2.657264e-02   3.983238e-02   5.794519e-04
  2.679449e-02   3.933224e-02   5.650212e-04
  2.701634e-02   3.932508e-02   5.689088e-04
  2.723820e-02   3.854485e-02   5.630987e-04
  2.746005e-02   3.999598e-02   5.666489e-04
  2.768190e-02   3.979834e-02   5.545565e-04
  2.790375e-02   3.816228e-02   5.502032e-04
  2.812561e-02   3.859857e-02   5.486338e-04
  2.834746e-02   3.846754e-02   5.506689e-04
  2.856931e-02   3.879276e-02   5.507247e-04
  2.879116e-02   3.725651e-02   5.379511e-04
  2.901301e-02   3.900755e-02   5.349361e-04
  2.923487e-02   3.843800e-02   5.319229e-04
  2.945672e-02   3.851313e-02   5.353613e-04
  2.967857e-02   3.801628e-02   5.297758e-04
  2.990042e-02   3.894255e-02   5.306280e-04
  3.012228e-02   3.745494e-02   5.249539e-04
  3.034413e-02   3.774087e-02   5.208099e-04
  3.056598e-02   3.716770e-02   5.162622e-04
  3.078783e-02   3.770453e-02   5.128915e-04
  3.100968e-02   3.686044e-02   5.110709e-04
  3.123154e-02   3.757079e-02   5.117620e-04
  3.145339e-02   3.701466e-02   5.024039e-04
  3.167524e-02   3.725497e-02   5.068063e-04
  3.189709e-02   3.737390e-02   5.061092e-04
  3.211895e-02   3.729094e-02   5.015340e-04
  3.234080e-02   3.614164e-02   4.924026e-04
  3.256265e-02   3.697819e-02   4.963113e-04
  3.278450e-02   3.676606e-02   4.872397e-04
  3.300636e-02   3.627735e-02   4.936961e-04
  3.322821e-02   3.661170e-02   4.848878e-04
  3.345006e-02   3.559801e-02   4.812167e-04
  3.367191e-02   3.593117e-02   4.845012e-04
  3.389376e-02   3.605729e-02   4.790489e-04
  3.411562e-02   3.621054e-02   4.748816e-04
  3.433747e-02   3.686594e-02   4.826847e-04
  3.455932e-02   3.701180e-02   4.736697e-04
  3.478117e-02   3.605616e-02   4.692686e-04
  3.500303e-02   3.562934e-02   4.685689e-04
  3.522488e-02   3.601445e-02   4.670134e-04
  3.544673e-02   3.629682e-02   4.657212e-04
  3.566858e-02   3.594495e-02   4.700690e-04
  3.589044e-02   3.643447e-02   4.606573e-04
  3.611229e-02   3.578800e-02   4.600139e-04
  3.633414e-02   3.525318e-02   4.518468e-04
  3.655599e-02   3.480207e-02   4.538358e-04
  3.677785e-02   3.473535e-02   4.528130e-04
  3.699970e-02   3.482504e-02   4.480262e-04
  3.722155e-02   3.570700e-02   4.529685e-04
  3.744340e-02   3.482724e-02   4.443692e-04
  3.766525e-02   3.501095e-02   4.452034e-04
  3.788711e-02   3.468020e-02   4.412892e-04
  3.810896e-02   3.471025e-02   4.421265e-04
  3.833081e-02   3.392266e-02   4.329095e-04
  3.855266e-02   3.442417e-02   4.372749e-04
  3.877452e-02   3.460130e-02   4.328542e-04
  3.899637e-02   3.461993e-02   4.359745e-04
  3.921822e-02   3.392066e-02   4.302336e-04
  3.944007e-02   3.416946e-02   4.297572e-04
  3.966193e-02   3.353835e-02   4.239755e-04
  3.988378e-02   3.372254e-02   4.239183e-04
  4.010563e-02   3.354169e-02   4.221530e-04
  4.032748e-02   3.427695e-02   4.233943e-04
  4.054933e-02   3.382942e-02   4.184475e-04
  4.077119e-02   3.414905e-02   4.220744e-04
  4.099304e-02   3.351480e-02   4.139279e-04
  4.121489e-02   3.424101e-02   4.196223e-04
  4.143674e-02   3.380590e-02   4.149481e-04
  4.165860e-02   3.368181e-02   4.100116e-04
  4.188045e-02   3.339706e-02   4.099398e-04
  4.210230e-02   3.291157e-02   4.077928e-04
  4.232415e-02   3.318497e-02   4.044150e-04
  4.254600e-02   3.224550e-02   4.051881e-04
  4.276786e-02   3.246024e-02   4.009831e-04
  4.298971e-02   3.329729e-02   4.020198e-04
  4.321156e-02   3.283645e-02   4.014243e-04
  4.343341e-02   3.221554e-02   3.967740e-04
  4.365527e-02   3.262518e-02   3.942913e-04
  4.387712e-02   3.181742e-02   3.954531e-04
  4.409897e-02   3.229963e-02   3.955866e-04
  4.432082e-02   3.212188e-02   3.910089e-04
  4.454268e-02   3.245047e-02   3.915294e-04
  4.476453e-02   3.148403e-02   3.879974e-04
  4.498638e-02   3.154373e-02   3.852022e-04
  4.520823e-02   3.194945e-02   3.852360e-04
  4.543009e-02   3.165660e-02   3.855392e-04
  4.565194e-02   3.135773e-02   3.807498e-04
  4.587379e-02   3.178320e-02   3.800530e-04
  4.609564e-02   3.189175e-02   3.826392e-04
  4.631749e-02   3.106696e-02   3.816358e-04
  4.653935e-02   3.082392e-02   3.751326e-04
  4.676120e-02   3.089782e-02   3.746593e-04
  4.698305e-02   3.066631e-02   3.725545e-04
  4.720490e-02   3.045899e-02   3.706273e-04
  4.742676e-02   3.054107e-02   3.696708e-04
  4.764861e-02   3.099382e-02   3.711176e-04
  4.787046e-02   3.052935e-02   3.690281e-04
  4.809231e-02   3.068685e-02   3.677712e-04
  4.831416e-02   3.019022e-02   3.658722e-04
  4.853602e-02   2.979154e-02   3.624220e-04
  4.875787e-02   3.002524e-02   3.621279e-04
  4.897972e-02   2.997403e-02   3.611970e-04
  4.920157e-02   2.982857e-02   3.600080e-04
  4.942343e-02   3.005734e-02   3.563762e-04
  4.964528e-02   2.904882e-02   3.584508e-04
  4.986713e-02   3.013717e-02   3.560726e-04
  5.008898e-02   2.969348e-02   3.547444e-04
  5.031083e-02   2.976873e-02   3.557849e-04
  5.053269e-02   2.935466e-02   3.505942e-04
  5.075454e-02   2.895225e-02   3.488461e-04
  5.097639e-02   2.913468e-02   3.517133e-04
  5.119825e-02   2.869082e-02   3.461036e-04
  5.142010e-02   2.903806e-02   3.478980e-04
  5.164195e-02   2.920721e-02   3.490330e-04
  5.186380e-02   2.908273e-02   3.437423e-04
  5.208565e-02   2.940974e-02   3.466441e-04
  5.230751e-02   2.890957e-02   3.451120e-04
  5.252936e-02   2.899701e-02   3.466417e-04
  5.275121e-02   2.828665e-02   3.492205e-04
  5.297306e-02   2.889172e-02   3.481932e-04
  5.319492e-02   2.822845e-02   3.496524e-04
  5.341677e-02   2.776246e-02   3.478042e-04
  5.363862e-02   2.856582e-02   3.520789e-04
  5.386047e-02   2.829744e-02   3.481431e-04
  5.408232e-02   2.783815e-02   3.476080e-04
  5.430418e-02   2.845324e-02   3.509607e-04
  5.452603e-02   2.780057e-02   3.485755e-04
  5.474788e-02   2.746193e-02   3.470234e-04
  5.496973e-02   2.711797e-02   3.451182e-04
  5.519159e-02   2.781733e-02   3.500822e-04
  5.541344e-02   2.715188e-02   3.510326e-04
  5.563529e-02   2.738625e-02   3.538170e-04
  5.585714e-02   2.693310e-02   3.559350e-04
  5.607899e-02   2.709785e-02   3.546611e-04
  5.630085e-02   2.684222e-02   3.563962e-04
  5.652270e-02   2.683928e-02   3.598738e-04
  5.674455e-02   2.703403e-02   3.597675e-04
  5.696640e-02   2.638919e-02   3.545328e-04
  5.718826e-02   2.638079e-02   3.524226e-04
  5.741011e-02   2.616690e-02   3.491982e-04
  5.763196e-02   2.683032e-02   3.517120e-04
  5.785381e-02   2.619807e-02   3.492176e-04
  5.807567e-02   2.637049e-02   3.472904e-04
  5.829752e-02   2.587181e-02   3.430072e-04
  5.851937e-02   2.636897e-02   3.430199e-04
  5.874122e-02   2.591628e-02   3.456360e-04
  5.896307e-02   2.614392e-02   3.405816e-04
  5.918493e-02   2.596451e-02   3.433996e-04
  5.940678e-02   2.601592e-02   3.436473e-04
  5.962863e-02   2.539491e-02   3.426144e-04
  5.985048e-02   2.558340e-02   3.464858e-04
  6.007234e-02   2.494336e-02   3.433020e-04
  6.029419e-02   2.500990e-02   3.453652e-04
  6.051604e-02   2.509280e-02   3.496711e-04
  6.073789e-02   2.490308e-02   3.498001e-04
  6.095975e-02   2.482817e-02   3.477453e-04
  6.118160e-02   2.504811e-02   3.450287e-04
  6.140345e-02   2.467587e-02   3.424353e-04
  6.162530e-02   2.537560e-02   3.452472e-04
  6.184716e-02   2.418577e-02   3.395871e-04
  6.206901e-02   2.514505e-02   3.409813e-04
  6.229086e-02   2.435870e-02   3.400232e-04
  6.251271e-02   2.431041e-02   3.329728e-04
  6.273456e-02   2.397616e-02   3.353151e-04
  6.295642e-02   2.313119e-02   3.313227e-04
  6.317827e-02   2.440763e-02   3.353598e-04
  6.340012e-02   2.367057e-02   3.344396e-04
  6.362197e-02   2.356255e-02   3.295658e-04
  6.384383e-02   2.382550e-02   3.302043e-04
  6.406568e-02   2.356015e-02   3.292487e-04
  6.428753e-02   2.324062e-02   3.278885e-04
  6.450938e-02   2.331072e-02   3.279309e-04
  6.473123e-02   2.248210e-02   3.278059e-04
  6.495309e-02   2.312976e-02   3.236949e-04
  6.517494e-02   2.385624e-02   3.283786e-04
  6.539679e-02   2.324521e-02   3.227301e-04
  6.561864e-02   2.371051e-02   3.269304e-04
  6.584050e-02   2.248452e-02   3.225924e-04
  6.606235e-02   2.262314e-02   3.243214e-04
  6.628420e-02   2.342695e-02   3.219926e-04
  6.650605e-02   2.262536e-02   3.203532e-04
  6.672791e-02   2.235527e-02   3.188454e-04
  6.694976e-02   2.223964e-02   3.187193e-04
  6.717161e-02   2.193647e-02   3.180539e-04
  6.739346e-02   2.159530e-02   3.157145e-04
  6.761531e-02   2.188368e-02   3.184915e-04
  6.783717e-02   2.169675e-02   3.144945e-04
  6.805902e-02   2.191608e-02   3.147451e-04
  6.828087e-02   2.175547e-02   3.156462e-04
  6.850272e-02   2.180682e-02   3.139527e-04
  6.872458e-02   2.151946e-02   3.130719e-04
  6.894643e-02   2.171980e-02   3.154386e-04
  6.916828e-02   2.163452e-02   3.107393e-04
  6.939013e-02   2.079214e-02   3.098007e-04
  6.961199e-02   2.143882e-02   3.097283e-04
  6.983384e-02   2.121889e-02   3.126047e-04
  7.005569e-02   2.110012e-02   3.148374e-04
  7.027754e-02   2.061100e-02   3.161740e-04
  7.049940e-02   2.108406e-02   3.162792e-04
  7.072125e-02   2.092721e-02   3.157806e-04
  7.094310e-02   2.090409e-02   3.175387e-04
  7.116495e-02   2.024127e-02   3.173614e-04
  7.138680e-02   2.033058e-02   3.167481e-04
  7.160866e-02   2.064299e-02   3.206769e-04
  7.183051e-02   2.045978e-02   3.168390e-04
  7.205236e-02   2.051499e-02   3.119982e-04
  7.227421e-02   2.000005e-02   3.100123e-04
  7.249606e-02   2.049244e-02   3.103259e-04
  7.271792e-02   2.055047e-02   3.107937e-04
  7.293977e-02   1.991516e-02   3.106753e-04
  7.316162e-02   1.989635e-02   3.080843e-04
  7.338348e-02   1.950761e-02   3.039777e-04
  7.360533e-02   1.988586e-02   3.035383e-04
  7.382718e-02   1.939279e-02   3.041422e-04
  7.404903e-02   1.966244e-02   3.045667e-04
  7.427088e-02   1.923129e-02   3.024479e-04
  7.449274e-02   1.999071e-02   3.036249e-04
  7.471459e-02   1.905175e-02   3.000009e-04
  7.493644e-02   1.912834e-02   2.993787e-04
  7.515829e-02   1.960525e-02   3.002466e-04
  7.538014e-02   1.842985e-02   2.987357e-04
  7.560200e-02   1.934639e-02   2.989554e-04
  7.582385e-02   1.877411e-02   2.970096e-04
  7.604570e-02   1.917475e-02   2.959234e-04
  7.626755e-02   1.819351e-02   2.949685e-04
  7.648941e-02   1.812538e-02   2.937233e-04
  7.671126e-02   1.834650e-02   2.934439e-04
  7.693311e-02   1.786813e-02   2.897709e-04
  7.715496e-02   1.806785e-02   2.955972e-04
  7.737682e-02   1.805713e-02   2.905293e-04
  7.759867e-02   1.854805e-02   2.933660e-04
  7.782052e-02   1.777224e-02   2.874312e-04
  7.804237e-02   1.745680e-02   2.877866e-04
  7.826423e-02   1.775447e-02   2.884645e-04
  7.848608e-02   1.777572e-02   2.909403e-04
  7.870793e-02   1.792718e-02   2.898921e-04
  7.892978e-02   1.791290e-02   2.869743e-04
  7.915163e-02   1.747220e-02   2.856400e-04
  7.937349e-02   1.727701e-02   2.842063e-04
  7.959534e-02   1.739446e-02   2.854589e-04
  7.981719e-02   1.706692e-02   2.831579e-04
  8.003904e-02   1.722539e-02   2.844379e-04
  8.026090e-02   1.662200e-02   2.801287e-04
  8.048275e-02   1.727665e-02   2.821696e-04
  8.070460e-02   1.713051e-02   2.815861e-04
  8.092645e-02   1.732229e-02   2.811288e-04
  8.114831e-02   1.695218e-02   2.818132e-04
  8.137016e-02   1.652952e-02   2.788121e-04
  8.159201e-02   1.653549e-02   2.774856e-04
  8.181386e-02   1.628990e-02   2.768246e-04
  8.203571e-02   1.649424e-02   2.762885e-04
  8.225757e-02   1.642623e-02   2.750014e-04
  8.247942e-02   1.596460e-02   2.760303e-04
  8.270127e-02   1.564282e-02   2.758198e-04
  8.292312e-02   1.612107e-02   2.749282e-04
  8.314498e-02   1.671276e-02   2.750501e-04
  8.336683e-02   1.615074e-02   2.737767e-04
  8.358868e-02   1.591360e-02   2.732967e-04
  8.381053e-02   1.608516e-02   2.734975e-04
  8.403239e-02   1.563787e-02   2.738956e-04
  8.425424e-02   1.549193e-02   2.713854e-04
  8.447609e-02   1.548314e-02   2.702136e-04
  8.469794e-02   1.589053e-02   2.707131e-04
  8.491979e-02   1.527565e-02   2.688532e-04
  8.514165e-02   1.555503e-02   2.713597e-04
  8.536350e-02   1.578633e-02   2.723662e-04
  8.558535e-02   1.514007e-02   2.688241e-04
  8.580720e-02   1.498383e-02   2.654695e-04
  8.602906e-02   1.483261e-02   2.651693e-04
  8.625091e-02   1.530016e-02   2.681567e-04
  8.647276e-02   1.454646e-02   2.664109e-04
  8.669461e-02   1.525787e-02   2.667496e-04
  8.691646e-02   1.516151e-02   2.673696e-04
  8.713832e-02   1.443501e-02   2.623476e-04
  8.736017e-02   1.451394e-02   2.624455e-04
  8.758202e-02   1.504651e-02   2.663031e-04
  8.780387e-02   1.389520e-02   2.612311e-04
  8.802573e-02   1.423530e-02   2.615495e-04
  8.824758e-02   1.370636e-02   2.605856e-04
  8.846943e-02   1.348992e-02   2.573074e-04
  8.869128e-02   1.452764e-02   2.612298e-04
  8.891314e-02   1.421811e-02   2.603717e-04
  8.913499e-02   1.407168e-02   2.580612e-04
  8.935684e-02   1.402164e-02   2.572746e-04
  8.957869e-02   1.394771e-02   2.595913e-04
  8.980054e-02   1.347832e-02   2.561281e-04
  9.002240e-02   1.388507e-02   2.572301e-04
  9.024425e-02   1.396015e-02   2.550957e-04
  9.046610e-02   1.324402e-02   2.538312e-04
  9.068795e-02   1.338984e-02   2.542695e-04
  9.090981e-02   1.378559e-02   2.566219e-04
  9.113166e-02   1.324909e-02   2.541081e-04
  9.135351e-02   1.353034e-02   2.541596e-04
  9.157536e-02   1.322578e-02   2.529737e-04
  9.179722e-02   1.359334e-02   2.537625e-04
  9.201907e-02   1.346130e-02   2.530949e-04
  9.224092e-02   1.273499e-02   2.522824e-04
  9.246277e-02   1.342845e-02   2.549692e-04
  9.268463e-02   1.280973e-02   2.488429e-04
  9.290648e-02   1.292296e-02   2.494552e-04
  9.312833e-02   1.292962e-02   2.506861e-04
  9.335018e-02   1.291754e-02   2.503063e-04
  9.357203e-02   1.253637e-02   2.513723e-04
  9.379389e-02   1.267469e-02   2.491098e-04
  9.401574e-02   1.209671e-02   2.459035e-04
  9.423759e-02   1.227817e-02   2.466256e-04
  9.445944e-02   1.182117e-02   2.447051e-04
  9.468129e-02   1.223444e-02   2.469400e-04
  9.490315e-02   1.187416e-02   2.465680e-04
  9.512500e-02   1.232295e-02   2.471850e-04
  9.534685e-02   1.235926e-02   2.465317e-04
  9.556871e-02   1.230375e-02   2.449145e-04
  9.579056e-02   1.160126e-02   2.438625e-04
  9.601241e-02   1.177182e-02   2.431849e-04
  9.623426e-02   1.141736e-02   2.412508e-04
  9.645611e-02   1.122284e-02   2.420197e-04
  9.667797e-02   1.155575e-02   2.440982e-04
  9.689982e-02   1.180980e-02   2.417111e-04
  9.712167e-02   1.173720e-02   2.428352e-04
  9.734352e-02   1.135406e-02   2.406627e-04
  9.756537e-02   1.160487e-02   2.419289e-04
  9.778723e-02   1.109960e-02   2.393511e-04
  9.800908e-02   1.118870e-02   2.412627e-04
  9.823093e-02   1.069626e-02   2.383196e-04
  9.845279e-02   1.124096e-02   2.375580e-04
  9.867464e-02   1.100610e-02   2.390943e-04
  9.889649e-02   1.034344e-02   2.365417e-04
  9.911834e-02   1.045000e-02   2.367967e-04
  9.934019e-02   1.040321e-02   2.370687e-04
  9.956205e-02   1.092754e-02   2.374884e-04
  9.978390e-02   1.121024e-02   2.367225e-04
  1.000058e-01   1.095548e-02   2.363372e-04
  1.002276e-01   1.038824e-02   2.344983e-04
  1.004495e-01   1.088063e-02   2.371660e-04
  1.006713e-01   1.048386e-02   2.362717e-04
  1.008932e-01   1.046858e-02   2.339160e-04
  1.011150e-01   1.017481e-02   2.319981e-04
  1.013369e-01   1.001890e-02   2.317523e-04
  1.015587e-01   1.017360e-02   2.330331e-04
  1.017806e-01   9.662109e-03   2.314582e-04
  1.020024e-01   1.026382e-02   2.340933e-04
  1.022243e-01   1.009954e-02   2.322042e-04
  1.024461e-01   1.036278e-02   2.316061e-04
  1.026680e-01   1.015085e-02   2.311924e-04
  1.028898e-01   1.004183e-02   2.309594e-04
  1.031117e-01   9.830997e-03   2.299754e-04
  1.033335e-01   9.691575e-03   2.300219e-04
  1.035554e-01   1.003328e-02   2.299793e-04
  1.037772e-01   9.473341e-03   2.284877e-04
  1.039991e-01   9.776960e-03   2.284955e-04
  1.042209e-01   9.329864e-03   2.271751e-04
  1.044428e-01   9.568319e-03   2.297701e-04
  1.046646e-01   9.529246e-03   2.276889e-04
  1.048865e-01   9.334165e-03   2.278577e-04
  1.051084e-01   9.462229e-03   2.255070e-04
  1.053302e-01   9.420574e-03   2.273399e-04
  1.055521e-01   9.237028e-03   2.254494e-04
  1.057739e-01   9.086642e-03   2.257973e-04
  1.059958e-01   9.091880e-03   2.256398e-04
  1.062176e-01   8.912479e-03   2.238986e-04
  1.064395e-01   8.987173e-03   2.246224e-04
  1.066613e-01   9.016842e-03   2.244897e-04
  1.068832e-01   8.327454e-03   2.212779e-04
  1.071050e-01   8.787957e-03   2.236883e-04
  1.073269e-01   8.763154e-03   2.228950e-04
  1.075487e-01   8.700782e-03   2.229090e-04
  1.077706e-01   8.750645e-03   2.254870e-04
  1.079924e-01   8.535384e-03   2.191986e-04
  1.082143e-01   8.715046e-03   2.226870e-04
  1.084361e-01   8.579696e-03   2.237071e-04
  1.086580e-01   8.604155e-03   2.263689e-04
  1.088798e-01   8.403834e-03   2.271782e-04
  1.091017e-01   8.710011e-03   2.294690e-04
  1.093236e-01   8.494937e-03   2.278366e-04
  1.095454e-01   8.243656e-03   2.271826e-04
  1.097672e-01   8.308693e-03   2.290845e-04
  1.099891e-01   8.262408e-03   2.300786e-04
  1.102110e-01   7.813425e-03   2.295335e-04
  1.104328e-01   7.861770e-03   2.269149e-04
  1.106547e-01   8.353947e-03   2.303923e-04
  1.108765e-01   7.982805e-03   2.291711e-04
  1.110984e-01   8.084538e-03   2.320110e-04
  1.113202e-01   8.270010e-03   2.325420e-04
  1.115421e-01   7.526676e-03   2.303799e-04
  1.117639e-01   7.640834e-03   2.310426e-04
  1.119858e-01   7.738006e-03   2.285816e-04
  1.122076e-01   7.557098e-03   2.310313e-04
  1.124295e-01   7.711763e-03   2.320048e-04
  1.126513e-01   8.089146e-03   2.350800e-04
  1.128732e-01   7.752725e-03   2.298192e-04
  1.130950e-01   7.247810e-03   2.261681e-04
  1.133169e-01   7.943198e-03   2.270442e-04
  1.135387e-01   7.585209e-03   2.259024e-04
  1.137606e-01   7.342561e-03   2.230690e-04
  1.139824e-01   7.298984e-03   2.212411e-04
  1.142043e-01   7.288321e-03   2.224685e-04
  1.144262e-01   7.412950e-03   2.209821e-04
  1.146480e-01   7.049763e-03   2.206131e-04
  1.148698e-01   7.265223e-03   2.206467e-04
  1.150917e-01   7.416320e-03   2.196985e-04
  1.153136e-01   7.569801e-03   2.202581e-04
  1.155354e-01   6.744023e-03   2.174636e-04
  1.157573e-01   6.995670e-03   2.178802e-04
  1.159791e-01   7.375751e-03   2.201929e-04
  1.162010e-01   6.883220e-03   2.153559e-04
  1.164228e-01   7.122186e-03   2.174054e-04
  1.166447e-01   6.787246e-03   2.150188e-04
  1.168665e-01   6.836289e-03   2.165714e-04
  1.170884e-01   6.820506e-03   2.149866e-04
  1.173102e-01   6.773583e-03   2.170780e-04
  1.175321e-01   6.365163e-03   2.113936e-04
  1.177539e-01   6.644635e-03   2.124142e-04
  1.179758e-01   6.460330e-03   2.129896e-04
  1.181976e-01   6.149904e-03   2.118648e-04
  1.184195e-01   6.741397e-03   2.137675e-04
  1.186413e-01   6.233935e-03   2.121091e-04
  1.188632e-01   6.462680e-03   2.123699e-04
  1.190850e-01   6.209600e-03   2.082448e-04
  1.193069e-01   6.359671e-03   2.111405e-04
  1.195288e-01   6.006334e-03   2.094190e-04
  1.197506e-01   6.399764e-03   2.103968e-04
  1.199725e-01   5.844634e-03   2.089233e-04
  1.201943e-01   5.913578e-03   2.092830e-04
  1.204162e-01   6.223779e-03   2.085381e-04
  1.206380e-01   6.222193e-03   2.094116e-04
  1.208599e-01   5.655070e-03   2.073186e-04
  1.210817e-01   6.028109e-03   2.066042e-04
  1.213036e-01   5.838270e-03   2.070553e-04
  1.215254e-01   6.083320e-03   2.081306e-04
  1.217473e-01   5.215414e-03   2.041269e-04
  1.219691e-01   5.983484e-03   2.065760e-04
  1.221910e-01   5.259380e-03   2.044648e-04
  1.224128e-01   5.785423e-03   2.064313e-04
  1.226347e-01   5.908375e-03   2.050974e-04
  1.228565e-01   5.601845e-03   2.048083e-04
  1.230784e-01   6.214996e-03   2.077246e-04
  1.233002e-01   5.615750e-03   2.038593e-04
  1.235221e-01   5.431883e-03   2.030189e-04
  1.237440e-01   5.611399e-03   2.037613e-04
  1.239658e-01   5.275651e-03   2.017525e-04
  1.241876e-01   5.438096e-03   2.038985e-04
  1.244095e-01   5.391596e-03   2.033913e-04
  1.246314e-01   5.668971e-03   2.027971e-04
  1.248532e-01   5.384528e-03   1.999562e-04
  1.250751e-01   5.522433e-03   2.032147e-04
  1.252969e-01   4.819594e-03   1.991996e-04
  1.255188e-01   5.328082e-03   2.017828e-04
  1.257406e-01   5.316434e-03   2.017910e-04
  1.259625e-01   5.343517e-03   2.001649e-04
  1.261843e-01   5.346656e-03   2.002461e-04
  1.264062e-01   5.136776e-03   2.000069e-04
  1.266280e-01   5.290942e-03   2.014248e-04
  1.268499e-01   5.109735e-03   1.994485e-04
  1.270717e-01   5.261709e-03   2.010995e-04
  1.272936e-01   4.983618e-03   1.968090e-04
  1.275154e-01   4.961537e-03   1.988596e-04
  1.277373e-01   5.085194e-03   1.992896e-04
  1.279591e-01   4.618690e-03   1.990411e-04
  1.281810e-01   4.941848e-03   1.982982e-04
  1.284029e-01   4.997462e-03   1.994668e-04
  1.286247e-01   4.506202e-03   1.969872e-04
  1.288466e-01   4.561031e-03   1.968812e-04
  1.290684e-01   4.586863e-03   1.978606e-04
  1.292902e-01   4.625895e-03   1.965643e-04
  1.295121e-01   4.821814e-03   1.979418e-04
  1.297340e-01   4.556135e-03   1.964197e-04
  1.299558e-01   4.691712e-03   1.972495e-04
  1.301777e-01   4.665104e-03   1.972353e-04
  1.303995e-01   4.492305e-03   1.959306e-04
  1.306214e-01   4.433699e-03   1.956498e-04
  1.308432e-01   4.554547e-03   1.956380e-04
  1.310651e-01   4.463119e-03   1.968138e-04
  1.312869e-01   4.253603e-03   1.955604e-04
  1.315088e-01   4.347239e-03   1.959413e-04
  1.317306e-01   4.231074e-03   1.938603e-04
  1.319525e-01   4.557548e-03   1.941044e-04
  1.321743e-01   4.737464e-03   1.966557e-04
  1.323962e-01   4.255736e-03   1.953793e-04
  1.326180e-01   4.744400e-03   1.962685e-04
  1.328399e-01   4.321976e-03   1.945481e-04
  1.330617e-01   4.042919e-03   1.935419e-04
  1.332836e-01   4.071528e-03   1.935966e-04
  1.335054e-01   4.328926e-03   1.964912e-04
  1.337273e-01   4.099698e-03   1.932927e-04
  1.339491e-01   4.410685e-03   1.957000e-04
  1.341710e-01   4.007899e-03   1.941836e-04
  1.343929e-01   4.128716e-03   1.923649e-04
  1.346147e-01   3.883480e-03   1.923536e-04
  1.348366e-01   4.090721e-03   1.950613e-04
  1.350584e-01   3.864924e-03   1.933300e-04
  1.352803e-01   3.949413e-03   1.927170e-04
  1.355021e-01   3.872491e-03   1.926515e-04
  1.357240e-01   3.961780e-03   1.921155e-04
  1.359458e-01   3.747383e-03   1.922491e-04
  1.361677e-01   3.706401e-03   1.922750e-04
  1.363895e-01   3.798501e-03   1.916275e-04
  1.366114e-01   3.648845e-03   1.912964e-04
  1.368332e-01   3.549396e-03   1.916772e-04
  1.370551e-01   3.669411e-03   1.913522e-04
  1.372769e-01   3.824214e-03   1.932137e-04
  1.374988e-01   3.568602e-03   1.901431e-04
  1.377206e-01   4.122172e-03   1.933067e-04
  1.379425e-01   3.384437e-03   1.892581e-04
  1.381643e-01   3.228575e-03   1.901552e-04
  1.383862e-01   3.873157e-03   1.913836e-04
  1.386081e-01   3.602958e-03   1.910369e-04
  1.388299e-01   3.408053e-03   1.894608e-04
  1.390518e-01   3.665889e-03   1.908251e-04
  1.392736e-01   3.636244e-03   1.908025e-04
  1.394955e-01   3.362490e-03   1.902674e-04
  1.397173e-01   3.512086e-03   1.905014e-04
  1.399392e-01   3.565090e-03   1.888146e-04
  1.401610e-01   3.425445e-03   1.899792e-04
  1.403829e-01   3.348071e-03   1.885638e-04
  1.406047e-01   3.361516e-03   1.905266e-04
  1.408266e-01   3.305154e-03   1.881605e-04
  1.410484e-01   3.735787e-03   1.908314e-04
  1.412703e-01   3.300133e-03   1.891152e-04
  1.414921e-01   3.221324e-03   1.875024e-04
  1.417140e-01   3.455706e-03   1.886468e-04
  1.419358e-01   3.220826e-03   1.886139e-04
  1.421577e-01   3.348345e-03   1.888176e-04
  1.423795e-01   3.093221e-03   1.880371e-04
  1.426014e-01   3.108600e-03   1.870676e-04
  1.428232e-01   3.293969e-03   1.877813e-04
  1.430451e-01   2.995988e-03   1.881082e-04
  1.432670e-01   3.222280e-03   1.872433e-04
  1.434888e-01   3.137621e-03   1.878650e-04
  1.437106e-01   3.170828e-03   1.876201e-04
  1.439325e-01   2.964134e-03   1.875911e-04
  1.441544e-01   3.370864e-03   1.879342e-04
  1.443762e-01   3.247256e-03   1.884166e-04
  1.445981e-01   2.979257e-03   1.872280e-04
  1.448199e-01   2.995743e-03   1.853709e-04
  1.450418e-01   2.980165e-03   1.866862e-04
  1.452636e-01   3.398274e-03   1.888495e-04
  1.454855e-01   2.831973e-03   1.852868e-04
  1.457073e-01   2.863897e-03   1.859198e-04
  1.459292e-01   2.540397e-03   1.856017e-04
  1.461510e-01   2.727929e-03   1.855881e-04
  1.463729e-01   3.051095e-03   1.864533e-04
  1.465947e-01   2.739788e-03   1.860248e-04
  1.468166e-01   2.983357e-03   1.864337e-04
  1.470384e-01   2.637292e-03   1.838340e-04
  1.472603e-01   2.929477e-03   1.854675e-04
  1.474821e-01   2.922353e-03   1.852820e-04
  1.477040e-01   2.716877e-03   1.852136e-04
  1.479258e-01   2.553612e-03   1.852577e-04
  1.481477e-01   2.803932e-03   1.855849e-04
  1.483695e-01   2.491475e-03   1.841387e-04
  1.485914e-01   2.968093e-03   1.851811e-04
  1.488133e-01   2.631007e-03   1.845561e-04
  1.490351e-01   2.680208e-03   1.841380e-04
  1.492570e-01   2.561521e-03   1.841888e-04
  1.494788e-01   2.277528e-03   1.834549e-04
  1.497007e-01   2.315384e-03   1.834319e-04
  1.499225e-01   2.740922e-03   1.840203e-04
  1.501444e-01   2.707711e-03   1.848752e-04
  1.503662e-01   2.440032e-03   1.847684e-04
  1.505881e-01   2.063349e-03   1.815524e-04
  1.508099e-01   2.598998e-03   1.841320e-04
  1.510318e-01   2.143716e-03   1.822214e-04
  1.512536e-01   2.421808e-03   1.828641e-04
  1.514755e-01   2.246275e-03   1.834719e-04
  1.516973e-01   2.501412e-03   1.828660e-04
  1.519192e-01   2.723773e-03   1.835932e-04
  1.521410e-01   2.567081e-03   1.841458e-04
  1.523629e-01   2.458101e-03   1.825414e-04
  1.525847e-01   2.440112e-03   1.833366e-04
  1.528066e-01   2.342642e-03   1.820929e-04
  1.530285e-01   2.147825e-03   1.818574e-04
  1.532503e-01   2.080581e-03   1.816892e-04
  1.534722e-01   2.646684e-03   1.833421e-04
  1.536940e-01   2.293056e-03   1.825227e-04
  1.539159e-01   2.495494e-03   1.826485e-04
  1.541377e-01   1.967268e-03   1.812984e-04
  1.543596e-01   2.162260e-03   1.809526e-04
  1.545814e-01   2.236769e-03   1.812114e-04
  1.548033e-01   2.776769e-03   1.826735e-04
  1.550251e-01   2.004605e-03   1.823104e-04
  1.552470e-01   2.425922e-03   1.815634e-04
  1.554688e-01   1.871653e-03   1.802985e-04
  1.556907e-01   2.154518e-03   1.816036e-04
  1.559125e-01   2.171114e-03   1.815511e-04
  1.561344e-01   2.016077e-03   1.796810e-04
  1.563562e-01   2.268700e-03   1.820515e-04
  1.565781e-01   2.117572e-03   1.806371e-04
  1.567999e-01   2.382502e-03   1.810531e-04
  1.570218e-01   2.123434e-03   1.811479e-04
  1.572436e-01   1.813543e-03   1.799754e-04
  1.574655e-01   1.892697e-03   1.792703e-04
  1.576874e-01   2.138620e-03   1.805524e-04
  1.579092e-01   2.025521e-03   1.802298e-04
  1.581310e-01   2.359308e-03   1.809919e-04
  1.583529e-01   2.017015e-03   1.800618e-04
  1.585748e-01   2.138280e-03   1.808238e-04
  1.587966e-01   2.029591e-03   1.796912e-04
  1.590185e-01   2.038389e-03   1.793335e-04
  1.592403e-01   1.998880e-03   1.806232e-04
  1.594622e-01   1.968841e-03   1.792102e-04
  1.596840e-01   2.072265e-03   1.804882e-04
  1.599059e-01   2.069714e-03   1.789105e-04
  1.601277e-01   1.969536e-03   1.791503e-04
  1.603496e-01   2.019804e-03   1.797206e-04
  1.605714e-01   1.840142e-03   1.789749e-04
  1.607933e-01   1.954898e-03   1.800680e-04
  1.610151e-01   1.846334e-03   1.791651e-04
  1.612370e-01   2.156717e-03   1.794502e-04
  1.614588e-01   2.180768e-03   1.784533e-04
  1.616807e-01   2.353485e-03   1.805445e-04
  1.619025e-01   2.144325e-03   1.797988e-04
  1.621244e-01   1.803169e-03   1.786842e-04
  1.623462e-01   2.226240e-03   1.793313e-04
  1.625681e-01   1.765879e-03   1.785661e-04
  1.627899e-01   1.327958e-03   1.763256e-04
  1.630118e-01   2.098729e-03   1.796116e-04
  1.632337e-01   1.960970e-03   1.789362e-04
  1.634555e-01   1.616274e-03   1.775003e-04
  1.636774e-01   1.679320e-03   1.777321e-04
  1.638992e-01   1.672614e-03   1.771144e-04
  1.641211e-01   1.653170e-03   1.784612e-04
  1.643429e-01   1.405768e-03   1.793289e-04
  1.645648e-01   1.751745e-03   1.811295e-04
  1.647866e-01   1.776593e-03   1.822144e-04
  1.650085e-01   1.922463e-03   1.839974e-04
  1.652303e-01   1.567227e-03   1.838249e-04
  1.654522e-01   1.451164e-03   1.837545e-04
  1.656740e-01   1.411273e-03   1.850587e-04
  1.658959e-01   1.521373e-03   1.850236e-04
  1.661177e-01   1.980046e-03   1.873390e-04
  1.663396e-01   1.518173e-03   1.874742e-04
  1.665614e-01   1.875740e-03   1.885189e-04
  1.667833e-01   1.868504e-03   1.893167e-04
  1.670051e-01   1.727364e-03   1.884727e-04
  1.672270e-01   1.907322e-03   1.898995e-04
  1.674489e-01   1.954055e-03   1.889077e-04
  1.676707e-01   1.547742e-03   1.896714e-04
  1.678926e-01   1.631038e-03   1.909539e-04
  1.681144e-01   1.615954e-03   1.901513e-04
  1.683363e-01   1.765718e-03   1.914314e-04
  1.685581e-01   1.668890e-03   1.902407e-04
  1.687800e-01   1.593571e-03   1.896331e-04
  1.690018e-01   1.498169e-03   1.888180e-04
  1.692237e-01   1.846082e-03   1.880045e-04
  1.694455e-01   1.370598e-03   1.857244e-04
  1.696674e-01   1.459551e-03   1.852947e-04
  1.698892e-01   1.579423e-03   1.847238e-04
  1.701111e-01   1.702816e-03   1.848399e-04
  1.703329e-01   1.491647e-03   1.864771e-04
  1.705548e-01   1.671992e-03   1.833047e-04
  1.707766e-01   1.474712e-03   1.834970e-04
  1.709985e-01   1.897168e-03   1.827204e-04
  1.712203e-01   1.345863e-03   1.823446e-04
  1.714422e-01   1.881103e-03   1.846560e-04
  1.716640e-01   1.501260e-03   1.825946e-04
  1.718859e-01   1.740740e-03   1.850450e-04
  1.721078e-01   1.604806e-03   1.811480e-04
  1.723296e-01   1.467215e-03   1.820372e-04
  1.725514e-01   1.538691e-03   1.817078e-04
  1.727733e-01   1.514605e-03   1.808977e-04
  1.729952e-01   1.342807e-03   1.810949e-04
  1.732170e-01   1.564981e-03   1.816781e-04
  1.734389e-01   1.859047e-03   1.825318e-04
  1.736607e-01   1.375280e-03   1.810917e-04
  1.738826e-01   1.442777e-03   1.814995e-04
  1.741044e-01   1.590972e-03   1.798675e-04
  1.743263e-01   1.571242e-03   1.808990e-04
  1.745481e-01   1.295487e-03   1.800296e-04
  1.747700e-01   1.545482e-03   1.800477e-04
  1.749918e-01   1.498255e-03   1.800903e-04
  1.752137e-01   1.597516e-03   1.800172e-04
  1.754355e-01   1.260560e-03   1.781888e-04
  1.756574e-01   1.388753e-03   1.786769e-04
  1.758792e-01   1.423068e-03   1.797275e-04
  1.761011e-01   1.670222e-03   1.804697e-04
  1.763229e-01   1.752511e-03   1.794301e-04
  1.765448e-01   1.322970e-03   1.777602e-04
  1.767666e-01   1.109546e-03   1.765112e-04
  1.769885e-01   1.385487e-03   1.774444e-04
  1.772103e-01   1.354778e-03   1.786825e-04
  1.774322e-01   1.433639e-03   1.789066e-04
  1.776541e-01   1.291065e-03   1.774424e-04
  1.778759e-01   1.244563e-03   1.763360e-04
  1.780978e-01   1.616320e-03   1.783596e-04
  1.783196e-01   1.463554e-03   1.772838e-04
  1.785415e-01   1.402169e-03   1.775205e-04
  1.787633e-01   1.480527e-03   1.780393e-04
  1.789852e-01   1.428952e-03   1.776804e-04
  1.792070e-01   1.449842e-03   1.765777e-04
  1.794289e-01   1.360314e-03   1.773875e-04
  1.796507e-01   1.264477e-03   1.760078e-04
  1.798726e-01   1.376025e-03   1.764917e-04
  1.800944e-01   1.727338e-03   1.794269e-04
  1.803163e-01   1.159327e-03   1.744511e-04
  1.805381e-01   1.439976e-03   1.766824e-04
  1.807600e-01   1.146701e-03   1.746220e-04
  1.809818e-01   1.216374e-03   1.757065e-04
  1.812037e-01   1.400975e-03   1.761343e-04
  1.814255e-01   1.186136e-03   1.749981e-04
  1.816474e-01   1.006416e-03   1.747261e-04
  1.818693e-01   1.083691e-03   1.746172e-04
  1.820911e-01   1.248728e-03   1.743734e-04
  1.823130e-01   1.700778e-03   1.760431e-04
  1.825348e-01   1.395973e-03   1.759821e-04
  1.827567e-01   1.186986e-03   1.740095e-04
  1.829785e-01   1.039255e-03   1.760255e-04
  1.832004e-01   1.599972e-03   1.759337e-04
  1.834222e-01   1.331248e-03   1.754446e-04
  1.836441e-01   9.234370e-04   1.741585e-04
  1.838659e-01   1.466621e-03   1.745117e-04
  1.840878e-01   1.261880e-03   1.740871e-04
  1.843096e-01   1.272450e-03   1.768186e-04
  1.845315e-01   1.140627e-03   1.738701e-04
  1.847533e-01   1.069967e-03   1.739977e-04
  1.849752e-01   8.756784e-04   1.729547e-04
  1.851970e-01   1.038044e-03   1.737105e-04
  1.854189e-01   1.219782e-03   1.746340e-04
  1.856407e-01   1.194108e-03   1.756146e-04
  1.858626e-01   1.152154e-03   1.741031e-04
  1.860844e-01   1.253468e-03   1.737566e-04
  1.863063e-01   1.368843e-03   1.744558e-04
  1.865282e-01   1.115060e-03   1.742506e-04
  1.867500e-01   1.229113e-03   1.757014e-04
  1.869718e-01   1.121173e-03   1.734727e-04
  1.871937e-01   1.370039e-03   1.757771e-04
  1.874156e-01   1.226695e-03   1.726001e-04
  1.876374e-01   1.067628e-03   1.736379e-04
  1.878593e-01   9.338770e-04   1.729045e-04
  1.880811e-01   9.030140e-04   1.736229e-04
  1.883030e-01   1.125599e-03   1.737858e-04
  1.885248e-01   1.039254e-03   1.733660e-04
  1.887467e-01   9.505576e-04   1.733356e-04
  1.889685e-01   1.003704e-03   1.727858e-04
  1.891904e-01   7.721726e-04   1.719039e-04
  1.894122e-01   1.023141e-03   1.734785e-04
  1.896341e-01   1.183013e-03   1.724891e-04
  1.898559e-01   1.256245e-03   1.745188e-04
  1.900778e-01   1.183870e-03   1.747657e-04
  1.902996e-01   1.062863e-03   1.730105e-04
  1.905215e-01   1.141909e-03   1.731830e-04
  1.907433e-01   1.132360e-03   1.736549e-04
  1.909652e-01   1.061171e-03   1.727300e-04
  1.911870e-01   1.206263e-03   1.746159e-04
  1.914089e-01   1.308566e-03   1.760564e-04
  1.916307e-01   1.084371e-03   1.738382e-04
  1.918526e-01   1.222226e-03   1.745771e-04
  1.920745e-01   1.015448e-03   1.744139e-04
  1.922963e-01   1.335733e-03   1.755459e-04
  1.925182e-01   8.971326e-04   1.746385e-04
  1.927400e-01   9.605418e-04   1.762477e-04
  1.929619e-01   1.272127e-03   1.755934e-04
  1.931837e-01   7.790886e-04   1.740070e-04
  1.934056e-01   1.059936e-03   1.757499e-04
  1.936274e-01   1.215453e-03   1.759605e-04
  1.938493e-01   8.799832e-04   1.760925e-04
  1.940711e-01   1.169534e-03   1.772677e-04
  1.942930e-01   8.975594e-04   1.752935e-04
  1.945148e-01   1.123755e-03   1.748043e-04
  1.947367e-01   8.905624e-04   1.758376e-04
  1.949585e-01   1.006661e-03   1.763265e-04
  1.951804e-01   1.144658e-03   1.760984e-04
  1.954022e-01   9.491766e-04   1.761819e-04
  1.956241e-01   8.327660e-04   1.751709e-04
  1.958459e-01   1.139476e-03   1.760952e-04
  1.960678e-01   1.138804e-03   1.767765e-04
  1.962897e-01   1.313629e-03   1.765601e-04
  1.965115e-01   1.427368e-03   1.785541e-04
  1.967334e-01   1.156174e-03   1.763662e-04
  1.969552e-01   7.926900e-04   1.768739e-04
  1.971771e-01   1.238344e-03   1.777604e-04
  1.973989e-01   8.765906e-04   1.749424e-04
  1.976208e-01   8.537468e-04   1.760303e-04
  1.978426e-01   8.983188e-04   1.751607e-04
  1.980645e-01   8.049166e-04   1.754378e-04
  1.982863e-01   1.200381e-03   1.769226e-04
  1.985082e-01   1.070927e-03   1.771644e-04
  1.987300e-01   9.095958e-04   1.754157e-04
  1.989519e-01   9.067506e-04   1.761306e-04
  1.991737e-01   1.001615e-03   1.754804e-04
  1.993956e-01   1.140189e-03   1.770082e-04
  1.996174e-01   9.695760e-04   1.774041e-04
  1.998393e-01   1.044571e-03   1.769393e-04
  2.000611e-01   1.232589e-03   1.770512e-04
  2.002830e-01   1.154514e-03   1.765343e-04
  2.005048e-01   1.040546e-03   1.768111e-04
  2.007267e-01   1.127181e-03   1.771904e-04
  2.009486e-01   8.521854e-04   1.775450e-04
  2.011704e-01   9.303744e-04   1.768191e-04
  2.013922e-01   5.654052e-04   1.748818e-04
  2.016141e-01   1.050818e-03   1.767417e-04
  2.018360e-01   9.255686e-04   1.765510e-04
  2.020578e-01   8.487680e-04   1.760140e-04
  2.022797e-01   8.953942e-04   1.770970e-04
  2.025015e-01   9.132414e-04   1.786714e-04
  2.027234e-01   8.515930e-04   1.764345e-04
  2.029452e-01   7.986546e-04   1.772325e-04
  2.031671e-01   1.008459e-03   1.787700e-04
  2.033889e-01   7.084254e-04   1.768524e-04
  2.036108e-01   8.208570e-04   1.778182e-04
  2.038326e-01   9.498198e-04   1.792649e-04
  2.040545e-01   8.865998e-04   1.793140e-04
  2.042763e-01   7.861902e-04   1.781220e-04
  2.044982e-01   8.193566e-04   1.786822e-04
  2.047200e-01   1.017628e-03   1.796158e-04
  2.049419e-01   1.269899e-03   1.800769e-04
  2.051637e-01   7.514368e-04   1.803920e-04
  2.053856e-01   8.255810e-04   1.804096e-04
  2.056074e-01   9.424934e-04   1.797625e-04
  2.058293e-01   8.649684e-04   1.794481e-04
  2.060511e-01   7.356376e-04   1.795368e-04
  2.062730e-01   7.904120e-04   1.803040e-04
  2.064949e-01   8.725580e-04   1.805705e-04
  2.067167e-01   6.617950e-04   1.813185e-04
  2.069386e-01   7.976360e-04   1.801833e-04
  2.071604e-01   9.074660e-04   1.803993e-04
  2.073823e-01   8.503636e-04   1.798379e-04
  2.076041e-01   8.261574e-04   1.801223e-04
  2.078260e-01   8.128532e-04   1.806340e-04
  2.080478e-01   6.427116e-04   1.797965e-04
  2.082697e-01   2.697822e-04   1.789845e-04
  2.084915e-01   7.681956e-04   1.795167e-04
  2.087134e-01   1.306080e-03   1.821700e-04
  2.089352e-01   7.666192e-04   1.812524e-04
  2.091571e-01   1.054157e-03   1.810230e-04
  2.093789e-01   8.057698e-04   1.817186e-04
  2.096008e-01   8.883036e-04   1.815332e-04
  2.098226e-01   7.616218e-04   1.809007e-04
  2.100445e-01   4.932840e-04   1.809819e-04
  2.102663e-01   8.550286e-04   1.812877e-04
  2.104882e-01   9.188428e-04   1.812459e-04
  2.107101e-01   1.037135e-03   1.826943e-04
  2.109319e-01   1.006103e-03   1.833370e-04
  2.111538e-01   8.659740e-04   1.814314e-04
  2.113756e-01   8.164216e-04   1.822409e-04
  2.115975e-01   9.656292e-04   1.810716e-04
  2.118193e-01   1.009398e-03   1.831767e-04
  2.120412e-01   7.914068e-04   1.817332e-04
  2.122630e-01   8.335120e-04   1.832389e-04
  2.124849e-01   7.565632e-04   1.831104e-04
  2.127067e-01   5.785032e-04   1.810657e-04
  2.129286e-01   6.857526e-04   1.817555e-04
  2.131504e-01   1.122690e-03   1.836526e-04
  2.133723e-01   6.805468e-04   1.825006e-04
  2.135941e-01   7.581852e-04   1.842096e-04
  2.138160e-01   5.281410e-04   1.834870e-04
  2.140378e-01   8.328442e-04   1.824191e-04
  2.142597e-01   5.653232e-04   1.819656e-04
  2.144815e-01   7.774706e-04   1.833565e-04
  2.147034e-01   8.530914e-04   1.831226e-04
  2.149252e-01   3.775604e-04   1.818784e-04
  2.151471e-01   6.073222e-04   1.832731e-04
  2.153690e-01   7.501018e-04   1.838964e-04
  2.155908e-01   6.873898e-04   1.824875e-04
  2.158126e-01   9.097362e-04   1.833501e-04
  2.160345e-01   9.045366e-04   1.850754e-04
  2.162564e-01   5.451902e-04   1.818550e-04
  2.164782e-01   5.832698e-04   1.846260e-04
  2.167001e-01   8.393352e-04   1.833138e-04
  2.169219e-01   5.536928e-04   1.832188e-04
  2.171438e-01   6.232446e-04   1.843332e-04
  2.173656e-01   6.587158e-04   1.824045e-04
  2.175875e-01   4.213912e-04   1.841814e-04
  2.178093e-01   7.407244e-04   1.838523e-04
  2.180312e-01   4.714190e-04   1.840903e-04
  2.182530e-01   5.385358e-04   1.834995e-04
  2.184749e-01   7.408948e-04   1.835987e-04
  2.186967e-01   5.621898e-04   1.840723e-04
  2.189186e-01   7.755270e-04   1.841707e-04
  2.191404e-01   5.268288e-04   1.835516e-04
  2.193623e-01   7.763416e-04   1.867468e-04
  2.195841e-01   6.952306e-04   1.834111e-04
  2.198060e-01   6.913094e-04   1.839740e-04
  2.200278e-01   6.609138e-04   1.842523e-04
  2.202497e-01   8.548368e-04   1.874069e-04
  2.204715e-01   6.955570e-04   1.894592e-04
  2.206934e-01   7.844200e-04   1.913255e-04
  2.209153e-01   4.806432e-04   1.921151e-04
  2.211371e-01   7.352314e-04   1.933640e-04
  2.213590e-01   6.639224e-04   1.940376e-04
  2.215808e-01   6.941722e-04   1.957323e-04
  2.218027e-01   7.739760e-04   1.973916e-04
  2.220245e-01   9.526472e-04   1.975676e-04
  2.222464e-01   8.853490e-04   1.998050e-04
  2.224682e-01   9.456064e-04   1.994198e-04
  2.226901e-01   4.221648e-04   1.995246e-04
  2.229119e-01   5.890404e-04   2.013612e-04
  2.231338e-01   7.060694e-04   2.019666e-04
  2.233556e-01   8.386426e-04   2.028584e-04
  2.235775e-01   8.048354e-04   2.048646e-04
  2.237993e-01   6.983994e-04   2.030387e-04
  2.240212e-01   9.270886e-04   2.057338e-04
  2.242430e-01   6.891264e-04   2.068894e-04
  2.244649e-01   1.676652e-04   2.049295e-04
  2.246867e-01   3.460878e-04   2.033315e-04
  2.249086e-01   1.087937e-03   2.032473e-04
  2.251305e-01   5.167740e-04   2.012220e-04
  2.253523e-01   1.069728e-03   2.003731e-04
  2.255742e-01   8.163224e-04   1.983859e-04
  2.257960e-01   7.213800e-04   1.987288e-04
  2.260179e-01   7.812754e-04   1.969292e-04
  2.262397e-01   9.443024e-04   1.991600e-04
  2.264616e-01   5.604448e-04   1.985126e-04
  2.266834e-01   7.353772e-04   1.947223e-04
  2.269053e-01   1.161652e-03   1.970926e-04
  2.271271e-01   4.521834e-04   1.947389e-04
  2.273490e-01   5.276000e-04   1.947007e-04
  2.275708e-01   1.076010e-03   1.982296e-04
  2.277927e-01   5.798034e-04   1.953149e-04
  2.280145e-01   4.000706e-04   1.944396e-04
  2.282364e-01   9.086898e-04   1.942981e-04
  2.284582e-01   5.403324e-04   1.925339e-04
  2.286801e-01   7.119480e-04   1.937275e-04
  2.289019e-01   5.231820e-04   1.940217e-04
  2.291238e-01   5.857960e-04   1.929692e-04
  2.293456e-01   8.048566e-04   1.943234e-04
  2.295675e-01   5.514412e-04   1.908776e-04
  2.297894e-01   4.931854e-04   1.923421e-04
  2.300112e-01   3.172786e-04   1.912937e-04
  2.302330e-01   1.114184e-03   1.931152e-04
  2.304549e-01   5.029134e-04   1.928746e-04
  2.306768e-01   8.633340e-04   1.940978e-04
  2.308986e-01   7.686454e-04   1.922417e-04
  2.311205e-01   6.071460e-04   1.916756e-04
  2.313423e-01   6.004440e-04   1.911042e-04
  2.315642e-01   9.273104e-04   1.916554e-04
  2.317860e-01   6.326928e-04   1.925980e-04
  2.320079e-01   8.131364e-04   1.938354e-04
  2.322297e-01   6.905352e-04   1.914245e-04
  2.324516e-01   6.799106e-04   1.905970e-04
  2.326734e-01   8.090688e-04   1.930610e-04
  2.328953e-01   5.400792e-04   1.916099e-04
  2.331171e-01   5.833386e-04   1.914191e-04
  2.333390e-01   7.413208e-04   1.923524e-04
  2.335608e-01   7.735966e-04   1.934267e-04
  2.337827e-01   3.814572e-04   1.908906e-04
  2.340045e-01   7.918450e-04   1.923999e-04
  2.342264e-01   8.627386e-04   1.922655e-04
  2.344482e-01   5.221760e-04   1.909678e-04
  2.346701e-01   7.669190e-04   1.930385e-04
  2.348919e-01   4.983188e-04   1.924584e-04
  2.351138e-01   6.574342e-04   1.909396e-04
  2.353357e-01   6.705214e-04   1.915761e-04
  2.355575e-01   6.589604e-04   1.919110e-04
  2.357794e-01   8.635162e-04   1.930898e-04
  2.360012e-01   2.498174e-04   1.911177e-04
  2.362231e-01   1.160857e-03   1.951511e-04
  2.364449e-01   7.752584e-04   1.932334e-04
  2.366668e-01   9.299274e-04   1.921576e-04
  2.368886e-01   6.067086e-04   1.911516e-04
  2.371105e-01   6.886872e-04   1.930495e-04
  2.373323e-01   6.617372e-04   1.920348e-04
  2.375542e-01   4.539640e-04   1.929524e-04
  2.377760e-01   3.600544e-04   1.912945e-04
  2.379979e-01   1.021181e-03   1.933286e-04
  2.382197e-01   4.301076e-04   1.914086e-04
  2.384416e-01   5.503608e-04   1.919328e-04
  2.386634e-01   6.649214e-04   1.920434e-04
  2.388853e-01   4.420414e-04   1.916567e-04
  2.391071e-01   6.896920e-04   1.939178e-04
  2.393290e-01   5.752744e-04   1.921721e-04
  2.395509e-01   5.917588e-04   1.911175e-04
  2.397727e-01   6.229682e-04   1.918236e-04
  2.399946e-01   4.027234e-04   1.916704e-04
  2.402164e-01   2.699142e-04   1.914970e-04
  2.404383e-01   4.203414e-04   1.935765e-04
  2.406601e-01   8.509704e-04   1.927626e-04
  2.408820e-01   5.211138e-04   1.910467e-04
  2.411038e-01   5.361550e-04   1.917216e-04
  2.413257e-01   4.497584e-04   1.920767e-04
  2.415475e-01   5.370490e-04   1.924495e-04
  2.417694e-01   1.925146e-04   1.911550e-04
  2.419912e-01   4.437044e-04   1.921736e-04
  2.422131e-01   8.215644e-04   1.932060e-04
  2.424349e-01   5.038418e-04   1.909597e-04
  2.426568e-01   7.959060e-04   1.931076e-04
  2.428786e-01   1.675308e-04   1.909152e-04
  2.431005e-01   9.356766e-04   1.933388e-04
  2.433223e-01   6.304700e-04   1.949269e-04
  2.435442e-01   3.177608e-04   1.898154e-04
  2.437660e-01   6.216710e-04   1.919812e-04
  2.439879e-01   5.522932e-04   1.924766e-04
  2.442098e-01   6.398300e-04   1.918713e-04
  2.444316e-01   3.326468e-04   1.919044e-04
  2.446534e-01   6.436720e-04   1.935974e-04
  2.448753e-01   7.778166e-04   1.922190e-04
  2.450972e-01   5.285078e-04   1.926550e-04
  2.453190e-01   9.011414e-04   1.932663e-04
  2.455409e-01   5.148462e-04   1.914603e-04
  2.457627e-01   6.133772e-04   1.925712e-04
  2.459846e-01   3.244138e-04   1.919454e-04
  2.462064e-01   5.333424e-04   1.934569e-04
  2.464283e-01   1.178750e-04   1.903952e-04
  2.466501e-01   4.904818e-04   1.916925e-04
  2.468720e-01   3.238814e-04   1.918431e-04
  2.470938e-01   6.299894e-04   1.915536e-04
  2.473157e-01   2.634300e-04   1.914065e-04
  2.475375e-01   3.392170e-04   1.938030e-04
  2.477594e-01   6.146238e-04   1.922369e-04
  2.479812e-01   3.358464e-04   1.915333e-04
  2.482031e-01   7.193366e-04   1.920908e-04
  2.484249e-01   6.553738e-04   1.925477e-04
  2.486468e-01   4.753500e-04   1.928995e-04
  2.488686e-01   5.839010e-04   1.923905e-04
  2.490905e-01   2.360842e-04   1.923297e-04
  2.493123e-01   6.272194e-04   1.919581e-04
  2.495342e-01   3.271294e-04   1.917073e-04
  2.497561e-01   5.739836e-04   1.924365e-04
  2.499779e-01   2.979982e-04   1.919258e-04
  2.501998e-01   6.819112e-04   1.926008e-04
  2.504216e-01   5.230872e-04   1.938413e-04
  2.506435e-01   6.879010e-04   1.922214e-04
  2.508653e-01   5.275638e-04   1.924304e-04
  2.510872e-01   1.208622e-03   1.936934e-04
  2.513090e-01   7.792946e-04   1.929629e-04
  2.515309e-01   6.495938e-04   1.937177e-04
  2.517527e-01   7.548516e-04   1.931419e-04
  2.519746e-01   1.270508e-04   1.895747e-04
  2.521964e-01   5.580128e-04   1.907538e-04
  2.524183e-01   5.102536e-04   1.911787e-04
  2.526401e-01   4.065750e-04   1.920809e-04
  2.528620e-01   2.892476e-04   1.906547e-04
  2.530838e-01   1.232546e-04   1.904443e-04
  2.533057e-01   4.179982e-04   1.924689e-04
  2.535275e-01   5.846650e-04   1.895606e-04
  2.537494e-01   3.325834e-04   1.909303e-04
  2.539712e-01   6.271638e-04   1.901486e-04
  2.541931e-01   3.342960e-04   1.905492e-04
  2.544149e-01   3.238604e-04   1.918030e-04
  2.546368e-01   6.357278e-04   1.926412e-04
  2.548587e-01   4.647018e-04   1.906467e-04
  2.550805e-01   5.579256e-04   1.907367e-04
  2.553024e-01   4.431784e-04   1.899900e-04
  2.555242e-01   4.567218e-04   1.907669e-04
  2.557461e-01   6.221096e-04   1.916193e-04
  2.559679e-01   5.691886e-04   1.927725e-04
  2.561898e-01   4.944916e-04   1.922373e-04
  2.564116e-01   6.588724e-04   1.903572e-04
  2.566335e-01   5.059412e-04   1.916321e-04
  2.568553e-01   5.907276e-04   1.908210e-04
  2.570772e-01   3.030178e-04   1.905977e-04
  2.572990e-01   5.832096e-04   1.923817e-04
  2.575209e-01   4.419982e-04   1.918844e-04
  2.577427e-01   3.614640e-04   1.901211e-04
  2.579646e-01   4.176796e-04   1.914585e-04
  2.581864e-01   6.180998e-04   1.905811e-04
  2.584083e-01   4.819034e-04   1.917839e-04
  2.586302e-01   3.037490e-04   1.909236e-04
  2.588520e-01   3.483084e-04   1.920280e-04
  2.590738e-01   7.294448e-04   1.924922e-04
  2.592957e-01   5.644020e-04   1.895381e-04
  2.595175e-01   7.922968e-04   1.927568e-04
  2.597394e-01   7.167766e-04   1.916578e-04
  2.599613e-01   4.788556e-04   1.903427e-04
  2.601831e-01   5.139152e-04   1.921822e-04
  2.604050e-01   3.987568e-04   1.897816e-04
  2.606268e-01   5.075530e-04   1.902206e-04
  2.608487e-01   4.925840e-04   1.909309e-04
  2.610705e-01   5.538978e-04   1.894609e-04
  2.612924e-01   2.375014e-04   1.896940e-04
  2.615142e-01   4.391580e-04   1.909597e-04
  2.617361e-01   1.762634e-04   1.899688e-04
  2.619579e-01   4.678792e-04   1.906645e-04
  2.621798e-01   6.536050e-04   1.899516e-04
  2.624016e-01   4.459140e-04   1.896621e-04
  2.626235e-01   5.776854e-04   1.911999e-04
  2.628453e-01   6.571826e-04   1.905296e-04
  2.630672e-01   3.882814e-04   1.916225e-04
  2.632890e-01   1.875922e-04   1.881438e-04
  2.635109e-01   3.114122e-04   1.890574e-04
  2.637328e-01   6.204642e-04   1.908439e-04
  2.639546e-01   4.198814e-04   1.897083e-04
  2.641765e-01   7.782342e-04   1.924450e-04
  2.643983e-01   5.603686e-04   1.916491e-04
  2.646202e-01   2.391606e-04   1.884676e-04
  2.648420e-01   3.396542e-04   1.913732e-04
  2.650639e-01   5.723062e-04   1.888417e-04
  2.652857e-01   5.039990e-04   1.908884e-04
  2.655076e-01   5.193074e-04   1.909006e-04
  2.657294e-01   3.698158e-04   1.901034e-04
  2.659513e-01  -4.013620e-05   1.901111e-04
  2.661731e-01   5.224734e-04   1.901116e-04
  2.663950e-01   2.514950e-04   1.887836e-04
  2.666168e-01   6.369384e-04   1.906880e-04
  2.668387e-01   7.318602e-04   1.917433e-04
  2.670605e-01   3.164044e-04   1.903099e-04
  2.672824e-01   4.828010e-04   1.929028e-04
  2.675042e-01   3.245038e-04   1.884538e-04
  2.677261e-01   3.883706e-04   1.901542e-04
  2.679479e-01   8.861842e-04   1.914044e-04
  2.681698e-01   8.149216e-04   1.920287e-04
  2.683916e-01   3.738834e-04   1.899222e-04
  2.686135e-01   4.824766e-04   1.911630e-04
  2.688353e-01   2.957782e-04   1.910228e-04
  2.690572e-01   7.985040e-05   1.895594e-04
  2.692791e-01   3.296990e-04   1.894586e-04
  2.695009e-01   1.404482e-04   1.898465e-04
  2.697228e-01   2.758120e-04   1.893670e-04
  2.699446e-01   3.324586e-04   1.901438e-04
  2.701665e-01   5.217584e-04   1.931162e-04
  2.703883e-01   3.799858e-04   1.892753e-04
  2.706102e-01   3.119636e-04   1.908165e-04
  2.708320e-01   3.798726e-04   1.893340e-04
  2.710539e-01   3.999066e-04   1.905878e-04
  2.712757e-01   4.929106e-04   1.903903e-04
  2.714976e-01   6.289366e-04   1.934309e-04
  2.717194e-01   5.445008e-04   1.914435e-04
  2.719413e-01   3.285302e-04   1.895844e-04
  2.721631e-01   4.705378e-04   1.900224e-04
  2.723850e-01   6.509770e-04   1.919800e-04
  2.726068e-01   5.670302e-04   1.921184e-04
  2.728287e-01   4.655456e-04   1.917647e-04
  2.730505e-01   4.751952e-04   1.924360e-04
  2.732724e-01   5.718254e-04   1.889946e-04
  2.734942e-01   5.941936e-04   1.915899e-04
  2.737161e-01   6.399610e-04   1.917854e-04
  2.739379e-01   5.441350e-04   1.913796e-04
  2.741598e-01   4.140000e-08   1.903296e-04
  2.743817e-01   1.331470e-04   1.910188e-04
  2.746035e-01   3.499126e-04   1.891045e-04
  2.748254e-01   4.910560e-04   1.913332e-04
  2.750472e-01   1.522942e-04   1.894464e-04
  2.752691e-01   5.067720e-04   1.915213e-04
  2.754909e-01   9.460722e-04   1.921063e-04
  2.757128e-01   5.572796e-04   1.925389e-04
  2.759346e-01   3.625688e-04   1.918794e-04
  2.761565e-01   1.122412e-04   1.947914e-04
  2.763783e-01   1.003210e-04   1.984504e-04
  2.766002e-01   5.281380e-04   2.011740e-04
  2.768220e-01   4.912538e-04   2.019306e-04
  2.770439e-01   2.476148e-04   2.038272e-04
  2.772657e-01   8.529278e-04   2.066564e-04
  2.774876e-01   5.845902e-04   2.084219e-04
  2.777094e-01   6.695362e-04   2.091847e-04
  2.779313e-01   2.934440e-04   2.067403e-04
  2.781532e-01   6.784214e-04   2.117934e-04
  2.783750e-01   3.057630e-04   2.108417e-04
  2.785969e-01   5.997040e-04   2.130884e-04
  2.788187e-01   4.743330e-04   2.148484e-04
  2.790406e-01   2.126206e-04   2.109334e-04
  2.792624e-01   2.957564e-04   2.152700e-04
  2.794843e-01   3.754584e-04   2.157050e-04
  2.797061e-01   4.627956e-04   2.176464e-04
  2.799280e-01   3.123498e-04   2.178249e-04
  2.801498e-01   4.940722e-04   2.185591e-04
  2.803717e-01   2.335454e-04   2.194920e-04
  2.805935e-01   7.899472e-04   2.154039e-04
  2.808154e-01  -2.491400e-05   2.097795e-04
  2.810372e-01   8.838340e-05   2.092552e-04
  2.812591e-01   5.320548e-04   2.083133e-04
  2.814809e-01   6.496322e-04   2.107738e-04
  2.817028e-01   7.401462e-04   2.077725e-04
  2.819246e-01   1.563678e-04   2.047364e-04
  2.821465e-01   2.739882e-04   2.053090e-04
  2.823683e-01   3.416630e-04   2.039110e-04
  2.825902e-01   6.769324e-04   2.058864e-04
  2.828120e-01   4.440740e-04   2.053827e-04
  2.830339e-01   5.996756e-04   2.043162e-04
  2.832557e-01   5.528294e-04   2.029129e-04
  2.834776e-01   2.455502e-04   2.026793e-04
  2.836995e-01   1.338230e-04   2.009719e-04
  2.839213e-01   2.848006e-04   2.013412e-04
  2.841432e-01   4.676660e-04   2.032254e-04
  2.843650e-01   5.420064e-04   2.031892e-04
  2.845869e-01   1.472230e-04   2.008290e-04
  2.848087e-01   3.767866e-04   2.000401e-04
  2.850306e-01   4.969338e-04   2.005348e-04
  2.852524e-01   6.075086e-04   2.008444e-04
  2.854743e-01   1.019288e-04   2.001741e-04
  2.856961e-01   5.259690e-04   2.029634e-04
  2.859180e-01   3.625328e-04   1.994311e-04
  2.861398e-01   2.244112e-04   1.983703e-04
  2.863617e-01   5.914178e-04   1.997131e-04
  2.865835e-01   2.236612e-04   2.003116e-04
  2.868054e-01   4.582916e-04   2.002237e-04
  2.870272e-01   4.555628e-04   2.001860e-04
  2.872491e-01   7.480508e-04   2.026059e-04
  2.874709e-01   4.320590e-04   1.995490e-04
  2.876928e-01   8.584564e-04   2.007802e-04
  2.879146e-01   7.561760e-05   1.973807e-04
  2.881365e-01   1.565680e-04   1.985454e-04
  2.883583e-01   2.568814e-04   1.995367e-04
  2.885802e-01   2.999120e-05   1.996100e-04
  2.888021e-01   4.814588e-04   1.985646e-04
  2.890239e-01   6.147394e-04   2.000095e-04
  2.892458e-01   5.385378e-04   1.991629e-04
  2.894676e-01  -4.748480e-05   1.983326e-04
  2.896895e-01   1.566536e-04   1.985321e-04
  2.899113e-01   2.360152e-04   2.005111e-04
  2.901332e-01   3.373586e-04   1.999536e-04
  2.903550e-01   1.820648e-04   1.987085e-04
  2.905769e-01   3.555778e-04   1.988511e-04
  2.907987e-01   3.901420e-04   1.984443e-04
  2.910206e-01   1.272260e-04   1.991614e-04
  2.912424e-01   5.462784e-04   1.993349e-04
  2.914643e-01   4.065692e-04   1.996174e-04
  2.916861e-01   3.388254e-04   1.975449e-04
  2.919080e-01   5.481884e-04   1.981435e-04
  2.921298e-01   5.809168e-04   1.992007e-04
  2.923517e-01   5.677996e-04   1.983985e-04
  2.925736e-01   6.619008e-04   1.985778e-04
  2.927954e-01   2.429132e-04   1.996123e-04
  2.930173e-01   6.423440e-04   1.971629e-04
  2.932391e-01   7.184504e-04   1.983305e-04
  2.934610e-01   1.208146e-04   1.948775e-04
  2.936828e-01   7.745578e-04   1.971322e-04
  2.939047e-01   3.497924e-04   1.970281e-04
  2.941265e-01   4.130850e-04   1.984947e-04
  2.943484e-01   3.495354e-04   1.973146e-04
  2.945702e-01   3.154328e-04   1.952725e-04
  2.947921e-01   3.958438e-04   1.959072e-04
  2.950139e-01   2.393952e-04   1.959698e-04
  2.952358e-01   4.887372e-04   1.969664e-04
  2.954576e-01   4.290952e-04   1.962478e-04
  2.956795e-01   4.790100e-05   1.980178e-04
  2.959013e-01   2.374504e-04   1.959069e-04
  2.961232e-01   5.691806e-04   1.962101e-04
  2.963450e-01   6.508248e-04   1.976341e-04
  2.965669e-01   4.650176e-04   1.961139e-04
  2.967887e-01   2.402578e-04   1.967609e-04
  2.970106e-01   1.513360e-04   1.970237e-04
  2.972324e-01   3.681924e-04   1.961574e-04
  2.974543e-01   5.774566e-04   1.960920e-04
  2.976761e-01   5.412172e-04   1.963305e-04
  2.978980e-01   3.624026e-04   1.963372e-04
  2.981199e-01   4.258846e-04   1.968150e-04
  2.983417e-01   2.182102e-04   1.955746e-04
  2.985636e-01   3.513044e-04   1.963638e-04
  2.987854e-01   5.410660e-04   1.954470e-04
  2.990073e-01   5.099544e-04   1.952920e-04
  2.992291e-01   6.933548e-04   1.959029e-04
  2.994510e-01   7.394650e-04   1.960424e-04
  2.996728e-01   3.961246e-04   1.950357e-04
  2.998947e-01   4.872228e-04   1.978093e-04
  3.001165e-01   2.744974e-04   1.940872e-04
  3.003384e-01   2.613818e-04   1.942877e-04
  3.005602e-01   5.201398e-04   1.945858e-04
  3.007821e-01   2.247172e-04   1.938191e-04
  3.010039e-01   7.097638e-04   1.957896e-04
  3.012258e-01   3.432590e-04   1.956967e-04
  3.014476e-01   3.138754e-04   1.952953e-04
  3.016695e-01   5.691286e-04   1.942987e-04
  3.018913e-01   5.466190e-04   1.946024e-04
  3.021132e-01   2.688108e-04   1.944055e-04
  3.023350e-01   1.514260e-04   1.932520e-04
  3.025569e-01   2.645144e-04   1.941404e-04
  3.027787e-01   1.080954e-04   1.953168e-04
  3.030006e-01   3.598656e-04   1.936458e-04
  3.032225e-01   3.801010e-04   1.928780e-04
  3.034443e-01   4.037240e-04   1.947492e-04
  3.036662e-01   1.426140e-04   1.935921e-04
  3.038880e-01   5.039076e-04   1.949300e-04
  3.041099e-01   4.193566e-04   1.952774e-04
  3.043317e-01   4.355102e-04   1.957468e-04
  3.045536e-01   4.172686e-04   1.939129e-04
  3.047754e-01   4.828794e-04   1.938146e-04
  3.049973e-01   3.964134e-04   1.943752e-04
  3.052191e-01   2.485696e-04   1.932440e-04
  3.054410e-01   4.142502e-04   1.951344e-04
  3.056628e-01   3.878268e-04   1.967214e-04
  3.058847e-01   6.839118e-04   1.948079e-04
  3.061065e-01   6.204240e-05   1.920010e-04
  3.063284e-01   1.582394e-04   1.930941e-04
  3.065502e-01   2.903360e-04   1.938104e-04
  3.067721e-01   6.456676e-04   1.954515e-04
  3.069940e-01   3.909510e-04   1.961813e-04
  3.072158e-01   2.353618e-04   1.932790e-04
  3.074377e-01   1.184834e-04   1.928617e-04
  3.076595e-01  -4.112380e-05   1.917368e-04
  3.078814e-01   3.027876e-04   1.933251e-04
  3.081032e-01   2.609948e-04   1.937535e-04
  3.083251e-01   4.444578e-04   1.951947e-04
  3.085469e-01   7.021882e-04   1.972871e-04
  3.087688e-01   3.092574e-04   1.925804e-04
  3.089906e-01   3.521032e-04   1.940627e-04
  3.092125e-01   2.913884e-04   1.927468e-04
  3.094343e-01   2.981506e-04   1.940117e-04
  3.096562e-01   1.281720e-04   1.940747e-04
  3.098780e-01   7.800580e-04   1.972331e-04
  3.100999e-01   8.405220e-05   1.923169e-04
  3.103217e-01   3.721746e-04   1.935376e-04
  3.105436e-01  -4.596880e-05   1.918889e-04
  3.107654e-01   2.710824e-04   1.932551e-04
  3.109873e-01   6.782884e-04   1.958993e-04
  3.112091e-01   6.447880e-04   1.954770e-04
  3.114310e-01   3.863178e-04   1.954256e-04
  3.116528e-01   5.081464e-04   1.940634e-04
  3.118747e-01   4.163120e-05   1.925637e-04
  3.120965e-01  -1.856400e-06   1.923112e-04
  3.123184e-01   5.022640e-04   1.943721e-04
  3.125403e-01   1.827272e-04   1.945938e-04
  3.127621e-01   3.458930e-04   1.949417e-04
  3.129840e-01   4.113964e-04   1.927575e-04
  3.132058e-01   5.318598e-04   1.943562e-04
  3.134277e-01   3.703788e-04   1.931143e-04
  3.136495e-01   1.818520e-04   1.941215e-04
  3.138714e-01   5.856600e-06   1.927557e-04
  3.140932e-01   4.909432e-04   1.952573e-04
  3.143151e-01   5.485340e-04   1.949977e-04
  3.145369e-01   5.616446e-04   1.946061e-04
  3.147588e-01   2.900640e-04   1.935258e-04
  3.149806e-01   3.063722e-04   1.931072e-04
  3.152025e-01   4.520480e-05   1.931398e-04
  3.154243e-01   4.112060e-04   1.948526e-04
  3.156462e-01   3.773382e-04   1.953820e-04
  3.158680e-01   2.389568e-04   1.935850e-04
  3.160899e-01   1.893502e-04   1.928372e-04
  3.163117e-01   7.026860e-05   1.924959e-04
  3.165336e-01   5.568420e-04   1.950842e-04
  3.167554e-01   4.511338e-04   1.949667e-04
  3.169773e-01   4.827984e-04   1.960092e-04
  3.171991e-01   8.210480e-05   1.927976e-04
  3.174210e-01   1.454798e-04   1.928341e-04
  3.176429e-01   3.839218e-04   1.943842e-04
  3.178647e-01   3.294010e-04   1.936593e-04
  3.180866e-01   5.613004e-04   1.946798e-04
  3.183084e-01  -1.233048e-04   1.926441e-04
  3.185303e-01   5.079970e-04   1.956919e-04
  3.187521e-01   3.240648e-04   1.936858e-04
  3.189740e-01   4.146500e-04   1.934378e-04
  3.191958e-01   4.410448e-04   1.939665e-04
  3.194177e-01   3.180238e-04   1.935546e-04
  3.196395e-01   6.703620e-04   1.961569e-04
  3.198614e-01   6.776488e-04   1.972628e-04
  3.200832e-01  -3.275660e-05   1.913681e-04
  3.203051e-01   2.274586e-04   1.932233e-04
  3.205269e-01   2.763018e-04   1.940822e-04
  3.207488e-01   6.329860e-05   1.924193e-04
  3.209706e-01   3.372088e-04   1.950839e-04
  3.211925e-01   1.003474e-04   1.929350e-04
  3.214144e-01   3.075564e-04   1.948393e-04
  3.216362e-01   4.897572e-04   1.941269e-04
  3.218581e-01   4.585422e-04   1.943199e-04
  3.220799e-01   2.943240e-04   1.928640e-04
  3.223018e-01   3.204806e-04   1.943607e-04
  3.225236e-01   2.305952e-04   1.948988e-04
  3.227455e-01   1.960062e-04   1.949091e-04
  3.229673e-01  -3.636240e-05   1.926675e-04
  3.231892e-01   5.186820e-05   1.919932e-04
  3.234110e-01   3.943706e-04   1.934196e-04
  3.236329e-01   2.475688e-04   1.940257e-04
  3.238547e-01   5.343200e-05   1.938414e-04
  3.240766e-01   2.614062e-04   1.951395e-04
  3.242984e-01   2.639352e-04   1.940132e-04
  3.245203e-01   2.550048e-04   1.926563e-04
  3.247421e-01   2.204180e-04   1.928662e-04
  3.249640e-01   1.950886e-04   1.932246e-04
  3.251858e-01  -2.566676e-04   1.924301e-04
  3.254077e-01   5.105766e-04   1.944385e-04
  3.256295e-01   2.664990e-04   1.962104e-04
  3.258514e-01   3.613632e-04   1.936388e-04
  3.260732e-01   4.076902e-04   1.934545e-04
  3.262951e-01   4.485712e-04   1.938871e-04
  3.265169e-01   3.603234e-04   1.949054e-04
  3.267388e-01   3.016112e-04   1.936399e-04
  3.269607e-01   1.307246e-04   1.954914e-04
  3.271825e-01   2.441262e-04   1.924992e-04
  3.274044e-01   5.236070e-04   1.938611e-04
  3.276262e-01   3.956294e-04   1.948597e-04
  3.278481e-01   1.178664e-04   1.933986e-04
  3.280699e-01   5.436590e-04   1.949696e-04
  3.282918e-01   1.504014e-04   1.941225e-04
  3.285136e-01   3.659544e-04   1.954494e-04
  3.287355e-01   1.680424e-04   1.926355e-04
  3.289573e-01   1.760672e-04   1.937141e-04
  3.291792e-01   1.653588e-04   1.926580e-04
  3.294010e-01   5.107712e-04   1.938039e-04
  3.296229e-01   2.434604e-04   1.946580e-04
  3.298447e-01   4.218988e-04   1.962176e-04
  3.300666e-01   6.293026e-04   1.944888e-04
  3.302884e-01   4.520926e-04   1.930180e-04
  3.305103e-01   1.238760e-04   1.933201e-04
  3.307321e-01   2.268322e-04   1.937108e-04
  3.309540e-01  -7.697360e-05   1.923858e-04
  3.311758e-01   4.977340e-05   1.946666e-04
  3.313977e-01   5.579300e-05   1.939278e-04
  3.316195e-01   2.238848e-04   1.936284e-04
  3.318414e-01  -1.148692e-04   1.992504e-04
  3.320633e-01   2.899720e-04   2.036499e-04
  3.322851e-01   2.913218e-04   2.049055e-04
  3.325070e-01   3.455636e-04   2.065005e-04
  3.327288e-01  -2.196234e-04   2.072381e-04
  3.329507e-01   7.111340e-05   2.095993e-04
  3.331725e-01   2.699720e-05   2.119237e-04
  3.333944e-01   2.215960e-05   2.134846e-04
  3.336162e-01   1.513660e-04   2.141939e-04
  3.338381e-01   5.161212e-04   2.178175e-04
  3.340599e-01   8.211840e-05   2.178990e-04
  3.342818e-01   1.346846e-04   2.196851e-04
  3.345036e-01   1.574914e-04   2.202701e-04
  3.347255e-01   4.126434e-04   2.226060e-04
  3.349473e-01   6.269152e-04   2.255083e-04
  3.351692e-01   3.979182e-04   2.255886e-04
  3.353910e-01   2.391784e-04   2.271792e-04
  3.356129e-01   2.308318e-04   2.276581e-04
  3.358348e-01   1.001140e-03   2.318110e-04
  3.360566e-01   1.095002e-04   2.276851e-04
  3.362785e-01  -7.966480e-05   2.226632e-04
  3.365003e-01  -4.424140e-05   2.180309e-04
  3.367221e-01   1.790456e-04   2.179451e-04
  3.369440e-01   1.938536e-04   2.175017e-04
  3.371659e-01   1.644040e-04   2.156857e-04
  3.373877e-01  -1.125918e-04   2.106705e-04
  3.376096e-01   8.042362e-04   2.148178e-04
  3.378314e-01   4.554240e-04   2.127810e-04
  3.380533e-01   3.999648e-04   2.126160e-04
  3.382751e-01   3.081232e-04   2.108942e-04
  3.384970e-01   1.438870e-04   2.127106e-04
  3.387188e-01   3.519604e-04   2.082254e-04
  3.389407e-01   2.518636e-04   2.087817e-04
  3.391625e-01   2.583698e-04   2.095120e-04
  3.393844e-01   1.106106e-04   2.083670e-04
  3.396062e-01   2.614592e-04   2.097144e-04
  3.398281e-01   3.094398e-04   2.117071e-04
  3.400499e-01   1.724610e-04   2.090681e-04
  3.402718e-01   1.976608e-04   2.078323e-04
  3.404936e-01  -1.604400e-05   2.078268e-04
  3.407155e-01   3.600940e-04   2.091745e-04
  3.409373e-01   1.652676e-04   2.083951e-04
  3.411592e-01   2.034302e-04   2.105269e-04
  3.413811e-01   2.164318e-04   2.116200e-04
  3.416029e-01   2.193458e-04   2.080257e-04
  3.418248e-01   1.650520e-04   2.093267e-04
  3.420466e-01   2.348544e-04   2.112219e-04
  3.422685e-01   2.058276e-04   2.088558e-04
  3.424903e-01   3.483792e-04   2.115747e-04
  3.427122e-01  -3.873040e-05   2.129533e-04
  3.429340e-01   7.473700e-05   2.080069e-04
  3.431559e-01  -8.664020e-05   2.091994e-04
  3.433777e-01   1.654956e-04   2.116596e-04
  3.435996e-01   3.964330e-04   2.129452e-04
  3.438214e-01   5.869012e-04   2.130016e-04
  3.440433e-01   2.003790e-04   2.154597e-04
  3.442651e-01   1.940346e-04   2.120518e-04
  3.444870e-01  -2.276660e-05   2.112459e-04
  3.447088e-01   6.904700e-05   2.125849e-04
  3.449307e-01   2.708412e-04   2.121329e-04
  3.451525e-01   4.210980e-04   2.130784e-04
  3.453744e-01   1.288422e-04   2.147554e-04
  3.455962e-01   5.472024e-04   2.171410e-04
  3.458181e-01   3.510960e-05   2.123561e-04
  3.460399e-01   6.221522e-04   2.158987e-04
  3.462618e-01   3.159308e-04   2.136243e-04
  3.464837e-01   1.531322e-04   2.140394e-04
  3.467055e-01   5.291018e-04   2.172533e-04
  3.469274e-01   6.437974e-04   2.169999e-04
  3.471492e-01   4.062748e-04   2.172087e-04
  3.473711e-01   1.409990e-04   2.153539e-04
  3.475929e-01   7.481548e-04   2.183423e-04
  3.478148e-01   2.234012e-04   2.146561e-04
  3.480366e-01   4.133110e-04   2.189592e-04
  3.482585e-01   3.652888e-04   2.190056e-04
  3.484803e-01  -1.953220e-05   2.179636e-04
  3.487022e-01   4.556742e-04   2.183219e-04
  3.489240e-01   6.734280e-05   2.163740e-04
  3.491459e-01  -3.032820e-05   2.171480e-04
  3.493677e-01   4.756290e-04   2.195259e-04
  3.495896e-01   1.976208e-04   2.201072e-04
  3.498114e-01   3.829714e-04   2.217675e-04
  3.500333e-01   2.555612e-04   2.221078e-04
  3.502552e-01   9.752460e-05   2.180159e-04
  3.504770e-01   4.180106e-04   2.210327e-04
  3.506989e-01   5.247446e-04   2.210631e-04
  3.509207e-01   3.469306e-04   2.219129e-04
  3.511425e-01   2.591060e-04   2.233769e-04
  3.513644e-01   1.590256e-04   2.244603e-04
  3.515863e-01   3.012228e-04   2.217696e-04
  3.518081e-01   1.740114e-04   2.222420e-04
  3.520300e-01   2.230462e-04   2.221490e-04
  3.522518e-01   1.450804e-04   2.232001e-04
  3.524737e-01  -2.822920e-04   2.226509e-04
  3.526955e-01   5.611170e-04   2.288081e-04
  3.529174e-01   1.248698e-04   2.233682e-04
  3.531392e-01   2.359218e-04   2.246215e-04
  3.533611e-01   5.957322e-04   2.265308e-04
  3.535829e-01   3.098662e-04   2.276363e-04
  3.538048e-01   2.823200e-06   2.251497e-04
  3.540266e-01   2.164042e-04   2.288319e-04
  3.542485e-01   3.786776e-04   2.309076e-04
  3.544703e-01   2.676572e-04   2.276385e-04
  3.546922e-01   3.171012e-04   2.280324e-04
  3.549140e-01   2.842614e-04   2.305015e-04
  3.551359e-01   1.690946e-04   2.288069e-04
  3.553577e-01   4.567320e-05   2.298933e-04
  3.555796e-01   1.431640e-04   2.362946e-04
  3.558015e-01   5.343940e-05   2.282000e-04
  3.560233e-01   4.504200e-04   2.322281e-04
  3.562452e-01   4.228838e-04   2.335682e-04
  3.564670e-01  -1.215086e-04   2.317283e-04
  3.566889e-01   3.771112e-04   2.343237e-04
  3.569107e-01   3.421730e-04   2.376284e-04
  3.571326e-01   3.786910e-04   2.375058e-04
  3.573544e-01   1.843098e-04   2.336755e-04
  3.575763e-01  -2.397922e-04   2.342773e-04
  3.577981e-01  -2.134838e-04   2.345925e-04
  3.580200e-01   1.674638e-04   2.362205e-04
  3.582418e-01   3.330878e-04   2.409624e-04
  3.584637e-01   1.456742e-04   2.407169e-04
  3.586855e-01   3.238220e-04   2.381313e-04
  3.589074e-01  -3.946580e-05   2.362005e-04
  3.591292e-01  -8.570000e-07   2.366212e-04
  3.593511e-01   3.837534e-04   2.379907e-04
  3.595729e-01   2.869658e-04   2.407763e-04
  3.597948e-01   2.818906e-04   2.392116e-04
  3.600166e-01   3.203466e-04   2.406483e-04
  3.602385e-01   1.707108e-04   2.357008e-04
  3.604603e-01   1.732056e-04   2.360375e-04
  3.606822e-01   1.982622e-04   2.362136e-04
  3.609041e-01   5.442080e-05   2.375807e-04
  3.611259e-01   4.740154e-04   2.389015e-04
  3.613478e-01   6.520220e-05   2.408728e-04
  3.615696e-01   1.687002e-04   2.357525e-04
  3.617915e-01   1.842338e-04   2.363091e-04
  3.620133e-01   2.677160e-05   2.373150e-04
  3.622352e-01   2.105376e-04   2.396516e-04
  3.624570e-01  -3.707000e-06   2.399124e-04
  3.626789e-01   3.827654e-04   2.438891e-04
  3.629007e-01   2.239140e-04   2.467429e-04
  3.631226e-01  -1.447540e-05   2.408151e-04
  3.633444e-01   5.900198e-04   2.463752e-04
  3.635663e-01   1.870322e-04   2.447589e-04
  3.637881e-01   5.095150e-04   2.482846e-04
  3.640100e-01   2.740260e-05   2.442676e-04
  3.642318e-01  -1.212402e-04   2.530482e-04
  3.644537e-01  -4.704600e-06   2.461341e-04
  3.646755e-01   1.530100e-05   2.485345e-04
  3.648974e-01   2.290716e-04   2.522951e-04
  3.651193e-01  -3.561102e-04   2.497314e-04
  3.653411e-01   1.379360e-04   2.532901e-04
  3.655629e-01  -6.295980e-05   2.575982e-04
  3.657848e-01  -1.170832e-04   2.556302e-04
  3.660067e-01   7.453746e-04   2.591483e-04
  3.662285e-01   1.233778e-04   2.570023e-04
  3.664504e-01   4.554546e-04   2.627804e-04
  3.666722e-01  -1.454652e-04   2.582315e-04
  3.668941e-01   1.798120e-05   2.639581e-04
  3.671159e-01   8.941614e-04   2.726947e-04
  3.673378e-01   1.450374e-04   2.645134e-04
  3.675596e-01   7.289084e-04   2.667351e-04
  3.677815e-01   1.839728e-04   2.698246e-04
  3.680033e-01   2.465210e-04   2.699646e-04
  3.682252e-01   5.728788e-04   2.746239e-04
  3.684470e-01   3.232640e-05   2.743514e-04
  3.686689e-01   3.099214e-04   2.792287e-04
  3.688907e-01   2.597294e-04   2.769167e-04
  3.691126e-01   3.499418e-04   2.805222e-04
  3.693344e-01   1.239388e-04   2.803380e-04
  3.695563e-01   4.724360e-05   2.831230e-04
  3.697782e-01   1.525148e-04   2.873749e-04
  3.700000e-01  -1.398860e-04   2.924775e-04
Timestamp (begin): 
Timestamp (end): 
parent: sub-27393_P_664_737_SM21035_43.dat.dat
parent: sub-27394_P_664_737_SM21035_43.dat.dat
parent: sub-27395_P_664_737_SM21035_43.dat.dat
parent: sub-27396_P_664_737_SM21035_43.dat.dat
parent: sub-27397_P_664_737_SM21035_43.dat.dat
parent: 
parent: 
creator: dataver
creator-version: v0.4 (r10552)
