0.00371997 0.0001 0
0.00515991 0.0001 0
0.00659985 0.0001 0
0.00803979 0.137254 0.0858188
0.00947973 0.129474 0.0227908
0.0109197 0.101633 0.0127667
0.0123596 0.0882313 0.00640595
0.0137996 0.0935822 0.00432381
0.0152395 0.0887945 0.00296346
0.0166794 0.0837207 0.00295297
0.0181194 0.0832803 0.00225016
0.0195593 0.0808755 0.00175958
0.0209993 0.0791921 0.00131986
0.0224392 0.075617 0.00135463
0.0238791 0.0749847 0.0011586
0.0253191 0.0706448 0.00111058
0.026759 0.0690168 0.00109124
0.028199 0.066728 0.000995368
0.0296389 0.0624089 0.000975494
0.0310788 0.062521 0.000890453
0.0325188 0.0588449 0.000979303
0.0339587 0.057126 0.00112827
0.0353987 0.0551762 0.000908829
0.0368386 0.0522523 0.000993411
0.0382785 0.0521646 0.000819527
0.0397185 0.0477827 0.00074644
0.0411584 0.0456784 0.000807034
0.0425984 0.0454343 0.000692741
0.0440383 0.0428042 0.000673967
0.0454783 0.0409923 0.000671079
0.0469182 0.0402303 0.000603074
0.0483581 0.0375736 0.000625821
0.0497981 0.0373832 0.000648354
0.051238 0.0345506 0.000591185
0.052678 0.0330542 0.000575268
0.0541179 0.032093 0.00061736
0.0555578 0.0307754 0.000577549
0.0569978 0.0293464 0.000568632
0.0584377 0.0281512 0.000538014
0.0598777 0.0260799 0.000548917
0.0613176 0.0250628 0.000515165
0.0627575 0.0247387 0.000510719
0.0641975 0.0242347 0.000517147
0.0656374 0.0223537 0.000498181
0.0670774 0.0215283 0.00047494
0.0685173 0.0208318 0.000516589
0.0699572 0.0192204 0.000495334
0.0713972 0.0191553 0.000486874
0.0728371 0.0185855 0.000441215
0.0742771 0.0172595 0.000440753
0.075717 0.0167649 0.000521231
0.0771569 0.0155929 0.00043499
0.0785969 0.016147 0.000437306
0.0800368 0.0144484 0.000409472
0.0814768 0.0140408 0.000413816
0.0829167 0.0135437 0.000434113
0.0843566 0.0135836 0.000427137
0.0857966 0.0129043 0.000406963
0.0872365 0.0125101 0.000388698
0.0886765 0.0123523 0.000384659
0.0901164 0.011712 0.00038416
0.0915564 0.0119759 0.000399419
0.0929963 0.0107446 0.000423672
0.0944362 0.0107051 0.000394695
0.0958762 0.010158 0.000356416
0.0973161 0.00979142 0.0003854
0.0987561 0.00990566 0.000362601
0.100196 0.00988173 0.000380316
0.101636 0.00941848 0.000409066
0.103076 0.00937558 0.000396102
0.104516 0.0080764 0.000385062
0.105956 0.00866555 0.000374798
0.107396 0.00770032 0.000356915
0.108836 0.0081177 0.000352723
0.110276 0.00828039 0.000343
0.111716 0.00810976 0.000358652
0.113155 0.00742011 0.000364328
0.114595 0.00709476 0.000347523
0.116035 0.00709099 0.0003451
0.117475 0.0082119 0.000355123
0.118915 0.00690339 0.000353324
0.120355 0.00730762 0.000335393
0.121795 0.00646548 0.000345199
0.123235 0.006887 0.000333921
0.124675 0.00760395 0.000326653
0.126115 0.00635423 0.000318971
0.127555 0.00685979 0.000324133
0.128995 0.00685451 0.00030723
0.130435 0.00625917 0.000320186
0.131875 0.00628183 0.000312541
0.133315 0.00593765 0.000308472
0.134755 0.00611235 0.000305162
0.136195 0.00652594 0.00030289
0.137634 0.00591235 0.000311987
0.139074 0.00614238 0.000313968
0.140514 0.00614429 0.000305267
0.141954 0.00636482 0.000306254
0.143394 0.00633143 0.000303174
0.144834 0.00627761 0.000296622
0.146274 0.0065692 0.000319435
0.147714 0.00568407 0.000330859
0.149154 0.00560069 0.000345523
0.150594 0.00563233 0.000338815
0.152034 0.00596002 0.000310969
0.153474 0.0062915 0.000338904
0.154914 0.00583962 0.000325831
0.156354 0.00599508 0.000334653
0.157794 0.00535858 0.000341121
0.159234 0.00585819 0.000350568
0.160674 0.00545466 0.000329978
0.162113 0.00581061 0.000328078
0.163553 0.00534378 0.000354707
0.164993 0.00584228 0.000326227
0.166433 0.00551784 0.000340405
0.167873 0.00534686 0.000352279
0.169313 0.00615733 0.000330676
0.170753 0.00566806 0.000334116
0.172193 0.0058055 0.000343359
0.173633 0.00586561 0.000346965
0.175073 0.00579155 0.000336276
0.176513 0.00569652 0.000336793
0.177953 0.00563066 0.000339063
0.179393 0.00561739 0.000333078
0.180833 0.00518625 0.000342281
0.182273 0.00519354 0.000356079
0.183713 0.00544275 0.000354753
0.185152 0.0050464 0.000332187
0.186592 0.00573887 0.000342419
0.188032 0.00514798 0.000347655
0.189472 0.00545732 0.000351859
0.190912 0.00541252 0.000335906
0.192352 0.00559075 0.000361637
0.193792 0.00534387 0.000334642
0.195232 0.00497073 0.000341388
0.196672 0.0053483 0.000359458
0.198112 0.00592928 0.000341526
0.199552 0.00518828 0.000342488
0.200992 0.00534906 0.000341599
0.202432 0.00521329 0.000365763
0.203872 0.00494769 0.000360706
0.205312 0.00550681 0.000342915
0.206752 0.00538918 0.000356939
0.208192 0.00497513 0.000335392
0.209631 0.00499331 0.000355464
0.211071 0.00564968 0.000360391
0.212511 0.00568311 0.000367672
0.213951 0.00480665 0.00034447
0.215391 0.0054714 0.000348723
0.216831 0.00558502 0.00034647
0.218271 0.00517863 0.000331864
0.219711 0.00534498 0.000315162
0.221151 0.00594819 0.000298111
0.222591 0.00517213 0.00031868
0.224031 0.00558205 0.000322383
0.225471 0.00443925 0.000343878
0.226911 0.00504607 0.000362575
0.228351 0.00504586 0.0003496
0.229791 0.00513679 0.000369382
0.231231 0.00543581 0.000335017
0.232671 0.00516525 0.000347682
0.23411 0.00516477 0.000340994
0.23555 0.00504014 0.000329649
0.23699 0.00517136 0.000351023
0.23843 0.00457796 0.000351839
0.23987 0.00463741 0.000352785
0.24131 0.00549516 0.000344349
0.24275 0.00526915 0.000348662
0.24419 0.00510717 0.000329398
0.24563 0.00509539 0.000343639
0.24707 0.00565873 0.000337503
0.24851 0.00484817 0.000357483
0.24995 0.00489403 0.000342784
0.25139 0.00464883 0.000371574
0.25283 0.00498657 0.000362223
0.25427 0.00476624 0.000330281
0.25571 0.00513149 0.000357303
0.25715 0.0049991 0.000353504
0.258589 0.00497208 0.000344158
0.260029 0.00493651 0.000352911
0.261469 0.0044524 0.000329965
0.262909 0.00468856 0.000333875
0.264349 0.00510074 0.000348922
0.265789 0.00487584 0.000350623
0.267229 0.00493459 0.000370579
0.268669 0.00532478 0.00034639
0.270109 0.00527784 0.000362478
0.271549 0.00470068 0.000355053
0.272989 0.00538121 0.000362579
0.274429 0.00401204 0.000349974
0.275869 0.00459666 0.000350653
0.277309 0.00493334 0.000357967
0.278749 0.00487452 0.000355035
0.280189 0.00440162 0.000343442
0.281629 0.00504507 0.000343144
0.283068 0.00446906 0.000358713
0.284508 0.00505929 0.000348865
0.285948 0.00443009 0.000350057
0.287388 0.00481836 0.000357073
0.288828 0.00508535 0.000347938
0.290268 0.00473718 0.000338291
0.291708 0.0042095 0.000369752
0.293148 0.00471422 0.000352113
0.294588 0.0045172 0.000340652
0.296028 0.00525573 0.000357469
0.297468 0.00457796 0.000351854
0.298908 0.00468092 0.000355827
0.300348 0.00521974 0.000346708
0.301788 0.00467156 0.000373985
0.303228 0.00445155 0.000365015
0.304668 0.0051624 0.000341889
0.306108 0.00461848 0.000353868
0.307547 0.00388994 0.000341256
0.308987 0.00505625 0.000336144
0.310427 0.00497406 0.000324462
0.311867 0.00469345 0.00033499
0.313307 0.00505625 0.000342372
0.314747 0.00454198 0.000335727
0.316187 0.00457233 0.000350146
0.317627 0.00504191 0.000328621
0.319067 0.00478921 0.000341014
0.320507 0.00488167 0.000364483
0.321947 0.0046733 0.000328291
0.323387 0.00468451 0.000371159
0.324827 0.00508984 0.000347788
0.326267 0.00491247 0.000351413
0.327707 0.00523464 0.000339842
0.329147 0.00500849 0.000341905
0.330587 0.00431721 0.000365343
0.332026 0.00471883 0.000346288
0.333466 0.00503703 0.000371841
0.334906 0.00436672 0.000360635
0.336346 0.00468362 0.000358714
0.337786 0.00496456 0.000325644
0.339226 0.00493935 0.000322045
0.340666 0.0048207 0.000358508
0.342106 0.00374213 0.00036255
0.343546 0.00437366 0.000361801
0.344986 0.00506602 0.000365372
0.346426 0.00502886 0.000340628
0.347866 0.00449769 0.000342272
0.349306 0.00464105 0.000322967
0.350746 0.0049764 0.000348441
0.352186 0.00465714 0.000343555
0.353626 0.00441173 0.000357613
0.355066 0.00447444 0.000356508
0.356505 0.00452005 0.000328829
0.357945 0.00445424 0.000383969
0.359385 0.00432655 0.000312908
0.360825 0.00496752 0.000363715
0.362265 0.00490193 0.000371072
0.363705 0.00448972 0.00034723
0.365145 0.00418622 0.000336576
0.366585 0.00487746 0.000345179
0.368025 0.00441401 0.00035235
0.369465 0.00437061 0.00037216
0.370905 0.00399397 0.000352644
0.372345 0.00426752 0.000365329
0.373785 0.00439177 0.000351385
0.375225 0.00434581 0.000355388
0.376665 0.00422118 0.000367882
0.378105 0.00399689 0.000344483
0.379544 0.00449554 0.000333669
0.380984 0.00422529 0.000355721
0.382424 0.00414347 0.000329088
0.383864 0.0043484 0.000354277
0.385304 0.00406482 0.000366113
0.386744 0.00413206 0.000342692
0.388184 0.00404719 0.00032912
0.389624 0.0047141 0.00033744
0.391064 0.0044529 0.000354387
0.392504 0.00415651 0.000363459
0.393944 0.00505609 0.000345912
0.395384 0.00440768 0.00033879
0.396824 0.00490551 0.000336037
0.398264 0.00402378 0.00031598
0.399704 0.00407257 0.000334739
0.401144 0.00453897 0.000339705
0.402584 0.00493569 0.000311871
0.404023 0.00359381 0.000347148
0.405463 0.00438127 0.000338303
0.406903 0.0047922 0.000347486
0.408343 0.00501806 0.000321364
0.409783 0.00412074 0.000329807
0.411223 0.00472432 0.000340455
0.412663 0.00401861 0.000354578
0.414103 0.00461316 0.000333985
0.415543 0.00438464 0.000361953
0.416983 0.00414436 0.000340824
0.418423 0.00428988 0.000340489
0.419863 0.0046948 0.000338328
0.421303 0.00459543 0.000334154
0.422743 0.00428733 0.000336652
0.424183 0.00444464 0.000360415
0.425623 0.00420941 0.000365867
0.427063 0.00367712 0.000326514
0.428502 0.00387432 0.000341413
0.429942 0.00329794 0.000371272
0.431382 0.00455741 0.000380501
0.432822 0.00404844 0.000363932
0.434262 0.00431176 0.000352696
0.435702 0.00404299 0.000339609
0.437142 0.00430472 0.000330627
0.438582 0.00418555 0.000361122
0.440022 0.00467371 0.00035947
0.441462 0.0048314 0.000344994
0.442902 0.00401416 0.000321346
0.444342 0.00470571 0.000367444
0.445782 0.00414841 0.000353003
0.447222 0.00350147 0.00034142
0.448662 0.00461024 0.000343259
0.450102 0.00480713 0.000368047
0.451542 0.00449994 0.000364854
0.452981 0.00441959 0.000335459
0.454421 0.00405928 0.000359667
0.455861 0.00476457 0.000355342
0.457301 0.00407019 0.000334832
0.458741 0.00426614 0.000334542
0.460181 0.00454223 0.000357377
0.461621 0.00428579 0.000369326
0.463061 0.00425779 0.000362292
0.464501 0.00436354 0.000348843
0.465941 0.00320563 0.000356684
0.467381 0.00391074 0.00033751
0.468821 0.00371153 0.000361213
0.470261 0.00352062 0.000349926
0.471701 0.00419167 0.000349095
0.473141 0.00406618 0.000335682
0.474581 0.00422987 0.000357623
0.476021 0.00427854 0.000360359
0.47746 0.00434026 0.000344126
0.4789 0.00417136 0.000351143
0.48034 0.00433347 0.000360089
0.48178 0.00410327 0.000349919
0.48322 0.00384035 0.000354593
0.48466 0.00422451 0.000331489
0.4861 0.00375927 0.000335158
0.48754 0.00341417 0.000339
0.48898 0.003747 0.000350407
0.49042 0.00473183 0.000343721
0.49186 0.00376888 0.000329215
0.4933 0.00414939 0.000359902
0.49474 0.00480905 0.000344076
0.49618 0.00408477 0.000336483
0.49762 0.00458996 0.000343095
0.49906 0.00416439 0.000342283
0.5005 0.00364197 0.000356975
0.501939 0.00434581 0.000349064
0.503379 0.00453814 0.000355774
0.504819 0.00399418 0.00034344
0.506259 0.00342918 0.000352964
0.507699 0.00463362 0.0003174
0.509139 0.00424174 0.000360398
0.510579 0.00368216 0.000364537
0.512019 0.00315137 0.000350585
0.513459 0.00410216 0.000350243
0.514899 0.00437335 0.000360997
0.516339 0.00442874 0.00038177
0.517779 0.0041376 0.000335513
0.519219 0.00399525 0.000354731
0.520659 0.00387522 0.000376074
0.522099 0.00445763 0.000353638
0.523539 0.00456502 0.000368371
0.524979 0.00474625 0.000369587
0.526418 0.00470612 0.000339997
0.527858 0.00455021 0.00035933
0.529298 0.00461441 0.000362193
0.530738 0.00403326 0.00036072
0.532178 0.00402268 0.000357942
0.533618 0.00455217 0.000341633
0.535058 0.00374291 0.000331361
0.536498 0.00395284 0.000343886
0.537938 0.00424158 0.000352315
0.539378 0.00410954 0.00036103
0.540818 0.00459676 0.000342704
0.542258 0.00405392 0.000355099
0.543698 0.00354766 0.000358091
0.545138 0.00388696 0.000341263
0.546578 0.00409916 0.000365041
0.548018 0.00401318 0.000376531
0.549457 0.00422618 0.000374176
0.550897 0.00415484 0.0003588
0.552337 0.00414841 0.000345117
0.553777 0.00341602 0.00034005
0.555217 0.00409941 0.000360643
0.556657 0.00416576 0.000377883
0.558097 0.00404983 0.000346789
0.559537 0.00430334 0.000342976
0.560977 0.00318775 0.00037202
0.562417 0.00338543 0.000355987
0.563857 0.00472501 0.000353926
0.565297 0.00429658 0.000353703
0.566737 0.00399525 0.00038946
0.568177 0.00432261 0.000369432
0.569617 0.00383241 0.000372403
0.571057 0.00480795 0.000344296
0.572497 0.00397539 0.000332539
0.573936 0.00376901 0.000332763
0.575376 0.0045173 0.000347371
0.576816 0.00399825 0.000350418
0.578256 0.00385612 0.000360458
0.579696 0.00477499 0.00033976
0.581136 0.00371595 0.000360908
0.582576 0.00469383 0.000354339
0.584016 0.00364131 0.000355051
0.585456 0.00405525 0.000364087
0.586896 0.00365697 0.000344783
0.588336 0.0046459 0.000365799
0.589776 0.00423526 0.000344074
0.591216 0.00452553 0.000344694
0.592656 0.00480412 0.000368671
0.594096 0.00397539 0.000350378
0.595536 0.00426109 0.000337462
0.596976 0.00419311 0.000363214
0.598415 0.00380784 0.000372378
0.599855 0.00368082 0.00035318
0.601295 0.00375803 0.000355338
0.602735 0.00408359 0.000337692
0.604175 0.00421429 0.000346615
0.605615 0.00428733 0.000336006
0.607055 0.00393114 0.000359457
0.608495 0.00423611 0.000354874
0.609935 0.00419577 0.000357507
0.611375 0.00380553 0.000369952
0.612815 0.00363788 0.000373278
0.614255 0.00463258 0.000358319
0.615695 0.00473592 0.000384797
0.617135 0.00442983 0.000368593
0.618575 0.0040673 0.000350384
0.620015 0.00352603 0.000362699
0.621455 0.00455062 0.000356417
0.622894 0.00430489 0.000361864
0.624334 0.00344485 0.00037419
0.625774 0.00366286 0.000348657
0.627214 0.00406063 0.000372699
0.628654 0.00476866 0.000365529
0.630094 0.00390386 0.000354215
0.631534 0.00412582 0.000358209
0.632974 0.00418757 0.000363784
0.634414 0.00423888 0.000343007
0.635854 0.00461441 0.000357122
0.637294 0.00408391 0.000387683
0.638734 0.00436197 0.000352763
0.640174 0.00426697 0.000351393
0.641614 0.00441219 0.000377163
0.643054 0.00374099 0.000373068
0.644494 0.00414393 0.000359792
0.645934 0.00407164 0.000361212
0.647373 0.00310725 0.000349942
0.648813 0.00424896 0.000374307
0.650253 0.00409821 0.000360223
0.651693 0.00380146 0.000383638
0.653133 0.0043091 0.000355177
0.654573 0.00356038 0.000357171
0.656013 0.00418082 0.000328387
