CYCLE:   91  Chi^2: 1.087  GENER.:1000  ENSEMBLES: 50  CURVES:  8
 7.204000e-003  3.668167e-001  3.668151e-001
 7.673400e-003  3.807182e-001  3.663094e-001
 8.142700e-003  3.576332e-001  3.658039e-001
 8.612000e-003  3.661827e-001  3.652984e-001
 9.081400e-003  3.647738e-001  3.647927e-001
 9.550700e-003  3.903424e-001  3.642872e-001
 1.002010e-002  3.692780e-001  3.637420e-001
 1.048940e-002  3.526092e-001  3.623139e-001
 1.095880e-002  3.655370e-001  3.608856e-001
 1.142810e-002  3.704006e-001  3.594575e-001
 1.189750e-002  3.487602e-001  3.580291e-001
 1.236680e-002  3.584239e-001  3.566010e-001
 1.283610e-002  3.624239e-001  3.551730e-001
 1.330550e-002  3.566866e-001  3.537446e-001
 1.377480e-002  3.516452e-001  3.523165e-001
 1.424420e-002  3.504664e-001  3.508881e-001
 1.471350e-002  3.552717e-001  3.494600e-001
 1.518290e-002  3.536047e-001  3.480317e-001
 1.565220e-002  3.514472e-001  3.466036e-001
 1.612150e-002  3.466869e-001  3.451755e-001
 1.659090e-002  3.470391e-001  3.437471e-001
 1.706020e-002  3.402786e-001  3.423191e-001
 1.752960e-002  3.389215e-001  3.408907e-001
 1.799890e-002  3.389982e-001  3.394626e-001
 1.846830e-002  3.361546e-001  3.380342e-001
 1.893760e-002  3.366484e-001  3.366061e-001
 1.940690e-002  3.340599e-001  3.351781e-001
 1.987630e-002  3.297020e-001  3.337497e-001
 2.034560e-002  3.325667e-001  3.318204e-001
 2.081500e-002  3.283579e-001  3.297113e-001
 2.128430e-002  3.269836e-001  3.276026e-001
 2.175360e-002  3.238015e-001  3.254939e-001
 2.222300e-002  3.250288e-001  3.233847e-001
 2.269230e-002  3.209671e-001  3.212761e-001
 2.316160e-002  3.217222e-001  3.191674e-001
 2.363100e-002  3.204943e-001  3.170582e-001
 2.410030e-002  3.155392e-001  3.149495e-001
 2.456970e-002  3.161634e-001  3.128404e-001
 2.503900e-002  3.095056e-001  3.107317e-001
 2.550830e-002  3.070392e-001  3.086230e-001
 2.597770e-002  3.004302e-001  3.065139e-001
 2.644700e-002  3.065741e-001  3.044052e-001
 2.691640e-002  3.015334e-001  3.022961e-001
 2.738570e-002  3.018306e-001  3.001874e-001
 2.785500e-002  2.986472e-001  2.980787e-001
 2.832440e-002  2.944256e-001  2.959695e-001
 2.879370e-002  2.943351e-001  2.938608e-001
 2.926300e-002  2.936863e-001  2.917522e-001
 2.973240e-002  2.867857e-001  2.896430e-001
 3.020170e-002  2.833222e-001  2.873803e-001
 3.067100e-002  2.837088e-001  2.849132e-001
 3.114040e-002  2.782667e-001  2.824456e-001
 3.160970e-002  2.807320e-001  2.799785e-001
 3.207900e-002  2.810054e-001  2.775115e-001
 3.254840e-002  2.739645e-001  2.750439e-001
 3.301770e-002  2.708879e-001  2.725768e-001
 3.348700e-002  2.679056e-001  2.701097e-001
 3.395640e-002  2.663840e-001  2.676421e-001
 3.442570e-002  2.619709e-001  2.651750e-001
 3.489500e-002  2.637306e-001  2.627080e-001
 3.536440e-002  2.611077e-001  2.602404e-001
 3.583370e-002  2.573899e-001  2.577733e-001
 3.630300e-002  2.558108e-001  2.553062e-001
 3.677240e-002  2.523527e-001  2.528386e-001
 3.724170e-002  2.492370e-001  2.503715e-001
 3.771100e-002  2.474184e-001  2.479045e-001
 3.818030e-002  2.424783e-001  2.454374e-001
 3.864970e-002  2.432137e-001  2.429698e-001
 3.911900e-002  2.421480e-001  2.405027e-001
 3.958830e-002  2.410701e-001  2.380356e-001
 4.005770e-002  2.326928e-001  2.355635e-001
 4.052700e-002  2.368641e-001  2.330598e-001
 4.099630e-002  2.324794e-001  2.305561e-001
 4.146560e-002  2.274995e-001  2.280523e-001
 4.193500e-002  2.244108e-001  2.255481e-001
 4.240430e-002  2.225071e-001  2.230443e-001
 4.287360e-002  2.192135e-001  2.205406e-001
 4.334290e-002  2.209248e-001  2.180368e-001
 4.381230e-002  2.175461e-001  2.155326e-001
 4.428160e-002  2.108711e-001  2.130288e-001
 4.475090e-002  2.096400e-001  2.105251e-001
 4.522020e-002  2.088695e-001  2.080214e-001
 4.568960e-002  2.040855e-001  2.055171e-001
 4.615890e-002  2.025722e-001  2.030133e-001
 4.662820e-002  1.989798e-001  2.005096e-001
 4.709750e-002  1.953321e-001  1.980059e-001
 4.756680e-002  1.957993e-001  1.955021e-001
 4.803620e-002  1.905376e-001  1.929979e-001
 4.850550e-002  1.918973e-001  1.904941e-001
 4.897480e-002  1.864167e-001  1.879904e-001
 4.944410e-002  1.846989e-001  1.854866e-001
 4.991340e-002  1.847098e-001  1.829829e-001
 5.038270e-002  1.790543e-001  1.806574e-001
 5.085210e-002  1.758960e-001  1.783717e-001
 5.132140e-002  1.762947e-001  1.760865e-001
 5.179070e-002  1.751440e-001  1.738013e-001
 5.226000e-002  1.679589e-001  1.715160e-001
 5.272930e-002  1.688073e-001  1.692308e-001
 5.319860e-002  1.670001e-001  1.669456e-001
 5.366800e-002  1.642689e-001  1.646599e-001
 5.413730e-002  1.675256e-001  1.623747e-001
 5.460660e-002  1.603397e-001  1.600895e-001
 5.507590e-002  1.579055e-001  1.578043e-001
 5.554520e-002  1.551295e-001  1.555191e-001
 5.601450e-002  1.523620e-001  1.532339e-001
 5.648380e-002  1.517129e-001  1.509487e-001
 5.695310e-002  1.491755e-001  1.486635e-001
 5.742240e-002  1.448446e-001  1.463783e-001
 5.789180e-002  1.446828e-001  1.440926e-001
 5.836110e-002  1.401619e-001  1.418074e-001
 5.883040e-002  1.396162e-001  1.395221e-001
 5.929970e-002  1.361437e-001  1.372369e-001
 5.976900e-002  1.357168e-001  1.349517e-001
 6.023830e-002  1.337099e-001  1.328573e-001
 6.070760e-002  1.302310e-001  1.309478e-001
 6.117690e-002  1.315621e-001  1.290383e-001
 6.164620e-002  1.271803e-001  1.271289e-001
 6.211550e-002  1.260377e-001  1.252194e-001
 6.258480e-002  1.248767e-001  1.233099e-001
 6.305410e-002  1.226610e-001  1.214004e-001
 6.352340e-002  1.186470e-001  1.194909e-001
 6.399270e-002  1.165691e-001  1.175814e-001
 6.446200e-002  1.151039e-001  1.156720e-001
 6.493130e-002  1.107403e-001  1.137625e-001
 6.540060e-002  1.108838e-001  1.118530e-001
 6.586990e-002  1.108629e-001  1.099435e-001
 6.633920e-002  1.075411e-001  1.080340e-001
 6.680850e-002  1.075392e-001  1.061246e-001
 6.727780e-002  1.029489e-001  1.042151e-001
 6.774710e-002  1.030766e-001  1.023056e-001
 6.821640e-002  1.027225e-001  1.003961e-001
 6.868570e-002  9.979410e-002  9.848664e-002
 6.915490e-002  9.798372e-002  9.657756e-002
 6.962420e-002  9.597826e-002  9.466808e-002
 7.009350e-002  9.335763e-002  9.284550e-002
 7.056280e-002  9.140421e-002  9.137217e-002
 7.103210e-002  9.087055e-002  8.989884e-002
 7.150140e-002  8.979310e-002  8.842551e-002
 7.197070e-002  8.709372e-002  8.695218e-002
 7.244000e-002  8.578753e-002  8.547885e-002
 7.290930e-002  8.305994e-002  8.400552e-002
 7.337850e-002  8.322547e-002  8.253250e-002
 7.384780e-002  8.102941e-002  8.105918e-002
 7.431710e-002  8.052879e-002  7.958585e-002
 7.478640e-002  7.832153e-002  7.811252e-002
 7.525570e-002  7.540504e-002  7.663919e-002
 7.572500e-002  7.370415e-002  7.516586e-002
 7.619430e-002  7.441225e-002  7.369253e-002
 7.666350e-002  7.205413e-002  7.221951e-002
 7.713280e-002  7.033922e-002  7.074618e-002
 7.760210e-002  6.907259e-002  6.927285e-002
 7.807140e-002  6.893400e-002  6.779952e-002
 7.854060e-002  6.508114e-002  6.632651e-002
 7.900990e-002  6.371142e-002  6.485318e-002
 7.947920e-002  6.389936e-002  6.337985e-002
 7.994850e-002  6.281080e-002  6.190652e-002
 8.041770e-002  6.168372e-002  6.080820e-002
 8.088700e-002  6.050595e-002  5.975584e-002
 8.135630e-002  6.155886e-002  5.870349e-002
 8.182560e-002  5.758125e-002  5.765114e-002
 8.229480e-002  5.596225e-002  5.659901e-002
 8.276410e-002  5.529034e-002  5.554666e-002
 8.323340e-002  5.468656e-002  5.449431e-002
 8.370260e-002  5.352644e-002  5.344218e-002
 8.417190e-002  5.216922e-002  5.238983e-002
 8.464120e-002  5.212977e-002  5.133747e-002
 8.511040e-002  4.847911e-002  5.028534e-002
 8.557970e-002  4.719483e-002  4.923299e-002
 8.604900e-002  4.790325e-002  4.818064e-002
 8.651820e-002  4.678118e-002  4.712851e-002
 8.698750e-002  4.566374e-002  4.607616e-002
 8.745670e-002  4.435979e-002  4.502403e-002
 8.792600e-002  4.417831e-002  4.397168e-002
 8.839530e-002  4.223254e-002  4.291933e-002
 8.886450e-002  4.099944e-002  4.186720e-002
 8.933380e-002  4.186348e-002  4.081485e-002
 8.980300e-002  3.976027e-002  3.976272e-002
 9.027230e-002  3.953281e-002  3.891807e-002
 9.074150e-002  3.820813e-002  3.822383e-002
 9.121080e-002  3.802014e-002  3.752945e-002
 9.168000e-002  3.784407e-002  3.683521e-002
 9.214930e-002  3.615545e-002  3.614083e-002
 9.261860e-002  3.553798e-002  3.544644e-002
 9.308780e-002  3.544436e-002  3.475221e-002
 9.355700e-002  3.374209e-002  3.405797e-002
 9.402630e-002  3.416941e-002  3.336359e-002
 9.449550e-002  3.128582e-002  3.266935e-002
 9.496480e-002  3.118587e-002  3.197496e-002
 9.543400e-002  3.153443e-002  3.128073e-002
 9.590330e-002  3.029510e-002  3.058634e-002
 9.637250e-002  3.059984e-002  2.989211e-002
 9.684180e-002  2.980767e-002  2.919772e-002
 9.731100e-002  2.924476e-002  2.850349e-002
 9.778020e-002  2.849520e-002  2.780925e-002
 9.824950e-002  2.824069e-002  2.711487e-002
 9.871870e-002  2.657631e-002  2.642063e-002
 9.918800e-002  2.570153e-002  2.572625e-002
 9.965720e-002  2.560408e-002  2.503201e-002
 1.001264e-001  2.460181e-002  2.441125e-002
 1.005957e-001  2.443294e-002  2.398965e-002
 1.010649e-001  2.380845e-002  2.356815e-002
 1.015341e-001  2.268381e-002  2.314665e-002
 1.020033e-001  2.243502e-002  2.272515e-002
 1.024726e-001  2.167956e-002  2.230356e-002
 1.029418e-001  2.105125e-002  2.188206e-002
 1.034110e-001  2.154798e-002  2.146056e-002
 1.038803e-001  2.046027e-002  2.103897e-002
 1.043495e-001  2.121254e-002  2.061747e-002
 1.048187e-001  1.979391e-002  2.019597e-002
 1.052879e-001  1.953680e-002  1.977446e-002
 1.057572e-001  1.770773e-002  1.935287e-002
 1.062264e-001  1.747185e-002  1.893137e-002
 1.066956e-001  1.754215e-002  1.850987e-002
 1.071648e-001  1.716429e-002  1.808837e-002
 1.076340e-001  1.749104e-002  1.766687e-002
 1.081032e-001  1.757358e-002  1.724537e-002
 1.085724e-001  1.650725e-002  1.682387e-002
 1.090417e-001  1.679874e-002  1.640228e-002
 1.095109e-001  1.629078e-002  1.598077e-002
 1.099801e-001  1.666654e-002  1.555927e-002
 1.104493e-001  1.536737e-002  1.531562e-002
 1.109185e-001  1.571554e-002  1.507985e-002
 1.113877e-001  1.464847e-002  1.484408e-002
 1.118569e-001  1.522952e-002  1.460831e-002
 1.123261e-001  1.501882e-002  1.437254e-002
 1.127953e-001  1.536467e-002  1.413677e-002
 1.132645e-001  1.401717e-002  1.390099e-002
 1.137337e-001  1.395903e-002  1.366522e-002
 1.142030e-001  1.432879e-002  1.342940e-002
 1.146722e-001  1.318768e-002  1.319363e-002
 1.151413e-001  1.347698e-002  1.295791e-002
 1.156106e-001  1.234276e-002  1.272208e-002
 1.160797e-001  1.283592e-002  1.248636e-002
 1.165489e-001  1.247583e-002  1.225059e-002
 1.170181e-001  1.132943e-002  1.201482e-002
 1.174873e-001  1.162637e-002  1.177905e-002
 1.179565e-001  1.153278e-002  1.154327e-002
 1.184257e-001  1.167255e-002  1.130750e-002
 1.188949e-001  1.119654e-002  1.107173e-002
 1.193641e-001  1.029143e-002  1.083596e-002
 1.198333e-001  1.074061e-002  1.060019e-002
 1.203025e-001  1.090528e-002  1.043607e-002
 1.207716e-001  1.119588e-002  1.031147e-002
 1.212408e-001  9.459771e-003  1.018684e-002
 1.217100e-001  9.631051e-003  1.006221e-002
 1.221792e-001  9.834971e-003  9.937586e-003
 1.226484e-001  9.902821e-003  9.812958e-003
 1.231175e-001  9.840701e-003  9.688357e-003
 1.235867e-001  9.467586e-003  9.563729e-003
 1.240559e-001  1.001896e-002  9.439101e-003
 1.245251e-001  9.485001e-003  9.314473e-003
 1.249942e-001  8.853466e-003  9.189871e-003
 1.254634e-001  8.966161e-003  9.065243e-003
 1.259326e-001  9.383446e-003  8.940615e-003
 1.264017e-001  9.156006e-003  8.816014e-003
 1.268709e-001  9.182181e-003  8.691386e-003
 1.273401e-001  9.129541e-003  8.566758e-003
 1.278093e-001  8.751276e-003  8.442130e-003
 1.282784e-001  8.306256e-003  8.317528e-003
 1.287476e-001  8.510016e-003  8.192900e-003
 1.292167e-001  7.095001e-003  8.068299e-003
 1.296859e-001  8.641406e-003  7.943671e-003
 1.301551e-001  7.409841e-003  7.837806e-003
 1.306242e-001  8.013646e-003  7.769955e-003
 1.310934e-001  7.674521e-003  7.702089e-003
 1.315625e-001  8.221116e-003  7.634237e-003
 1.320317e-001  7.625276e-003  7.566371e-003
 1.325008e-001  7.412231e-003  7.498520e-003
 1.329700e-001  8.022151e-003  7.430654e-003
 1.334391e-001  7.233911e-003  7.362802e-003
 1.339083e-001  7.393711e-003  7.294936e-003
 1.343774e-001  6.630521e-003  7.227084e-003
 1.348465e-001  7.545701e-003  7.159233e-003
 1.353157e-001  6.371966e-003  7.091367e-003
 1.357849e-001  7.615866e-003  7.023501e-003
 1.362540e-001  7.579936e-003  6.955649e-003
 1.367231e-001  6.720466e-003  6.887798e-003
 1.371923e-001  6.141421e-003  6.819932e-003
 1.376614e-001  6.930221e-003  6.752080e-003
 1.381305e-001  5.872371e-003  6.684229e-003
 1.385997e-001  6.822936e-003  6.616363e-003
 1.390688e-001  6.826396e-003  6.548511e-003
 1.395379e-001  7.277041e-003  6.480660e-003
 1.400070e-001  6.442761e-003  6.413163e-003
 1.404762e-001  6.759286e-003  6.369092e-003
 1.409453e-001  5.772396e-003  6.325030e-003
 1.414144e-001  5.967406e-003  6.280969e-003
 1.418836e-001  5.992766e-003  6.236898e-003
 1.423527e-001  6.187016e-003  6.192836e-003
 1.428218e-001  6.352166e-003  6.148774e-003
 1.432909e-001  6.153811e-003  6.104713e-003
 1.437600e-001  6.650761e-003  6.060651e-003
 1.442291e-001  6.164446e-003  6.016590e-003
 1.446983e-001  6.122411e-003  5.972519e-003
 1.451674e-001  6.413246e-003  5.928457e-003
 1.456365e-001  6.625771e-003  5.884395e-003
 1.461056e-001  5.357571e-003  5.840334e-003
 1.465747e-001  5.994806e-003  5.796272e-003
 1.470438e-001  6.228761e-003  5.752210e-003
 1.475129e-001  6.045626e-003  5.708149e-003
 1.479820e-001  5.771606e-003  5.664087e-003
 1.484511e-001  5.895711e-003  5.620025e-003
 1.489202e-001  5.421476e-003  5.575964e-003
 1.493893e-001  5.144896e-003  5.531902e-003
 1.498584e-001  5.965801e-003  5.487841e-003
 1.503275e-001  5.581171e-003  5.449537e-003
 1.507966e-001  5.303866e-003  5.413722e-003
 1.512657e-001  4.917831e-003  5.377908e-003
 1.517348e-001  5.639026e-003  5.342094e-003
 1.522039e-001  5.939491e-003  5.306280e-003
 1.526729e-001  6.147046e-003  5.270473e-003
 1.531420e-001  5.346301e-003  5.234659e-003
 1.536111e-001  4.960656e-003  5.198844e-003
 1.540802e-001  5.668851e-003  5.163030e-003
 1.545493e-001  5.242101e-003  5.127216e-003
 1.550184e-001  4.741826e-003  5.091401e-003
 1.554875e-001  5.400621e-003  5.055587e-003
 1.559565e-001  6.173251e-003  5.019780e-003
 1.564256e-001  5.612201e-003  4.983966e-003
 1.568947e-001  5.091051e-003  4.948152e-003
 1.573637e-001  5.001316e-003  4.912345e-003
 1.578328e-001  5.487061e-003  4.876531e-003
 1.583019e-001  5.168746e-003  4.840717e-003
 1.587709e-001  4.399081e-003  4.804910e-003
 1.592400e-001  4.269906e-003  4.769096e-003
 1.597091e-001  4.615056e-003  4.733281e-003
 1.601781e-001  4.756481e-003  4.698828e-003
 1.606472e-001  4.688156e-003  4.666579e-003
 1.611163e-001  4.432326e-003  4.634330e-003
 1.615853e-001  4.183776e-003  4.602088e-003
 1.620544e-001  5.129491e-003  4.569839e-003
 1.625234e-001  4.299231e-003  4.537597e-003
 1.629925e-001  4.665871e-003  4.505348e-003
 1.634615e-001  4.894546e-003  4.473105e-003
 1.639306e-001  3.958546e-003  4.440856e-003
 1.643996e-001  3.867201e-003  4.408614e-003
 1.648687e-001  4.497936e-003  4.376365e-003
 1.653377e-001  5.085066e-003  4.344123e-003
 1.658067e-001  3.385091e-003  4.311881e-003
 1.662758e-001  5.098276e-003  4.279632e-003
 1.667448e-001  4.007796e-003  4.247389e-003
 1.672139e-001  4.923951e-003  4.215140e-003
 1.676829e-001  3.922261e-003  4.182898e-003
 1.681519e-001  3.735141e-003  4.150656e-003
 1.686210e-001  4.309511e-003  4.118407e-003
 1.690900e-001  4.614186e-003  4.086165e-003
 1.695590e-001  3.602826e-003  4.053923e-003
 1.700280e-001  3.628936e-003  4.021895e-003
 1.704971e-001  3.338126e-003  3.993239e-003
 1.709661e-001  4.092396e-003  3.964590e-003
 1.714351e-001  3.698111e-003  3.935941e-003
 1.719041e-001  3.974636e-003  3.907292e-003
 1.723732e-001  4.569981e-003  3.878636e-003
 1.728422e-001  4.091481e-003  3.849987e-003
 1.733112e-001  4.116526e-003  3.821337e-003
 1.737802e-001  3.357501e-003  3.792688e-003
 1.742492e-001  4.573076e-003  3.764039e-003
 1.747182e-001  3.569381e-003  3.735389e-003
 1.751872e-001  4.116811e-003  3.706740e-003
 1.756562e-001  3.892446e-003  3.678091e-003
 1.761252e-001  3.219471e-003  3.649442e-003
 1.765942e-001  3.040556e-003  3.620792e-003
 1.770632e-001  3.235821e-003  3.592143e-003
 1.775322e-001  3.898906e-003  3.563494e-003
 1.780012e-001  3.636941e-003  3.534844e-003
 1.784702e-001  3.636041e-003  3.506195e-003
 1.789392e-001  3.997691e-003  3.477546e-003
 1.794082e-001  3.500806e-003  3.448896e-003
 1.798772e-001  4.090211e-003  3.420247e-003
 1.803461e-001  3.741536e-003  3.394850e-003
 1.808151e-001  3.122586e-003  3.370600e-003
 1.812841e-001  3.717391e-003  3.346351e-003
 1.817531e-001  4.063586e-003  3.322101e-003
 1.822221e-001  3.357001e-003  3.297851e-003
 1.826911e-001  2.594646e-003  3.273601e-003
 1.831600e-001  3.375246e-003  3.249356e-003
 1.836290e-001  3.622956e-003  3.225106e-003
 1.840980e-001  3.516076e-003  3.200856e-003
 1.845669e-001  3.367296e-003  3.176611e-003
 1.850359e-001  2.672556e-003  3.152362e-003
 1.855049e-001  3.608861e-003  3.128112e-003
 1.859738e-001  2.935471e-003  3.103867e-003
 1.864428e-001  2.783771e-003  3.079617e-003
 1.869117e-001  2.867586e-003  3.055372e-003
 1.873807e-001  2.991376e-003  3.031122e-003
 1.878497e-001  2.673441e-003  3.006872e-003
 1.883186e-001  3.170691e-003  2.982628e-003
 1.887876e-001  3.835076e-003  2.958378e-003
 1.892565e-001  2.768236e-003  2.934133e-003
 1.897255e-001  3.584126e-003  2.909883e-003
 1.901944e-001  2.750636e-003  2.887434e-003
 1.906633e-001  2.819171e-003  2.867520e-003
 1.911323e-001  2.742686e-003  2.847602e-003
 1.916012e-001  3.195876e-003  2.827688e-003
 1.920702e-001  2.118716e-003  2.807770e-003
 1.925391e-001  3.483086e-003  2.787856e-003
 1.930080e-001  2.733811e-003  2.767942e-003
 1.934770e-001  2.268411e-003  2.748024e-003
 1.939459e-001  2.554361e-003  2.728110e-003
 1.944148e-001  2.367711e-003  2.708196e-003
 1.948837e-001  2.509946e-003  2.688282e-003
 1.953527e-001  2.437186e-003  2.668364e-003
 1.958216e-001  2.195366e-003  2.648450e-003
 1.962905e-001  2.561201e-003  2.628536e-003
 1.967594e-001  2.088516e-003  2.608622e-003
 1.972283e-001  2.790791e-003  2.588708e-003
 1.976973e-001  2.236976e-003  2.568790e-003
 1.981662e-001  2.775311e-003  2.548876e-003
 1.986351e-001  2.131036e-003  2.528962e-003
 1.991040e-001  2.440446e-003  2.509048e-003
 1.995729e-001  2.594981e-003  2.489134e-003
 2.000418e-001  1.958476e-003  2.469532e-003
 2.005107e-001  2.064031e-003  2.453123e-003
 2.009796e-001  2.628316e-003  2.436713e-003
 2.014485e-001  2.132311e-003  2.420304e-003
 2.019174e-001  2.747946e-003  2.403894e-003
 2.023863e-001  2.725186e-003  2.387484e-003
 2.028552e-001  2.491116e-003  2.371075e-003
 2.033241e-001  2.343716e-003  2.354665e-003
 2.037930e-001  2.112691e-003  2.338256e-003
 2.042619e-001  2.031366e-003  2.321846e-003
 2.047307e-001  2.358901e-003  2.305440e-003
 2.051996e-001  2.528476e-003  2.289030e-003
 2.056685e-001  2.106931e-003  2.272621e-003
 2.061373e-001  2.267586e-003  2.256215e-003
 2.066062e-001  1.794451e-003  2.239805e-003
 2.070751e-001  2.192021e-003  2.223395e-003
 2.075439e-001  2.127516e-003  2.206989e-003
 2.080128e-001  2.191676e-003  2.190580e-003
 2.084817e-001  2.515711e-003  2.174170e-003
 2.089506e-001  2.294116e-003  2.157760e-003
 2.094194e-001  1.756821e-003  2.141354e-003
 2.098883e-001  1.860766e-003  2.124945e-003
 2.103571e-001  2.457271e-003  2.110471e-003
 2.108260e-001  2.085956e-003  2.096599e-003
 2.112948e-001  2.207446e-003  2.082730e-003
 2.117637e-001  2.288151e-003  2.068857e-003
 2.122325e-001  2.365726e-003  2.054988e-003
 2.127014e-001  1.869936e-003  2.041116e-003
 2.131702e-001  1.815161e-003  2.027247e-003
 2.136391e-001  2.105911e-003  2.013375e-003
 2.141079e-001  1.401971e-003  1.999506e-003
 2.145767e-001  1.546196e-003  1.985636e-003
 2.150456e-001  2.011471e-003  1.971764e-003
 2.155144e-001  1.466306e-003  1.957895e-003
 2.159833e-001  2.189201e-003  1.944023e-003
 2.164521e-001  1.873366e-003  1.930154e-003
 2.169209e-001  1.746046e-003  1.916284e-003
 2.173897e-001  2.097336e-003  1.902415e-003
 2.178586e-001  2.101531e-003  1.888543e-003
 2.183274e-001  2.387211e-003  1.874674e-003
 2.187962e-001  2.543116e-003  1.860805e-003
 2.192650e-001  2.267786e-003  1.846936e-003
 2.197338e-001  1.611146e-003  1.833066e-003
 2.202026e-001  2.000976e-003  1.820043e-003
 2.206714e-001  2.296631e-003  1.808133e-003
 2.211402e-001  1.485401e-003  1.796222e-003
 2.216090e-001  1.477446e-003  1.784311e-003
 2.220778e-001  1.322066e-003  1.772400e-003
 2.225466e-001  2.282256e-003  1.760489e-003
 2.230154e-001  1.111446e-003  1.748578e-003
 2.234842e-001  1.915396e-003  1.736667e-003
 2.239530e-001  1.706631e-003  1.724757e-003
 2.244218e-001  1.301021e-003  1.712846e-003
 2.248905e-001  1.331551e-003  1.700937e-003
 2.253594e-001  1.584411e-003  1.689024e-003
 2.258282e-001  1.587256e-003  1.677113e-003
 2.262969e-001  1.303951e-003  1.665205e-003
 2.267657e-001  1.802256e-003  1.653294e-003
 2.272345e-001  1.380171e-003  1.641383e-003
 2.277033e-001  1.151291e-003  1.629472e-003
 2.281720e-001  1.372911e-003  1.617564e-003
 2.286408e-001  1.799351e-003  1.605653e-003
 2.291095e-001  1.265381e-003  1.593745e-003
 2.295783e-001  1.468096e-003  1.581834e-003
 2.300471e-001  1.009966e-003  1.570116e-003
 2.305158e-001  7.846307e-004  1.560135e-003
 2.309846e-001  1.526311e-003  1.550152e-003
 2.314534e-001  1.433306e-003  1.540168e-003
 2.319221e-001  1.005461e-003  1.530187e-003
 2.323908e-001  1.607901e-003  1.520205e-003
 2.328596e-001  1.390796e-003  1.510222e-003
 2.333283e-001  1.609996e-003  1.500241e-003
 2.337971e-001  1.529311e-003  1.490257e-003
 2.342658e-001  1.872801e-003  1.480276e-003
 2.347345e-001  1.619716e-003  1.470294e-003
 2.352033e-001  7.377357e-004  1.460311e-003
 2.356720e-001  1.516971e-003  1.450330e-003
 2.361408e-001  1.511381e-003  1.440346e-003
 2.366095e-001  1.401461e-003  1.430365e-003
 2.370782e-001  1.476941e-003  1.420384e-003
 2.375469e-001  1.573671e-003  1.410402e-003
 2.380156e-001  1.275301e-003  1.400421e-003
 2.384843e-001  1.440301e-003  1.390439e-003
 2.389530e-001  1.143126e-003  1.380458e-003
 2.394218e-001  1.621496e-003  1.370475e-003
 2.398905e-001  1.614626e-003  1.360493e-003
 2.403592e-001  1.025591e-003  1.352190e-003
 2.408279e-001  1.764031e-003  1.344398e-003
 2.412966e-001  1.250166e-003  1.336606e-003
 2.417653e-001  1.253041e-003  1.328814e-003
 2.422340e-001  1.193691e-003  1.321023e-003
 2.427027e-001  1.392326e-003  1.313231e-003
 2.431714e-001  8.328007e-004  1.305439e-003
 2.436401e-001  1.125466e-003  1.297647e-003
 2.441087e-001  1.072281e-003  1.289857e-003
 2.445774e-001  1.073526e-003  1.282065e-003
 2.450461e-001  1.106946e-003  1.274273e-003
 2.455148e-001  1.352406e-003  1.266481e-003
 2.459835e-001  1.127731e-003  1.258689e-003
 2.464521e-001  1.199361e-003  1.250899e-003
 2.469208e-001  1.004551e-003  1.243107e-003
 2.473895e-001  1.778951e-003  1.235316e-003
 2.478582e-001  1.015161e-003  1.227524e-003
 2.483268e-001  1.235466e-003  1.219733e-003
 2.487955e-001  7.749057e-004  1.211942e-003
 2.492641e-001  7.277657e-004  1.204151e-003
 2.497328e-001  1.207011e-003  1.196360e-003
 2.502014e-001  5.502307e-004  1.189574e-003
 2.506701e-001  7.290707e-004  1.184119e-003
 2.511387e-001  1.024156e-003  1.178665e-003
 2.516074e-001  5.248257e-004  1.173210e-003
 2.520760e-001  1.542586e-003  1.167756e-003
 2.525447e-001  9.305307e-004  1.162301e-003
 2.530133e-001  1.468471e-003  1.156847e-003
 2.534819e-001  7.215807e-004  1.151393e-003
 2.539505e-001  1.381551e-003  1.145940e-003
 2.544192e-001  1.053351e-003  1.140485e-003
 2.548878e-001  1.475676e-003  1.135031e-003
 2.553564e-001  4.849357e-004  1.129577e-003
 2.558250e-001  1.008006e-003  1.124123e-003
 2.562937e-001  1.016851e-003  1.118668e-003
 2.567623e-001  1.040156e-003  1.113214e-003
 2.572309e-001  1.268231e-003  1.107761e-003
 2.576995e-001  1.413001e-003  1.102307e-003
 2.581681e-001  7.324707e-004  1.096853e-003
 2.586368e-001  6.264257e-004  1.091398e-003
 2.591053e-001  8.877957e-004  1.085945e-003
 2.595739e-001  5.500857e-004  1.080491e-003
 2.600425e-001  9.979657e-004  1.075228e-003
 2.605111e-001  1.259076e-003  1.071878e-003
 2.609797e-001  7.743457e-004  1.068528e-003
 2.614483e-001  5.611657e-004  1.065178e-003
 2.619169e-001  9.534457e-004  1.061827e-003
 2.623855e-001  3.205307e-004  1.058477e-003
 2.628541e-001  1.162476e-003  1.055127e-003
 2.633226e-001  9.042307e-004  1.051777e-003
 2.637912e-001  1.265701e-003  1.048427e-003
 2.642598e-001  1.284096e-003  1.045077e-003
 2.647284e-001  8.934557e-004  1.041726e-003
 2.651969e-001  9.487407e-004  1.038377e-003
 2.656655e-001  1.039086e-003  1.035027e-003
 2.661340e-001  6.916157e-004  1.031677e-003
 2.666026e-001  2.897207e-004  1.028327e-003
 2.670712e-001  3.093157e-004  1.024976e-003
 2.675397e-001  1.328916e-003  1.021627e-003
 2.680083e-001  1.244931e-003  1.018277e-003
 2.684768e-001  1.013451e-003  1.014927e-003
 2.689454e-001  9.322557e-004  1.011577e-003
 2.694139e-001  1.668411e-003  1.008227e-003
 2.698825e-001  1.176206e-003  1.004877e-003
 2.703510e-001  1.150606e-003  1.002632e-003
 2.708195e-001  1.377471e-003  1.000758e-003
 2.712880e-001  1.069501e-003  9.988834e-004
 2.717566e-001  1.083496e-003  9.970085e-004
 2.722251e-001  1.050991e-003  9.951340e-004
 2.726937e-001  9.877607e-004  9.932591e-004
 2.731622e-001  6.160307e-004  9.913846e-004
 2.736307e-001  1.339506e-003  9.895101e-004
 2.740992e-001  4.733257e-004  9.876355e-004
 2.745677e-001  9.876357e-004  9.857610e-004
 2.750362e-001  3.820057e-004  9.838865e-004
 2.755047e-001  9.352307e-004  9.820120e-004
 2.759732e-001  8.164457e-004  9.801375e-004
 2.764417e-001  9.252007e-004  9.782630e-004
 2.769102e-001  1.107616e-003  9.763884e-004
 2.773787e-001  9.266857e-004  9.745139e-004
 2.778472e-001  1.351721e-003  9.726394e-004
 2.783157e-001  1.147591e-003  9.707649e-004
 2.787842e-001  8.262907e-004  9.688904e-004
 2.792527e-001  8.883207e-004  9.670159e-004
 2.797211e-001  1.402661e-003  9.651417e-004
 2.801896e-001  1.065586e-003  9.635483e-004
 2.806581e-001  8.271857e-004  9.623682e-004
 2.811266e-001  1.180491e-003  9.611881e-004
 2.815950e-001  7.323057e-004  9.600082e-004
 2.820635e-001  9.985257e-004  9.588281e-004
 2.825320e-001  1.546316e-003  9.576481e-004
 2.830004e-001  1.034401e-003  9.564682e-004
 2.834689e-001  5.550157e-004  9.552881e-004
 2.839374e-001  5.622107e-004  9.541080e-004
 2.844058e-001  7.608657e-004  9.529282e-004
 2.848742e-001  7.338207e-004  9.517484e-004
 2.853427e-001  1.471846e-003  9.505683e-004
 2.858111e-001  1.125761e-003  9.493884e-004
 2.862796e-001  1.516241e-003  9.482084e-004
 2.867480e-001  1.220761e-003  9.470285e-004
 2.872164e-001  1.180076e-003  9.458487e-004
 2.876849e-001  7.009657e-004  9.446686e-004
 2.881533e-001  8.434107e-004  9.434888e-004
 2.886217e-001  1.078386e-003  9.423089e-004
 2.890901e-001  5.623057e-004  9.411291e-004
 2.895586e-001  5.248307e-004  9.399490e-004
 2.900270e-001  2.784507e-004  9.387693e-004
 2.904954e-001  1.182006e-003  9.375915e-004
 2.909638e-001  9.181457e-004  9.364137e-004
 2.914322e-001  1.078196e-003  9.352359e-004
 2.919006e-001  1.623451e-003  9.340581e-004
 2.923690e-001  1.002786e-003  9.328804e-004
 2.928374e-001  8.146357e-004  9.317026e-004
 2.933058e-001  6.735807e-004  9.305248e-004
 2.937742e-001  9.020807e-004  9.293470e-004
 2.942426e-001  1.382136e-003  9.281692e-004
 2.947110e-001  8.302957e-004  9.269914e-004
 2.951793e-001  1.787257e-004  9.258139e-004
 2.956477e-001  8.406071e-005  9.246361e-004
 2.961161e-001  1.239557e-004  9.234583e-004
 2.965844e-001  1.031101e-003  9.222808e-004
 2.970528e-001  9.923757e-004  9.211030e-004
 2.975212e-001  8.652257e-004  9.199252e-004
 2.979896e-001  1.079286e-003  9.187474e-004
 2.984579e-001  5.635357e-004  9.175699e-004
 2.989263e-001  4.517157e-004  9.163921e-004
 2.993947e-001  9.557507e-004  9.152143e-004
 2.998630e-001  9.784807e-004  9.140368e-004
 3.003313e-001  8.961757e-004  9.125677e-004
 3.007997e-001  8.934657e-004  9.109777e-004
 3.012681e-001  1.111341e-003  9.093877e-004
 3.017364e-001  7.317007e-004  9.077980e-004
 3.022047e-001  1.215986e-003  9.062084e-004
 3.026730e-001  9.617207e-004  9.046187e-004
 3.031414e-001  7.123357e-004  9.030287e-004
 3.036097e-001  1.107061e-003  9.014390e-004
 3.040780e-001  6.707007e-004  8.998494e-004
 3.045464e-001  6.782707e-004  8.982594e-004
 3.050147e-001  9.906757e-004  8.966697e-004
 3.054830e-001  1.161196e-003  8.950800e-004
 3.059513e-001  1.361396e-003  8.934904e-004
 3.064196e-001  1.462596e-003  8.919007e-004
 3.068879e-001  7.838407e-004  8.903110e-004
 3.073562e-001  1.358886e-003  8.887214e-004
 3.078245e-001  8.136607e-004  8.871317e-004
 3.082928e-001  1.013461e-003  8.855420e-004
 3.087611e-001  8.792757e-004  8.839524e-004
 3.092294e-001  9.926607e-004  8.823627e-004
 3.096977e-001  7.675807e-004  8.807730e-004
 3.101659e-001  1.027261e-003  8.790097e-004
 3.106342e-001  9.295507e-004  8.769290e-004
 3.111025e-001  1.119421e-003  8.748482e-004
 3.115707e-001  1.309691e-003  8.727679e-004
 3.120390e-001  1.009421e-003  8.706872e-004
 3.125073e-001  8.487107e-004  8.686064e-004
 3.129755e-001  1.749807e-004  8.665261e-004
 3.134438e-001  1.178751e-003  8.644453e-004
 3.139121e-001  1.060646e-003  8.623646e-004
 3.143803e-001  7.792157e-004  8.602843e-004
 3.148486e-001  9.123157e-004  8.582035e-004
 3.153168e-001  5.053757e-004  8.561232e-004
 3.157851e-001  1.394466e-003  8.540424e-004
 3.162533e-001  9.825757e-004  8.519621e-004
 3.167215e-001  1.349606e-003  8.498818e-004
 3.171898e-001  9.094007e-004  8.478011e-004
 3.176580e-001  1.318911e-003  8.457207e-004
 3.181262e-001  1.158536e-003  8.436404e-004
 3.185945e-001  1.020936e-003  8.415597e-004
 3.190627e-001  7.617107e-004  8.394794e-004
 3.195309e-001  7.689007e-004  8.373990e-004
 3.199991e-001  9.588007e-004  8.353187e-004
 3.204673e-001  1.035151e-003  8.329548e-004
 3.209355e-001  1.318761e-003  8.305902e-004
 3.214037e-001  6.870407e-004  8.282257e-004
 3.218719e-001  6.512757e-004  8.258612e-004
 3.223401e-001  8.230757e-004  8.234966e-004
 3.228083e-001  1.403106e-003  8.211321e-004
 3.232765e-001  8.617257e-004  8.187676e-004
 3.237447e-001  1.402121e-003  8.164030e-004
 3.242129e-001  9.320907e-004  8.140385e-004
 3.246811e-001  1.235361e-003  8.116740e-004
 3.251493e-001  9.602007e-004  8.093094e-004
 3.256174e-001  1.074051e-003  8.069454e-004
 3.260856e-001  9.512957e-004  8.045809e-004
 3.265537e-001  8.394457e-004  8.022169e-004
 3.270219e-001  1.159121e-003  7.998523e-004
 3.274900e-001  8.328807e-004  7.974883e-004
 3.279582e-001  3.657907e-004  7.951238e-004
 3.284264e-001  9.821307e-004  7.927592e-004
 3.288945e-001  9.288657e-004  7.903952e-004
 3.293627e-001  7.049307e-004  7.880307e-004
 3.298308e-001  4.744907e-004  7.856667e-004
 3.302989e-001  7.497807e-004  7.833472e-004
 3.307671e-001  7.514207e-004  7.810525e-004
 3.312352e-001  1.296406e-003  7.787584e-004
 3.317034e-001  1.173376e-003  7.764637e-004
 3.321715e-001  4.180907e-004  7.741695e-004
 3.326396e-001  8.945107e-004  7.718753e-004
 3.331077e-001  1.081286e-003  7.695811e-004
 3.335758e-001  9.314257e-004  7.672869e-004
 3.340439e-001  6.479857e-004  7.649928e-004
 3.345120e-001  3.419907e-004  7.626986e-004
 3.349801e-001  9.358157e-004  7.604044e-004
 3.354482e-001  7.230807e-004  7.581102e-004
 3.359164e-001  3.337757e-004  7.558155e-004
 3.363844e-001  3.551157e-004  7.535218e-004
 3.368525e-001  3.767357e-004  7.512276e-004
 3.373206e-001  1.571651e-003  7.489334e-004
 3.377887e-001  5.583957e-004  7.466393e-004
 3.382568e-001  1.200076e-003  7.443451e-004
 3.387248e-001  8.867757e-004  7.420514e-004
 3.391929e-001  4.252707e-004  7.397572e-004
 3.396610e-001  3.769807e-004  7.374630e-004
 3.401291e-001  8.501857e-004  7.352768e-004
 3.405972e-001  1.018401e-003  7.333741e-004
 3.410652e-001  5.655257e-004  7.314719e-004
 3.415333e-001  1.277636e-003  7.295692e-004
 3.420013e-001  8.183607e-004  7.276670e-004
 3.424693e-001  5.303257e-004  7.257647e-004
 3.429374e-001  3.609307e-004  7.238621e-004
 3.434054e-001  3.378557e-004  7.219598e-004
 3.438735e-001  1.005556e-003  7.200572e-004
 3.443415e-001  7.045307e-004  7.181549e-004
 3.448096e-001  9.885457e-004  7.162523e-004
 3.452776e-001  6.291557e-004  7.143500e-004
 3.457456e-001  1.007366e-003  7.124478e-004
 3.462136e-001  1.620757e-004  7.105455e-004
 3.466816e-001  2.612907e-004  7.086433e-004
 3.471496e-001  2.286907e-004  7.067410e-004
 3.476176e-001  1.034016e-003  7.048388e-004
 3.480857e-001  7.781257e-004  7.029361e-004
 3.485537e-001  7.442657e-004  7.010339e-004
 3.490216e-001  8.658257e-004  6.991320e-004
 3.494896e-001  6.443207e-004  6.972298e-004
 3.499577e-001  5.114757e-004  6.953271e-004
 3.504256e-001  1.841607e-004  6.938976e-004
 3.508936e-001  8.168207e-004  6.925148e-004
 3.513616e-001  4.173257e-004  6.911320e-004
 3.518296e-001  3.460007e-004  6.897492e-004
 3.522975e-001  4.723807e-004  6.883667e-004
 3.527655e-001  7.803707e-004  6.869839e-004
 3.532335e-001  3.422707e-004  6.856010e-004
 3.537014e-001  3.861557e-004  6.842185e-004
 3.541694e-001  1.131521e-003  6.828357e-004
 3.546373e-001  3.463007e-004  6.814532e-004
 3.551053e-001  1.138126e-003  6.800704e-004
 3.555732e-001  6.595907e-004  6.786879e-004
 3.560412e-001  8.058707e-004  6.773050e-004
 3.565091e-001 -7.443429e-005  6.759225e-004
 3.569771e-001  3.292457e-004  6.745397e-004
 3.574450e-001  4.177607e-004  6.731572e-004
 3.579129e-001  9.531807e-004  6.717747e-004
 3.583808e-001  1.402216e-003  6.703921e-004
 3.588488e-001  6.645907e-004  6.690093e-004
 3.593167e-001  8.321907e-004  6.676268e-004
 3.597846e-001  1.199696e-003  6.662443e-004
 3.602525e-001  5.884407e-004  6.650885e-004
 3.607205e-001  6.224907e-004  6.641258e-004
 3.611883e-001  3.964357e-004  6.631636e-004
 3.616562e-001  1.070411e-003  6.622012e-004
 3.621241e-001  4.951657e-004  6.612387e-004
 3.625921e-001  1.406401e-003  6.602761e-004
 3.630599e-001  4.432707e-004  6.593139e-004
 3.635278e-001  1.192656e-003  6.583514e-004
 3.639957e-001  1.341731e-003  6.573890e-004
 3.644635e-001  9.229657e-004  6.564268e-004
 3.649314e-001  8.574457e-004  6.554644e-004
 3.653993e-001  1.023441e-003  6.545019e-004
 3.658672e-001  5.905157e-004  6.535395e-004
 3.663350e-001  8.786757e-004  6.525773e-004
 3.668029e-001  5.114107e-004  6.516148e-004
 3.672707e-001  8.886557e-004  6.506526e-004
 3.677386e-001  2.341857e-004  6.496902e-004
 3.682064e-001  1.451707e-004  6.487279e-004
 3.686743e-001  4.685607e-004  6.477655e-004
 3.691421e-001  5.688557e-004  6.468033e-004
 3.696100e-001  1.496207e-004  6.458409e-004
 3.700778e-001  1.036236e-003  6.449148e-004
 3.705456e-001  7.917957e-004  6.441704e-004
 3.710134e-001  6.443407e-004  6.434260e-004
 3.714813e-001  3.669307e-004  6.426814e-004
 3.719491e-001  7.256557e-004  6.419369e-004
 3.724169e-001  1.073236e-003  6.411925e-004
 3.728847e-001  3.044571e-005  6.404480e-004
 3.733525e-001  1.153431e-003  6.397036e-004
 3.738203e-001  1.052021e-003  6.389592e-004
 3.742881e-001  1.280361e-003  6.382147e-004
 3.747559e-001  6.611207e-004  6.374703e-004
 3.752237e-001  8.591157e-004  6.367258e-004
 3.756915e-001  8.677571e-005  6.359814e-004
 3.761593e-001  9.593607e-004  6.352370e-004
 3.766270e-001  3.658407e-004  6.344927e-004
 3.770948e-001  9.152557e-004  6.337482e-004
 3.775626e-001  1.138806e-003  6.330038e-004
 3.780303e-001  7.268307e-004  6.322595e-004
 3.784981e-001  6.260507e-004  6.315151e-004
 3.789659e-001  6.519207e-004  6.307706e-004
 3.794336e-001  1.608307e-004  6.300264e-004
 3.799013e-001  6.628207e-004  6.292821e-004
 3.803691e-001  1.288101e-003  6.285983e-004
 3.808368e-001  5.135307e-004  6.279309e-004
 3.813046e-001  5.741357e-004  6.272633e-004
 3.817723e-001  4.500257e-004  6.265959e-004
 3.822401e-001  4.979807e-004  6.259283e-004
 3.827078e-001  3.997457e-004  6.252609e-004
 3.831755e-001  6.150307e-004  6.245935e-004
 3.836432e-001  2.026357e-004  6.239261e-004
 3.841110e-001  1.460407e-004  6.232585e-004
 3.845786e-001  1.546307e-004  6.225913e-004
 3.850463e-001  9.296757e-004  6.219238e-004
 3.855140e-001  8.817807e-004  6.212564e-004
 3.859817e-001  6.139407e-004  6.205890e-004
 3.864495e-001  6.408007e-004  6.199215e-004
 3.869171e-001  5.670707e-004  6.192542e-004
 3.873848e-001  1.048261e-003  6.185868e-004
 3.878525e-001  4.187571e-005  6.179194e-004
 3.883202e-001 -5.799429e-005  6.172519e-004
 3.887878e-001  1.156626e-003  6.165847e-004
 3.892555e-001  5.243557e-004  6.159172e-004
 3.897232e-001  2.573257e-004  6.152498e-004
 3.901908e-001  7.754807e-004  6.146175e-004
 3.906585e-001  2.623057e-004  6.140357e-004
 3.911262e-001  2.285957e-004  6.134538e-004
 3.915938e-001  8.852107e-004  6.128721e-004
 3.920615e-001  8.311307e-004  6.122903e-004
 3.925291e-001  4.562907e-004  6.117086e-004
 3.929967e-001  4.262257e-004  6.111269e-004
 3.934644e-001  1.104591e-003  6.105451e-004
 3.939320e-001  6.816007e-004  6.099634e-004
 3.943996e-001  6.940907e-004  6.093817e-004
 3.948672e-001  1.135726e-003  6.088000e-004
 3.953349e-001  4.138357e-004  6.082182e-004
 3.958025e-001  3.581657e-004  6.076365e-004
 3.962701e-001  4.607107e-004  6.070548e-004
 3.967377e-001  2.534057e-004  6.064731e-004
 3.972053e-001  4.283857e-004  6.058914e-004
 3.976729e-001  2.281357e-004  6.053097e-004
 3.981405e-001  4.978157e-004  6.047280e-004
 3.986081e-001  5.378657e-004  6.041463e-004
 3.990757e-001 -8.822429e-005  6.035646e-004
 3.995433e-001  3.584057e-004  6.029829e-004
 4.000108e-001  8.271657e-004  6.024058e-004
 4.004784e-001  4.622807e-004  6.020199e-004
 4.009459e-001  1.048111e-003  6.016340e-004
 4.014135e-001  1.014936e-003  6.012481e-004
 4.018811e-001  8.240107e-004  6.008621e-004
 4.023487e-001  3.897107e-004  6.004762e-004
 4.028162e-001  7.768407e-004  6.000903e-004
 4.032837e-001  8.598257e-004  5.997044e-004
 4.037513e-001  6.542807e-004  5.993185e-004
 4.042188e-001  4.378257e-004  5.989326e-004
 4.046864e-001  6.524307e-004  5.985467e-004
 4.051539e-001  9.399757e-004  5.981608e-004
 4.056214e-001  2.182571e-005  5.977749e-004
 4.060889e-001  2.964757e-004  5.973891e-004
 4.065565e-001  5.153207e-004  5.970031e-004
 4.070240e-001  1.314036e-003  5.966172e-004
 4.074915e-001  6.352357e-004  5.962314e-004
 4.079590e-001  7.331507e-004  5.958455e-004
 4.084265e-001  4.798657e-004  5.954596e-004
 4.088940e-001  9.541007e-004  5.950738e-004
 4.093615e-001  6.023707e-004  5.946879e-004
 4.098290e-001  4.636957e-004  5.943020e-004
 4.102964e-001  6.700157e-004  5.940856e-004
 4.107639e-001  9.095007e-004  5.939668e-004
 4.112314e-001  4.174057e-004  5.938480e-004
 4.116989e-001  4.700557e-004  5.937293e-004
 4.121664e-001  5.616257e-004  5.936105e-004
 4.126338e-001  3.999057e-004  5.934918e-004
 4.131013e-001  2.493157e-004  5.933730e-004
 4.135687e-001  8.476807e-004  5.932543e-004
 4.140362e-001  5.727357e-004  5.931355e-004
 4.145036e-001  6.331757e-004  5.930168e-004
 4.149711e-001  5.005357e-004  5.928980e-004
 4.154385e-001  1.226826e-003  5.927792e-004
 4.159059e-001  1.079101e-003  5.926605e-004
 4.163733e-001  7.929307e-004  5.925418e-004
 4.168408e-001  6.528757e-004  5.924230e-004
 4.173082e-001  2.436757e-004  5.923043e-004
 4.177756e-001  1.032006e-003  5.921855e-004
 4.182431e-001  9.003007e-004  5.920667e-004
 4.187105e-001  1.069521e-003  5.919480e-004
 4.191779e-001  7.723357e-004  5.918293e-004
 4.196453e-001  6.350857e-004  5.917105e-004
 4.201127e-001  5.168357e-004  5.916401e-004
 4.205800e-001  8.351307e-004  5.917217e-004
 4.210474e-001  1.013166e-003  5.918032e-004
 4.215148e-001  5.466407e-004  5.918848e-004
 4.219822e-001  6.834657e-004  5.919664e-004
 4.224496e-001  8.646557e-004  5.920480e-004
 4.229169e-001  6.693257e-004  5.921296e-004
 4.233843e-001  9.575257e-004  5.922112e-004
 4.238517e-001 -2.654893e-004  5.922927e-004
 4.243190e-001  9.232357e-004  5.923743e-004
 4.247863e-001  7.664207e-004  5.924559e-004
 4.252537e-001  3.363007e-004  5.925375e-004
 4.257210e-001  5.606657e-004  5.926190e-004
 4.261884e-001  3.109757e-004  5.927006e-004
 4.266557e-001 -2.454429e-005  5.927822e-004
 4.271230e-001  8.816257e-004  5.928638e-004
 4.275904e-001 -1.825993e-004  5.929454e-004
 4.280577e-001  6.069207e-004  5.930269e-004
 4.285250e-001  1.698807e-004  5.931085e-004
 4.289923e-001  6.534057e-004  5.931901e-004
 4.294596e-001  7.205857e-004  5.932716e-004
 4.299269e-001  2.177157e-004  5.933532e-004
 4.303942e-001  9.623507e-004  5.934441e-004
 4.308615e-001  4.738071e-005  5.935367e-004
 4.313288e-001  5.291257e-004  5.936294e-004
 4.317961e-001  4.217357e-004  5.937220e-004
 4.322633e-001  3.227557e-004  5.938147e-004
 4.327307e-001  5.910257e-004  5.939073e-004
 4.331979e-001 -1.042043e-004  5.939999e-004
 4.336652e-001  1.283971e-003  5.940926e-004
 4.341324e-001  1.283236e-003  5.941852e-004
 4.345997e-001  6.212557e-004  5.942778e-004
 4.350670e-001  2.954107e-004  5.943705e-004
 4.355342e-001  7.213057e-004  5.944631e-004
 4.360014e-001  9.368207e-004  5.945557e-004
 4.364687e-001  1.342641e-003  5.946484e-004
 4.369359e-001  9.747157e-004  5.947410e-004
 4.374032e-001  4.163457e-004  5.948336e-004
 4.378704e-001  1.097386e-003  5.949262e-004
 4.383376e-001  4.409057e-004  5.950189e-004
 4.388048e-001  1.026071e-003  5.951115e-004
 4.392720e-001  5.269907e-004  5.952041e-004
 4.397392e-001  5.062507e-004  5.952967e-004
 4.402064e-001  6.775107e-004  5.953071e-004
 4.406737e-001  6.309457e-004  5.952137e-004
 4.411409e-001  2.438757e-004  5.951203e-004
 4.416080e-001  5.522207e-004  5.950268e-004
 4.420753e-001  1.238356e-003  5.949334e-004
 4.425425e-001  6.109907e-004  5.948399e-004
 4.430096e-001  1.464711e-003  5.947465e-004
 4.434768e-001  5.209257e-004  5.946531e-004
 4.439439e-001  8.924857e-004  5.945597e-004
 4.444111e-001  3.414157e-004  5.944662e-004
 4.448782e-001  6.723557e-004  5.943728e-004
 4.453454e-001  6.751207e-004  5.942794e-004
 4.458126e-001  1.144506e-003  5.941859e-004
 4.462797e-001  9.995571e-005  5.940925e-004
 4.467468e-001  1.553156e-003  5.939991e-004
 4.472139e-001  1.010621e-003  5.939057e-004
 4.476811e-001  4.845357e-004  5.938123e-004
 4.481482e-001  1.457191e-003  5.937188e-004
 4.486153e-001  8.366157e-004  5.936254e-004
 4.490825e-001  2.443757e-004  5.935320e-004
 4.495496e-001  8.978307e-004  5.934386e-004
 4.500167e-001  8.731857e-004  5.933354e-004
 4.504838e-001  1.041566e-003  5.929697e-004
 4.509509e-001  1.117391e-003  5.926040e-004
 4.514180e-001  4.944957e-004  5.922383e-004
 4.518851e-001  8.482407e-004  5.918726e-004
 4.523521e-001  1.288796e-003  5.915070e-004
 4.528193e-001  8.698757e-004  5.911412e-004
 4.532863e-001  5.506907e-004  5.907756e-004
 4.537534e-001  6.872557e-004  5.904099e-004
 4.542204e-001  1.649396e-003  5.900443e-004
 4.546875e-001  7.394157e-004  5.896786e-004
 4.551545e-001  1.868657e-004  5.893130e-004
 4.556216e-001  1.062026e-003  5.889473e-004
 4.560886e-001  1.429771e-003  5.885816e-004
 4.565557e-001  9.979407e-004  5.882159e-004
 4.570228e-001  1.276357e-004  5.878502e-004
 4.574897e-001  8.235071e-005  5.874847e-004
 4.579568e-001  1.815107e-004  5.871190e-004
 4.584238e-001 -7.162429e-005  5.867534e-004
 4.588908e-001 -4.032843e-004  5.863877e-004
 4.593578e-001  6.294507e-004  5.860221e-004
 4.598248e-001  6.637507e-004  5.856565e-004
 4.602918e-001  2.576007e-004  5.851563e-004
 4.607589e-001 -3.085793e-004  5.845752e-004
 4.612258e-001  1.205311e-003  5.839943e-004
 4.616928e-001  1.621521e-003  5.834133e-004
 4.621599e-001  3.098157e-004  5.828321e-004
 4.626268e-001  7.868607e-004  5.822512e-004
 4.630938e-001  4.924357e-004  5.816702e-004
 4.635608e-001  1.103736e-003  5.810892e-004
 4.640278e-001  1.065261e-003  5.805082e-004
 4.644946e-001 -6.578443e-004  5.799274e-004
 4.649616e-001  6.985457e-004  5.793464e-004
 4.654286e-001  1.531986e-003  5.787654e-004
 4.658955e-001  8.149307e-004  5.781845e-004
 4.663625e-001  1.367057e-004  5.776035e-004
 4.668294e-001  6.496007e-004  5.770226e-004
 4.672963e-001  2.273986e-003  5.764417e-004
 4.677633e-001  1.645757e-004  5.758607e-004
 4.682302e-001  8.928207e-004  5.752798e-004
 4.686971e-001  2.782707e-004  5.746990e-004
 4.691641e-001  1.067966e-003  5.741179e-004
 4.696309e-001  1.078681e-003  5.735372e-004
 4.700978e-001  1.807111e-003  5.729400e-004
 4.705647e-001  9.678007e-004  5.722811e-004
 4.710317e-001  2.940791e-003  5.716222e-004
 4.714985e-001  2.059416e-003  5.709635e-004
 4.719654e-001  2.836281e-003  5.703046e-004
 4.724323e-001 -9.172343e-004  5.696458e-004
 4.728991e-001  3.273726e-003  5.689871e-004
 4.733661e-001  2.258936e-003  5.683281e-004
 4.738329e-001  2.885636e-003  5.676694e-004
 4.742998e-001  2.558351e-003  5.670106e-004
 4.747666e-001 -1.928109e-003  5.663519e-004
