
           ####    G N O M   ---   Version 4.5a revised 09/02/02     ####

                                                    26-May-2011   17:43:26
           ===    Run No   1   ===
 Run title:  0.003048	13.14	15.32


  Number of points omitted at the beginning:          12
  Number of points omitted at the end:          70
   *******    Input file(s) : PSI100D2O0.12DMo.txt
           Condition P(rmin) = 0 is used. 
           Condition P(rmax) = 0 is used. 

          Highest ALPHA is found to be   0.2775E+02

  The measure of inconsistency AN1 equals to    0.3684E+00
     Alpha    Discrp  Oscill  Stabil  Sysdev  Positv  Valcen    Total   
  0.2775E+05  9.7038  1.1564  0.9829  0.0000  1.0000  0.8680  0.38335
  0.5550E+04  9.4353  1.1545  0.9553  0.0000  1.0000  0.8684  0.38379
  0.1110E+04  8.3099  1.1457  0.8399  0.0000  1.0000  0.8708  0.38578
  0.2220E+03  5.4138  1.1122  0.5470  0.1600  1.0000  0.8799  0.39248
  0.4440E+02  2.5343  1.0500  0.2644  0.3520  1.0000  0.8994  0.40332
  0.8881E+01  1.2728  1.0335  0.1094  0.6080  1.0000  0.9156  0.51808
  0.1776E+01  0.9163  1.0862  0.0403  0.8320  1.0000  0.9231  0.72060
  0.3552E+00  0.8503  1.1517  0.0230  0.9280  1.0000  0.9235  0.96669
  0.7104E-01  0.8353  1.2525  0.0431  0.9280  1.0000  0.9254  0.93541
  0.1421E-01  0.8236  1.5865  0.0537  0.9920  1.0000  0.9302  0.81890
  0.2842E-02  0.8201  1.9098  0.0218  1.0240  1.0000  0.9316  0.76807
  0.5684E-03  0.8197  2.0686  0.0448  1.0240  1.0000  0.9319  0.72175
  0.1137E-03  0.8194  2.9636  0.2230  1.0240  1.0000  0.9272  0.49276
  0.2273E-04  0.8178  7.2210  0.6748  1.0240  0.9774  0.8419  0.43887
  0.4547E-05  0.8137  9.1639  0.6296  1.0240  0.8347  0.4873  0.33467
  0.9094E-06  0.8101  9.1524  0.2932  1.0560  0.7708  0.4383  0.32564
  0.1819E-06  0.8093  8.6269  0.2926  1.0880  0.7513  0.4333  0.32476
  0.3637E-07  0.8088  8.5534  0.5278  1.0880  0.7301  0.4255  0.32359
  0.7275E-08  0.8081  9.3189  0.3673  1.0560  0.7155  0.4076  0.32351
  0.1455E-08  0.8078  9.7503  0.2539  1.0560  0.7118  0.4198  0.32635
  0.2910E-09  0.8076 11.5034  0.7111  1.0560  0.7411  0.4492  0.32406
  0.5820E-10  0.8068 13.0905  0.9521  1.0560  0.7372  0.4539  0.00000

          ***  Golden section search to maximize estimate ***
     Alpha    Discrp  Oscill  Stabil  Sysdev  Positv  Valcen    Total   
  0.6569E+00  0.8626  1.1280  0.0264  0.9280  1.0000  0.9237  0.96248
  0.2809E+00  0.8473  1.1609  0.0231  0.9280  1.0000  0.9234  0.96652
  0.4492E+00  0.8540  1.1427  0.0238  0.9280  1.0000  0.9235  0.96587
  0.3247E+00  0.8491  1.1552  0.0229  0.9280  1.0000  0.9234  0.96674
  0.3072E+00  0.8484  1.1573  0.0229  0.9280  1.0000  0.9234  0.96671
  0.3361E+00  0.8495  1.1538  0.0229  0.9280  1.0000  0.9235  0.96674
  0.3179E+00  0.8488  1.1560  0.0229  0.9280  1.0000  0.9234  0.96674
  0.3290E+00  0.8492  1.1547  0.0229  0.9280  1.0000  0.9235  0.96675
  0.3317E+00  0.8493  1.1544  0.0229  0.9280  1.0000  0.9235  0.96674
  0.3274E+00  0.8492  1.1549  0.0229  0.9280  1.0000  0.9235  0.96675
  0.3264E+00  0.8491  1.1550  0.0229  0.9280  1.0000  0.9234  0.96675
  0.3280E+00  0.8492  1.1548  0.0229  0.9280  1.0000  0.9235  0.96675
  0.3284E+00  0.8492  1.1547  0.0229  0.9280  1.0000  0.9235  0.96675
  0.3278E+00  0.8492  1.1548  0.0229  0.9280  1.0000  0.9235  0.96675
  0.3278E+00  0.8492  1.1548  0.0229  0.9280  1.0000  0.9235  0.96675



             ####            Final results            ####

 Parameter    DISCRP    OSCILL    STABIL    SYSDEV    POSITV    VALCEN
 Weight        1.000     3.000     3.000     3.000     1.000     1.000
 Sigma         0.300     0.600     0.120     0.120     0.120     0.120
 Ideal         0.700     1.100     0.000     1.000     1.000     0.950
 Current       0.849     1.155     0.023     0.928     1.000     0.923
                - - - - - - - - - - - - - - - - - - - - - - - - - 
 Estimate      0.781     0.992     0.964     1.000     1.000     0.952

  Angular   range    :     from    0.0050   to    0.0829
  Real space range   :     from      0.00   to    230.00

  Highest ALPHA (theor) :   0.278E+05                 JOB = 0
  Current ALPHA         :   0.328E+00   Rg :  0.879E+02   I(0) :   0.170E+02

           Total  estimate : 0.967  which is  AN EXCELLENT  solution

      S          J EXP       ERROR       J REG       I REG

  0.0000E+00                                      0.1695E+02
  0.1801E-03                                      0.1695E+02
  0.3603E-03                                      0.1695E+02
  0.5404E-03                                      0.1694E+02
  0.7206E-03                                      0.1693E+02
  0.9007E-03                                      0.1692E+02
  0.1081E-02                                      0.1690E+02
  0.1261E-02                                      0.1688E+02
  0.1441E-02                                      0.1686E+02
  0.1621E-02                                      0.1684E+02
  0.1801E-02                                      0.1681E+02
  0.1982E-02                                      0.1678E+02
  0.2162E-02                                      0.1675E+02
  0.2342E-02                                      0.1672E+02
  0.2522E-02                                      0.1668E+02
  0.2702E-02                                      0.1664E+02
  0.2882E-02                                      0.1659E+02
  0.3062E-02                                      0.1655E+02
  0.3243E-02                                      0.1650E+02
  0.3423E-02                                      0.1645E+02
  0.3603E-02                                      0.1640E+02
  0.3783E-02                                      0.1634E+02
  0.3963E-02                                      0.1628E+02
  0.4143E-02                                      0.1622E+02
  0.4323E-02                                      0.1616E+02
  0.4504E-02                                      0.1609E+02
  0.4684E-02                                      0.1602E+02
  0.4864E-02                                      0.1595E+02
  0.5044E-02  0.1527E+02  0.3585E+01  0.1588E+02  0.1588E+02
  0.5206E-02  0.1504E+02  0.3085E+01  0.1581E+02  0.1581E+02
  0.5372E-02  0.1524E+02  0.2716E+01  0.1574E+02  0.1574E+02
  0.5544E-02  0.1558E+02  0.2587E+01  0.1566E+02  0.1566E+02
  0.5722E-02  0.1781E+02  0.2492E+01  0.1558E+02  0.1558E+02
  0.5905E-02  0.1550E+02  0.2277E+01  0.1550E+02  0.1550E+02
  0.6093E-02  0.1063E+02  0.2043E+01  0.1541E+02  0.1541E+02
  0.6288E-02  0.1775E+02  0.1879E+01  0.1531E+02  0.1531E+02
  0.6490E-02  0.1505E+02  0.1720E+01  0.1521E+02  0.1521E+02
  0.6697E-02  0.1559E+02  0.1718E+01  0.1510E+02  0.1510E+02
  0.6911E-02  0.1652E+02  0.1485E+01  0.1499E+02  0.1499E+02
  0.7132E-02  0.1292E+02  0.1376E+01  0.1487E+02  0.1487E+02
  0.7361E-02  0.1392E+02  0.1301E+01  0.1474E+02  0.1474E+02
  0.7596E-02  0.1479E+02  0.1194E+01  0.1461E+02  0.1461E+02
  0.7839E-02  0.1640E+02  0.1074E+01  0.1447E+02  0.1447E+02
  0.8090E-02  0.1459E+02  0.1058E+01  0.1432E+02  0.1432E+02
  0.8349E-02  0.1656E+02  0.9766E+00  0.1416E+02  0.1416E+02
  0.8616E-02  0.1524E+02  0.9049E+00  0.1400E+02  0.1400E+02
  0.8891E-02  0.1470E+02  0.8409E+00  0.1383E+02  0.1383E+02
  0.9176E-02  0.1496E+02  0.7930E+00  0.1364E+02  0.1364E+02
  0.9469E-02  0.1358E+02  0.7642E+00  0.1345E+02  0.1345E+02
  0.9772E-02  0.1374E+02  0.7119E+00  0.1325E+02  0.1325E+02
  0.1008E-01  0.1322E+02  0.6951E+00  0.1304E+02  0.1304E+02
  0.1041E-01  0.1297E+02  0.6534E+00  0.1281E+02  0.1281E+02
  0.1074E-01  0.1260E+02  0.6240E+00  0.1258E+02  0.1258E+02
  0.1108E-01  0.1311E+02  0.5954E+00  0.1235E+02  0.1235E+02
  0.1144E-01  0.1162E+02  0.5692E+00  0.1209E+02  0.1209E+02
  0.1180E-01  0.1274E+02  0.5329E+00  0.1183E+02  0.1183E+02
  0.1218E-01  0.1151E+02  0.5128E+00  0.1155E+02  0.1155E+02
  0.1257E-01  0.1100E+02  0.5096E+00  0.1127E+02  0.1127E+02
  0.1281E-01  0.1178E+02  0.7738E+00  0.1109E+02  0.1109E+02
  0.1297E-01  0.1082E+02  0.4746E+00  0.1097E+02  0.1097E+02
  0.1322E-01  0.1100E+02  0.6994E+00  0.1079E+02  0.1079E+02
  0.1339E-01  0.1096E+02  0.4594E+00  0.1066E+02  0.1066E+02
  0.1364E-01  0.1109E+02  0.6795E+00  0.1047E+02  0.1047E+02
  0.1382E-01  0.1023E+02  0.4353E+00  0.1034E+02  0.1034E+02
  0.1407E-01  0.8640E+01  0.7105E+00  0.1016E+02  0.1016E+02
  0.1426E-01  0.9380E+01  0.4321E+00  0.1001E+02  0.1001E+02
  0.1452E-01  0.9520E+01  0.6248E+00  0.9822E+01  0.9822E+01
  0.1472E-01  0.9680E+01  0.4098E+00  0.9674E+01  0.9674E+01
  0.1498E-01  0.9400E+01  0.6472E+00  0.9482E+01  0.9482E+01
  0.1519E-01  0.9280E+01  0.3916E+00  0.9327E+01  0.9327E+01
  0.1546E-01  0.9650E+01  0.6297E+00  0.9129E+01  0.9129E+01
  0.1567E-01  0.8970E+01  0.3823E+00  0.8975E+01  0.8975E+01
  0.1596E-01  0.8060E+01  0.5783E+00  0.8764E+01  0.8764E+01
  0.1617E-01  0.8030E+01  0.3656E+00  0.8612E+01  0.8612E+01
  0.1646E-01  0.7440E+01  0.6058E+00  0.8404E+01  0.8404E+01
  0.1669E-01  0.8120E+01  0.3580E+00  0.8239E+01  0.8239E+01
  0.1699E-01  0.8240E+01  0.5550E+00  0.8027E+01  0.8027E+01
  0.1722E-01  0.7210E+01  0.3461E+00  0.7865E+01  0.7865E+01
  0.1753E-01  0.8030E+01  0.5390E+00  0.7649E+01  0.7649E+01
  0.1778E-01  0.7790E+01  0.3255E+00  0.7477E+01  0.7477E+01
  0.1809E-01  0.7270E+01  0.5409E+00  0.7265E+01  0.7265E+01
  0.1834E-01  0.6690E+01  0.3220E+00  0.7097E+01  0.7097E+01
  0.1867E-01  0.7180E+01  0.5017E+00  0.6877E+01  0.6877E+01
  0.1893E-01  0.6250E+01  0.3094E+00  0.6707E+01  0.6707E+01
  0.1926E-01  0.6320E+01  0.4914E+00  0.6493E+01  0.6493E+01
  0.1954E-01  0.6470E+01  0.2970E+00  0.6315E+01  0.6315E+01
  0.1988E-01  0.6160E+01  0.4690E+00  0.6103E+01  0.6103E+01
  0.2016E-01  0.6130E+01  0.2837E+00  0.5931E+01  0.5931E+01
  0.2051E-01  0.5690E+01  0.4623E+00  0.5720E+01  0.5720E+01
  0.2081E-01  0.5480E+01  0.2773E+00  0.5544E+01  0.5544E+01
  0.2116E-01  0.5240E+01  0.4546E+00  0.5342E+01  0.5342E+01
  0.2147E-01  0.5130E+01  0.2689E+00  0.5167E+01  0.5167E+01
  0.2184E-01  0.4610E+01  0.4310E+00  0.4964E+01  0.4964E+01
  0.2216E-01  0.4860E+01  0.2579E+00  0.4793E+01  0.4793E+01
  0.2254E-01  0.4820E+01  0.4203E+00  0.4595E+01  0.4595E+01
  0.2287E-01  0.4900E+01  0.2506E+00  0.4429E+01  0.4429E+01
  0.2325E-01  0.4640E+01  0.4090E+00  0.4243E+01  0.4243E+01
  0.2360E-01  0.4020E+01  0.2407E+00  0.4077E+01  0.4077E+01
  0.2400E-01  0.4020E+01  0.3867E+00  0.3894E+01  0.3894E+01
  0.2435E-01  0.3440E+01  0.2334E+00  0.3739E+01  0.3739E+01
  0.2476E-01  0.2800E+01  0.3840E+00  0.3565E+01  0.3565E+01
  0.2513E-01  0.3380E+01  0.2260E+00  0.3414E+01  0.3414E+01
  0.2555E-01  0.2910E+01  0.3655E+00  0.3250E+01  0.3250E+01
  0.2594E-01  0.2980E+01  0.2209E+00  0.3104E+01  0.3104E+01
  0.2636E-01  0.3140E+01  0.3548E+00  0.2954E+01  0.2954E+01
  0.2677E-01  0.2640E+01  0.2107E+00  0.2815E+01  0.2815E+01
  0.2721E-01  0.3320E+01  0.3472E+00  0.2673E+01  0.2673E+01
  0.2762E-01  0.2600E+01  0.2051E+00  0.2548E+01  0.2548E+01
  0.2807E-01  0.2190E+01  0.3353E+00  0.2418E+01  0.2418E+01
  0.2851E-01  0.2600E+01  0.1960E+00  0.2298E+01  0.2298E+01
  0.2897E-01  0.1880E+01  0.3229E+00  0.2181E+01  0.2181E+01
  0.2942E-01  0.2050E+01  0.1905E+00  0.2073E+01  0.2073E+01
  0.2989E-01  0.2410E+01  0.3105E+00  0.1968E+01  0.1968E+01
  0.3036E-01  0.2010E+01  0.1830E+00  0.1870E+01  0.1870E+01
  0.3085E-01  0.1580E+01  0.2991E+00  0.1775E+01  0.1775E+01
  0.3133E-01  0.2000E+01  0.1780E+00  0.1689E+01  0.1689E+01
  0.3183E-01  0.1550E+01  0.2946E+00  0.1607E+01  0.1607E+01
  0.3233E-01  0.1300E+01  0.1834E+00  0.1531E+01  0.1531E+01
  0.3284E-01  0.1210E+01  0.2843E+00  0.1460E+01  0.1460E+01
  0.3337E-01  0.1420E+01  0.1905E+00  0.1392E+01  0.1392E+01
  0.3389E-01  0.1510E+01  0.2704E+00  0.1332E+01  0.1332E+01
  0.3443E-01  0.1520E+01  0.1921E+00  0.1274E+01  0.1274E+01
  0.3497E-01  0.1260E+01  0.2665E+00  0.1223E+01  0.1223E+01
  0.3554E-01  0.1090E+01  0.1906E+00  0.1173E+01  0.1173E+01
  0.3609E-01  0.1070E+01  0.2521E+00  0.1130E+01  0.1130E+01
  0.3724E-01  0.1040E+01  0.2517E+00  0.1052E+01  0.1052E+01
  0.3842E-01  0.9700E+00  0.2370E+00  0.9872E+00  0.9872E+00
  0.3965E-01  0.7600E+00  0.2374E+00  0.9311E+00  0.9311E+00
  0.4091E-01  0.9300E+00  0.2236E+00  0.8827E+00  0.8827E+00
  0.4222E-01  0.1060E+01  0.2175E+00  0.8392E+00  0.8392E+00
  0.4357E-01  0.6800E+00  0.2088E+00  0.7994E+00  0.7994E+00
  0.4495E-01  0.6100E+00  0.2052E+00  0.7624E+00  0.7624E+00
  0.4639E-01  0.8100E+00  0.2007E+00  0.7270E+00  0.7270E+00
  0.4787E-01  0.5700E+00  0.1903E+00  0.6938E+00  0.6938E+00
  0.4939E-01  0.3600E+00  0.1840E+00  0.6634E+00  0.6634E+00
  0.5097E-01  0.8000E+00  0.1781E+00  0.6368E+00  0.6368E+00
  0.5259E-01  0.4600E+00  0.1725E+00  0.6154E+00  0.6154E+00
  0.5427E-01  0.6600E+00  0.1686E+00  0.6004E+00  0.6004E+00
  0.5600E-01  0.8400E+00  0.1623E+00  0.5925E+00  0.5925E+00
  0.5779E-01  0.2800E+00  0.1544E+00  0.5920E+00  0.5920E+00
  0.5963E-01  0.7700E+00  0.1535E+00  0.5979E+00  0.5979E+00
  0.6153E-01  0.7100E+00  0.1447E+00  0.6084E+00  0.6084E+00
  0.6349E-01  0.7000E+00  0.1422E+00  0.6206E+00  0.6206E+00
  0.6552E-01  0.4700E+00  0.1364E+00  0.6311E+00  0.6311E+00
  0.6761E-01  0.6400E+00  0.1319E+00  0.6363E+00  0.6363E+00
  0.6976E-01  0.6600E+00  0.1267E+00  0.6333E+00  0.6333E+00
  0.7199E-01  0.7200E+00  0.1287E+00  0.6200E+00  0.6200E+00
  0.7428E-01  0.5400E+00  0.1360E+00  0.5966E+00  0.5966E+00
  0.7665E-01  0.4800E+00  0.1356E+00  0.5645E+00  0.5645E+00
  0.7771E-01  0.1430E+01  0.5670E+00  0.5486E+00  0.5486E+00
  0.7909E-01  0.4800E+00  0.1349E+00  0.5274E+00  0.5274E+00
  0.8028E-01  0.5800E+00  0.4898E+00  0.5092E+00  0.5092E+00
  0.8162E-01  0.6700E+00  0.1351E+00  0.4893E+00  0.4893E+00
  0.8295E-01  0.3700E+00  0.5095E+00  0.4708E+00  0.4708E+00

           Distance distribution  function of particle  


       R          P(R)      ERROR

  0.0000E+00  0.0000E+00  0.0000E+00
  0.2875E+01  0.7259E-03  0.7195E-04
  0.5750E+01  0.1355E-02  0.1229E-03
  0.8625E+01  0.1892E-02  0.1539E-03
  0.1150E+02  0.2341E-02  0.1670E-03
  0.1438E+02  0.2709E-02  0.1645E-03
  0.1725E+02  0.3006E-02  0.1499E-03
  0.2012E+02  0.3241E-02  0.1281E-03
  0.2300E+02  0.3425E-02  0.1064E-03
  0.2588E+02  0.3571E-02  0.9588E-04
  0.2875E+02  0.3690E-02  0.1057E-03
  0.3162E+02  0.3794E-02  0.1316E-03
  0.3450E+02  0.3895E-02  0.1633E-03
  0.3738E+02  0.4003E-02  0.1938E-03
  0.4025E+02  0.4126E-02  0.2192E-03
  0.4312E+02  0.4273E-02  0.2373E-03
  0.4600E+02  0.4450E-02  0.2469E-03
  0.4888E+02  0.4661E-02  0.2479E-03
  0.5175E+02  0.4908E-02  0.2410E-03
  0.5462E+02  0.5192E-02  0.2277E-03
  0.5750E+02  0.5512E-02  0.2108E-03
  0.6038E+02  0.5864E-02  0.1936E-03
  0.6325E+02  0.6245E-02  0.1810E-03
  0.6612E+02  0.6647E-02  0.1773E-03
  0.6900E+02  0.7065E-02  0.1846E-03
  0.7188E+02  0.7491E-02  0.2015E-03
  0.7475E+02  0.7916E-02  0.2240E-03
  0.7762E+02  0.8333E-02  0.2483E-03
  0.8050E+02  0.8732E-02  0.2711E-03
  0.8338E+02  0.9107E-02  0.2905E-03
  0.8625E+02  0.9451E-02  0.3054E-03
  0.8912E+02  0.9756E-02  0.3153E-03
  0.9200E+02  0.1002E-01  0.3206E-03
  0.9488E+02  0.1023E-01  0.3222E-03
  0.9775E+02  0.1040E-01  0.3212E-03
  0.1006E+03  0.1051E-01  0.3189E-03
  0.1035E+03  0.1058E-01  0.3168E-03
  0.1064E+03  0.1059E-01  0.3158E-03
  0.1092E+03  0.1055E-01  0.3166E-03
  0.1121E+03  0.1046E-01  0.3191E-03
  0.1150E+03  0.1034E-01  0.3230E-03
  0.1179E+03  0.1017E-01  0.3275E-03
  0.1208E+03  0.9968E-02  0.3319E-03
  0.1236E+03  0.9739E-02  0.3357E-03
  0.1265E+03  0.9486E-02  0.3387E-03
  0.1294E+03  0.9214E-02  0.3410E-03
  0.1322E+03  0.8928E-02  0.3431E-03
  0.1351E+03  0.8634E-02  0.3457E-03
  0.1380E+03  0.8335E-02  0.3494E-03
  0.1409E+03  0.8035E-02  0.3547E-03
  0.1438E+03  0.7738E-02  0.3618E-03
  0.1466E+03  0.7447E-02  0.3703E-03
  0.1495E+03  0.7165E-02  0.3796E-03
  0.1524E+03  0.6892E-02  0.3888E-03
  0.1552E+03  0.6632E-02  0.3972E-03
  0.1581E+03  0.6384E-02  0.4041E-03
  0.1610E+03  0.6149E-02  0.4090E-03
  0.1639E+03  0.5928E-02  0.4120E-03
  0.1668E+03  0.5720E-02  0.4136E-03
  0.1696E+03  0.5525E-02  0.4147E-03
  0.1725E+03  0.5341E-02  0.4164E-03
  0.1754E+03  0.5168E-02  0.4199E-03
  0.1782E+03  0.5004E-02  0.4262E-03
  0.1811E+03  0.4847E-02  0.4359E-03
  0.1840E+03  0.4695E-02  0.4489E-03
  0.1869E+03  0.4545E-02  0.4645E-03
  0.1898E+03  0.4395E-02  0.4813E-03
  0.1926E+03  0.4240E-02  0.4977E-03
  0.1955E+03  0.4078E-02  0.5118E-03
  0.1984E+03  0.3904E-02  0.5219E-03
  0.2012E+03  0.3715E-02  0.5264E-03
  0.2041E+03  0.3506E-02  0.5237E-03
  0.2070E+03  0.3273E-02  0.5126E-03
  0.2099E+03  0.3011E-02  0.4919E-03
  0.2128E+03  0.2715E-02  0.4607E-03
  0.2156E+03  0.2381E-02  0.4179E-03
  0.2185E+03  0.2005E-02  0.3628E-03
  0.2214E+03  0.1582E-02  0.2944E-03
  0.2242E+03  0.1109E-02  0.2117E-03
  0.2271E+03  0.5826E-03  0.1139E-03
  0.2300E+03  0.0000E+00  0.2650E-02
          Reciprocal space: Rg =   87.87     , I(0) =   0.1695E+02
     Real space: Rg =   87.81 +- 1.165  I(0) =   0.1695E+02 +-  0.2630E+00

           ####    G N O M   ---   Version 4.5a revised 09/02/02     ####

                                                    26-May-2011   17:43:46
           ===    Run No   1   ===
 Run title:  0.003048	13.14	15.32


  Number of points omitted at the beginning:          12
  Number of points omitted at the end:          70
   *******    Input file(s) : PSI100D2O0.12DMo.txt
           Condition P(rmin) = 0 is used. 
           Condition P(rmax) = 0 is used. 

          Highest ALPHA is found to be   0.2894E+02

  The measure of inconsistency AN1 equals to    0.3843E+00
     Alpha    Discrp  Oscill  Stabil  Sysdev  Positv  Valcen    Total   
  0.2894E+05  9.7102  1.1694  0.9837  0.0000  1.0000  0.8652  0.38056
  0.5789E+04  9.4672  1.1677  0.9589  0.0000  1.0000  0.8656  0.38099
  0.1158E+04  8.4312  1.1597  0.8532  0.0000  1.0000  0.8678  0.38297
  0.2316E+03  5.6212  1.1285  0.5700  0.0640  1.0000  0.8764  0.39000
  0.4631E+02  2.6205  1.0655  0.2741  0.3200  1.0000  0.8965  0.40217
  0.9262E+01  1.2868  1.0427  0.1105  0.6080  1.0000  0.9157  0.51682
  0.1852E+01  0.9021  1.0969  0.0404  0.8640  1.0000  0.9266  0.75892
  0.3705E+00  0.8305  1.1617  0.0199  0.9920  1.0000  0.9298  0.97389
  0.7410E-01  0.8182  1.2327  0.0303  0.9920  1.0000  0.9324  0.95890
  0.1482E-01  0.8131  1.3697  0.0240  1.0240  1.0000  0.9354  0.93223
  0.2964E-02  0.8122  1.4700  0.0255  1.0240  1.0000  0.9370  0.89803
  0.5928E-03  0.8119  1.7031  0.0861  1.0240  1.0000  0.9379  0.72873
  0.1186E-03  0.8108  3.7006  0.3344  1.0240  1.0000  0.9207  0.48465
  0.2371E-04  0.8076  7.8835  0.6012  1.0240  0.9449  0.5876  0.39074
  0.4742E-05  0.8039  8.9125  0.3541  1.0560  0.8408  0.4925  0.33829
  0.9484E-06  0.8028  8.5824  0.3066  1.0880  0.7996  0.4678  0.32959
  0.1897E-06  0.8021  8.5821  0.5527  1.0880  0.7591  0.4432  0.32570
  0.3794E-07  0.8010  9.3205  0.4119  1.0560  0.7284  0.4083  0.32490
  0.7588E-08  0.8006  9.3874  0.2121  1.0560  0.7162  0.4023  0.33580
  0.1518E-08  0.8004  9.8454  0.4175  1.0560  0.7021  0.4030  0.32468
  0.3035E-09  0.8001 13.2861  0.7200  1.0560  0.7018  0.3886  0.00000

          ***  Golden section search to maximize estimate ***
     Alpha    Discrp  Oscill  Stabil  Sysdev  Positv  Valcen    Total   
  0.6851E+00  0.8430  1.1398  0.0242  0.9600  1.0000  0.9291  0.96951
  0.2929E+00  0.8277  1.1695  0.0199  0.9920  1.0000  0.9301  0.97381
  0.4685E+00  0.8341  1.1537  0.0209  0.9920  1.0000  0.9295  0.97306
  0.3387E+00  0.8293  1.1647  0.0198  0.9920  1.0000  0.9299  0.97397
  0.3204E+00  0.8287  1.1665  0.0198  0.9920  1.0000  0.9300  0.97395
  0.3505E+00  0.8298  1.1635  0.0198  0.9920  1.0000  0.9299  0.97396
  0.3316E+00  0.8291  1.1654  0.0198  0.9920  1.0000  0.9299  0.97397
  0.3432E+00  0.8295  1.1642  0.0198  0.9920  1.0000  0.9299  0.97397
  0.3360E+00  0.8292  1.1649  0.0198  0.9920  1.0000  0.9299  0.97397
  0.3343E+00  0.8292  1.1651  0.0198  0.9920  1.0000  0.9299  0.97397
  0.3370E+00  0.8293  1.1648  0.0198  0.9920  1.0000  0.9299  0.97397
  0.3377E+00  0.8293  1.1648  0.0198  0.9920  1.0000  0.9299  0.97397
  0.3366E+00  0.8293  1.1649  0.0198  0.9920  1.0000  0.9299  0.97397
  0.3373E+00  0.8293  1.1648  0.0198  0.9920  1.0000  0.9299  0.97397
  0.3370E+00  0.8293  1.1648  0.0198  0.9920  1.0000  0.9299  0.97397



             ####            Final results            ####

 Parameter    DISCRP    OSCILL    STABIL    SYSDEV    POSITV    VALCEN
 Weight        1.000     3.000     3.000     3.000     1.000     1.000
 Sigma         0.300     0.600     0.120     0.120     0.120     0.120
 Ideal         0.700     1.100     0.000     1.000     1.000     0.950
 Current       0.829     1.165     0.020     0.992     1.000     0.930
                - - - - - - - - - - - - - - - - - - - - - - - - - 
 Estimate      0.831     0.988     0.973     1.000     1.000     0.972

  Angular   range    :     from    0.0050   to    0.0829
  Real space range   :     from      0.00   to    240.00

  Highest ALPHA (theor) :   0.289E+05                 JOB = 0
  Current ALPHA         :   0.337E+00   Rg :  0.892E+02   I(0) :   0.172E+02

           Total  estimate : 0.974  which is  AN EXCELLENT  solution

      S          J EXP       ERROR       J REG       I REG

  0.0000E+00                                      0.1720E+02
  0.1801E-03                                      0.1720E+02
  0.3603E-03                                      0.1720E+02
  0.5404E-03                                      0.1719E+02
  0.7206E-03                                      0.1718E+02
  0.9007E-03                                      0.1717E+02
  0.1081E-02                                      0.1715E+02
  0.1261E-02                                      0.1713E+02
  0.1441E-02                                      0.1711E+02
  0.1621E-02                                      0.1708E+02
  0.1801E-02                                      0.1706E+02
  0.1982E-02                                      0.1702E+02
  0.2162E-02                                      0.1699E+02
  0.2342E-02                                      0.1695E+02
  0.2522E-02                                      0.1692E+02
  0.2702E-02                                      0.1687E+02
  0.2882E-02                                      0.1683E+02
  0.3062E-02                                      0.1678E+02
  0.3243E-02                                      0.1673E+02
  0.3423E-02                                      0.1668E+02
  0.3603E-02                                      0.1662E+02
  0.3783E-02                                      0.1656E+02
  0.3963E-02                                      0.1650E+02
  0.4143E-02                                      0.1644E+02
  0.4323E-02                                      0.1637E+02
  0.4504E-02                                      0.1630E+02
  0.4684E-02                                      0.1623E+02
  0.4864E-02                                      0.1616E+02
  0.5044E-02  0.1527E+02  0.3585E+01  0.1608E+02  0.1608E+02
  0.5206E-02  0.1504E+02  0.3085E+01  0.1601E+02  0.1601E+02
  0.5372E-02  0.1524E+02  0.2716E+01  0.1593E+02  0.1593E+02
  0.5544E-02  0.1558E+02  0.2587E+01  0.1586E+02  0.1586E+02
  0.5722E-02  0.1781E+02  0.2492E+01  0.1577E+02  0.1577E+02
  0.5905E-02  0.1550E+02  0.2277E+01  0.1568E+02  0.1568E+02
  0.6093E-02  0.1063E+02  0.2043E+01  0.1559E+02  0.1559E+02
  0.6288E-02  0.1775E+02  0.1879E+01  0.1549E+02  0.1549E+02
  0.6490E-02  0.1505E+02  0.1720E+01  0.1538E+02  0.1538E+02
  0.6697E-02  0.1559E+02  0.1718E+01  0.1527E+02  0.1527E+02
  0.6911E-02  0.1652E+02  0.1485E+01  0.1515E+02  0.1515E+02
  0.7132E-02  0.1292E+02  0.1376E+01  0.1503E+02  0.1503E+02
  0.7361E-02  0.1392E+02  0.1301E+01  0.1490E+02  0.1490E+02
  0.7596E-02  0.1479E+02  0.1194E+01  0.1476E+02  0.1476E+02
  0.7839E-02  0.1640E+02  0.1074E+01  0.1461E+02  0.1461E+02
  0.8090E-02  0.1459E+02  0.1058E+01  0.1446E+02  0.1446E+02
  0.8349E-02  0.1656E+02  0.9766E+00  0.1429E+02  0.1429E+02
  0.8616E-02  0.1524E+02  0.9049E+00  0.1412E+02  0.1412E+02
  0.8891E-02  0.1470E+02  0.8409E+00  0.1394E+02  0.1394E+02
  0.9176E-02  0.1496E+02  0.7930E+00  0.1375E+02  0.1375E+02
  0.9469E-02  0.1358E+02  0.7642E+00  0.1355E+02  0.1355E+02
  0.9772E-02  0.1374E+02  0.7119E+00  0.1335E+02  0.1335E+02
  0.1008E-01  0.1322E+02  0.6951E+00  0.1313E+02  0.1313E+02
  0.1041E-01  0.1297E+02  0.6534E+00  0.1290E+02  0.1290E+02
  0.1074E-01  0.1260E+02  0.6240E+00  0.1266E+02  0.1266E+02
  0.1108E-01  0.1311E+02  0.5954E+00  0.1241E+02  0.1241E+02
  0.1144E-01  0.1162E+02  0.5692E+00  0.1215E+02  0.1215E+02
  0.1180E-01  0.1274E+02  0.5329E+00  0.1188E+02  0.1188E+02
  0.1218E-01  0.1151E+02  0.5128E+00  0.1159E+02  0.1159E+02
  0.1257E-01  0.1100E+02  0.5096E+00  0.1130E+02  0.1130E+02
  0.1281E-01  0.1178E+02  0.7738E+00  0.1112E+02  0.1112E+02
  0.1297E-01  0.1082E+02  0.4746E+00  0.1100E+02  0.1100E+02
  0.1322E-01  0.1100E+02  0.6994E+00  0.1081E+02  0.1081E+02
  0.1339E-01  0.1096E+02  0.4594E+00  0.1068E+02  0.1068E+02
  0.1364E-01  0.1109E+02  0.6795E+00  0.1049E+02  0.1049E+02
  0.1382E-01  0.1023E+02  0.4353E+00  0.1035E+02  0.1035E+02
  0.1407E-01  0.8640E+01  0.7105E+00  0.1016E+02  0.1016E+02
  0.1426E-01  0.9380E+01  0.4321E+00  0.1002E+02  0.1002E+02
  0.1452E-01  0.9520E+01  0.6248E+00  0.9820E+01  0.9820E+01
  0.1472E-01  0.9680E+01  0.4098E+00  0.9669E+01  0.9669E+01
  0.1498E-01  0.9400E+01  0.6472E+00  0.9473E+01  0.9473E+01
  0.1519E-01  0.9280E+01  0.3916E+00  0.9315E+01  0.9315E+01
  0.1546E-01  0.9650E+01  0.6297E+00  0.9113E+01  0.9113E+01
  0.1567E-01  0.8970E+01  0.3823E+00  0.8957E+01  0.8957E+01
  0.1596E-01  0.8060E+01  0.5783E+00  0.8742E+01  0.8742E+01
  0.1617E-01  0.8030E+01  0.3656E+00  0.8588E+01  0.8588E+01
  0.1646E-01  0.7440E+01  0.6058E+00  0.8376E+01  0.8376E+01
  0.1669E-01  0.8120E+01  0.3580E+00  0.8209E+01  0.8209E+01
  0.1699E-01  0.8240E+01  0.5550E+00  0.7994E+01  0.7994E+01
  0.1722E-01  0.7210E+01  0.3461E+00  0.7830E+01  0.7830E+01
  0.1753E-01  0.8030E+01  0.5390E+00  0.7612E+01  0.7612E+01
  0.1778E-01  0.7790E+01  0.3255E+00  0.7438E+01  0.7438E+01
  0.1809E-01  0.7270E+01  0.5409E+00  0.7225E+01  0.7225E+01
  0.1834E-01  0.6690E+01  0.3220E+00  0.7055E+01  0.7055E+01
  0.1867E-01  0.7180E+01  0.5017E+00  0.6834E+01  0.6834E+01
  0.1893E-01  0.6250E+01  0.3094E+00  0.6662E+01  0.6662E+01
  0.1926E-01  0.6320E+01  0.4914E+00  0.6448E+01  0.6448E+01
  0.1954E-01  0.6470E+01  0.2970E+00  0.6270E+01  0.6270E+01
  0.1988E-01  0.6160E+01  0.4690E+00  0.6057E+01  0.6057E+01
  0.2016E-01  0.6130E+01  0.2837E+00  0.5885E+01  0.5885E+01
  0.2051E-01  0.5690E+01  0.4623E+00  0.5675E+01  0.5675E+01
  0.2081E-01  0.5480E+01  0.2773E+00  0.5498E+01  0.5498E+01
  0.2116E-01  0.5240E+01  0.4546E+00  0.5297E+01  0.5297E+01
  0.2147E-01  0.5130E+01  0.2689E+00  0.5124E+01  0.5124E+01
  0.2184E-01  0.4610E+01  0.4310E+00  0.4922E+01  0.4922E+01
  0.2216E-01  0.4860E+01  0.2579E+00  0.4752E+01  0.4752E+01
  0.2254E-01  0.4820E+01  0.4203E+00  0.4556E+01  0.4556E+01
  0.2287E-01  0.4900E+01  0.2506E+00  0.4391E+01  0.4391E+01
  0.2325E-01  0.4640E+01  0.4090E+00  0.4208E+01  0.4208E+01
  0.2360E-01  0.4020E+01  0.2407E+00  0.4044E+01  0.4044E+01
  0.2400E-01  0.4020E+01  0.3867E+00  0.3864E+01  0.3864E+01
  0.2435E-01  0.3440E+01  0.2334E+00  0.3712E+01  0.3712E+01
  0.2476E-01  0.2800E+01  0.3840E+00  0.3541E+01  0.3541E+01
  0.2513E-01  0.3380E+01  0.2260E+00  0.3393E+01  0.3393E+01
  0.2555E-01  0.2910E+01  0.3655E+00  0.3232E+01  0.3232E+01
  0.2594E-01  0.2980E+01  0.2209E+00  0.3090E+01  0.3090E+01
  0.2636E-01  0.3140E+01  0.3548E+00  0.2943E+01  0.2943E+01
  0.2677E-01  0.2640E+01  0.2107E+00  0.2808E+01  0.2808E+01
  0.2721E-01  0.3320E+01  0.3472E+00  0.2669E+01  0.2669E+01
  0.2762E-01  0.2600E+01  0.2051E+00  0.2547E+01  0.2547E+01
  0.2807E-01  0.2190E+01  0.3353E+00  0.2421E+01  0.2421E+01
  0.2851E-01  0.2600E+01  0.1960E+00  0.2305E+01  0.2305E+01
  0.2897E-01  0.1880E+01  0.3229E+00  0.2190E+01  0.2190E+01
  0.2942E-01  0.2050E+01  0.1905E+00  0.2086E+01  0.2086E+01
  0.2989E-01  0.2410E+01  0.3105E+00  0.1983E+01  0.1983E+01
  0.3036E-01  0.2010E+01  0.1830E+00  0.1888E+01  0.1888E+01
  0.3085E-01  0.1580E+01  0.2991E+00  0.1796E+01  0.1796E+01
  0.3133E-01  0.2000E+01  0.1780E+00  0.1712E+01  0.1712E+01
  0.3183E-01  0.1550E+01  0.2946E+00  0.1631E+01  0.1631E+01
  0.3233E-01  0.1300E+01  0.1834E+00  0.1557E+01  0.1557E+01
  0.3284E-01  0.1210E+01  0.2843E+00  0.1487E+01  0.1487E+01
  0.3337E-01  0.1420E+01  0.1905E+00  0.1420E+01  0.1420E+01
  0.3389E-01  0.1510E+01  0.2704E+00  0.1360E+01  0.1360E+01
  0.3443E-01  0.1520E+01  0.1921E+00  0.1302E+01  0.1302E+01
  0.3497E-01  0.1260E+01  0.2665E+00  0.1250E+01  0.1250E+01
  0.3554E-01  0.1090E+01  0.1906E+00  0.1200E+01  0.1200E+01
  0.3609E-01  0.1070E+01  0.2521E+00  0.1155E+01  0.1155E+01
  0.3724E-01  0.1040E+01  0.2517E+00  0.1074E+01  0.1074E+01
  0.3842E-01  0.9700E+00  0.2370E+00  0.1003E+01  0.1003E+01
  0.3965E-01  0.7600E+00  0.2374E+00  0.9410E+00  0.9410E+00
  0.4091E-01  0.9300E+00  0.2236E+00  0.8859E+00  0.8859E+00
  0.4222E-01  0.1060E+01  0.2175E+00  0.8357E+00  0.8357E+00
  0.4357E-01  0.6800E+00  0.2088E+00  0.7898E+00  0.7898E+00
  0.4495E-01  0.6100E+00  0.2052E+00  0.7479E+00  0.7479E+00
  0.4639E-01  0.8100E+00  0.2007E+00  0.7092E+00  0.7092E+00
  0.4787E-01  0.5700E+00  0.1903E+00  0.6749E+00  0.6749E+00
  0.4939E-01  0.3600E+00  0.1840E+00  0.6458E+00  0.6458E+00
  0.5097E-01  0.8000E+00  0.1781E+00  0.6224E+00  0.6224E+00
  0.5259E-01  0.4600E+00  0.1725E+00  0.6062E+00  0.6062E+00
  0.5427E-01  0.6600E+00  0.1686E+00  0.5974E+00  0.5974E+00
  0.5600E-01  0.8400E+00  0.1623E+00  0.5960E+00  0.5960E+00
  0.5779E-01  0.2800E+00  0.1544E+00  0.6011E+00  0.6011E+00
  0.5963E-01  0.7700E+00  0.1535E+00  0.6108E+00  0.6108E+00
  0.6153E-01  0.7100E+00  0.1447E+00  0.6226E+00  0.6226E+00
  0.6349E-01  0.7000E+00  0.1422E+00  0.6332E+00  0.6332E+00
  0.6552E-01  0.4700E+00  0.1364E+00  0.6395E+00  0.6395E+00
  0.6761E-01  0.6400E+00  0.1319E+00  0.6387E+00  0.6387E+00
  0.6976E-01  0.6600E+00  0.1267E+00  0.6292E+00  0.6292E+00
  0.7199E-01  0.7200E+00  0.1287E+00  0.6106E+00  0.6106E+00
  0.7428E-01  0.5400E+00  0.1360E+00  0.5846E+00  0.5846E+00
  0.7665E-01  0.4800E+00  0.1356E+00  0.5536E+00  0.5536E+00
  0.7771E-01  0.1430E+01  0.5670E+00  0.5394E+00  0.5394E+00
  0.7909E-01  0.4800E+00  0.1349E+00  0.5212E+00  0.5212E+00
  0.8028E-01  0.5800E+00  0.4898E+00  0.5062E+00  0.5062E+00
  0.8162E-01  0.6700E+00  0.1351E+00  0.4904E+00  0.4904E+00
  0.8295E-01  0.3700E+00  0.5095E+00  0.4761E+00  0.4761E+00

           Distance distribution  function of particle  


       R          P(R)      ERROR

  0.0000E+00  0.0000E+00  0.0000E+00
  0.3000E+01  0.7635E-03  0.6878E-04
  0.6000E+01  0.1420E-02  0.1152E-03
  0.9000E+01  0.1972E-02  0.1407E-03
  0.1200E+02  0.2428E-02  0.1474E-03
  0.1500E+02  0.2795E-02  0.1383E-03
  0.1800E+02  0.3085E-02  0.1178E-03
  0.2100E+02  0.3309E-02  0.9306E-04
  0.2400E+02  0.3482E-02  0.7727E-04
  0.2700E+02  0.3617E-02  0.8651E-04
  0.3000E+02  0.3728E-02  0.1168E-03
  0.3300E+02  0.3829E-02  0.1537E-03
  0.3600E+02  0.3932E-02  0.1887E-03
  0.3900E+02  0.4049E-02  0.2174E-03
  0.4200E+02  0.4190E-02  0.2373E-03
  0.4500E+02  0.4362E-02  0.2471E-03
  0.4800E+02  0.4572E-02  0.2466E-03
  0.5100E+02  0.4822E-02  0.2366E-03
  0.5400E+02  0.5114E-02  0.2188E-03
  0.5700E+02  0.5446E-02  0.1967E-03
  0.6000E+02  0.5816E-02  0.1754E-03
  0.6300E+02  0.6217E-02  0.1617E-03
  0.6600E+02  0.6643E-02  0.1622E-03
  0.6900E+02  0.7086E-02  0.1780E-03
  0.7200E+02  0.7536E-02  0.2042E-03
  0.7500E+02  0.7985E-02  0.2345E-03
  0.7800E+02  0.8422E-02  0.2636E-03
  0.8100E+02  0.8838E-02  0.2883E-03
  0.8400E+02  0.9223E-02  0.3065E-03
  0.8700E+02  0.9571E-02  0.3175E-03
  0.9000E+02  0.9874E-02  0.3213E-03
  0.9300E+02  0.1013E-01  0.3192E-03
  0.9600E+02  0.1033E-01  0.3128E-03
  0.9900E+02  0.1047E-01  0.3048E-03
  0.1020E+03  0.1055E-01  0.2978E-03
  0.1050E+03  0.1058E-01  0.2943E-03
  0.1080E+03  0.1056E-01  0.2959E-03
  0.1110E+03  0.1048E-01  0.3025E-03
  0.1140E+03  0.1036E-01  0.3128E-03
  0.1170E+03  0.1019E-01  0.3245E-03
  0.1200E+03  0.9988E-02  0.3353E-03
  0.1230E+03  0.9756E-02  0.3433E-03
  0.1260E+03  0.9498E-02  0.3472E-03
  0.1290E+03  0.9223E-02  0.3465E-03
  0.1320E+03  0.8934E-02  0.3419E-03
  0.1350E+03  0.8637E-02  0.3347E-03
  0.1380E+03  0.8338E-02  0.3269E-03
  0.1410E+03  0.8038E-02  0.3212E-03
  0.1440E+03  0.7743E-02  0.3201E-03
  0.1470E+03  0.7454E-02  0.3252E-03
  0.1500E+03  0.7174E-02  0.3368E-03
  0.1530E+03  0.6903E-02  0.3538E-03
  0.1560E+03  0.6643E-02  0.3739E-03
  0.1590E+03  0.6393E-02  0.3948E-03
  0.1620E+03  0.6154E-02  0.4141E-03
  0.1650E+03  0.5925E-02  0.4302E-03
  0.1680E+03  0.5706E-02  0.4417E-03
  0.1710E+03  0.5495E-02  0.4484E-03
  0.1740E+03  0.5293E-02  0.4502E-03
  0.1770E+03  0.5097E-02  0.4481E-03
  0.1800E+03  0.4908E-02  0.4431E-03
  0.1830E+03  0.4724E-02  0.4369E-03
  0.1860E+03  0.4544E-02  0.4311E-03
  0.1890E+03  0.4367E-02  0.4272E-03
  0.1920E+03  0.4192E-02  0.4263E-03
  0.1950E+03  0.4018E-02  0.4290E-03
  0.1980E+03  0.3843E-02  0.4348E-03
  0.2010E+03  0.3665E-02  0.4429E-03
  0.2040E+03  0.3482E-02  0.4519E-03
  0.2070E+03  0.3293E-02  0.4601E-03
  0.2100E+03  0.3094E-02  0.4658E-03
  0.2130E+03  0.2884E-02  0.4674E-03
  0.2160E+03  0.2659E-02  0.4630E-03
  0.2190E+03  0.2416E-02  0.4511E-03
  0.2220E+03  0.2153E-02  0.4297E-03
  0.2250E+03  0.1867E-02  0.3973E-03
  0.2280E+03  0.1555E-02  0.3517E-03
  0.2310E+03  0.1214E-02  0.2911E-03
  0.2340E+03  0.8429E-03  0.2135E-03
  0.2370E+03  0.4385E-03  0.1171E-03
  0.2400E+03  0.0000E+00  0.2650E-02
          Reciprocal space: Rg =   89.24     , I(0) =   0.1720E+02
     Real space: Rg =   89.21 +- 1.163  I(0) =   0.1720E+02 +-  0.2838E+00
