Sample description: BSA
Sample: BSA  c= 8.3400 mg/ml  Code: bsa
Parent(s): data/frames/img_0001_02311.dat data/subtracted/img_0001_buffer.dat
  5.355860e-02   7.450606e+03   2.936011e+02
  5.555710e-02   7.059331e+03   2.452990e+02
  5.755550e-02   7.351809e+03   1.998709e+02
  5.955390e-02   6.798898e+03   1.819283e+02
  6.155240e-02   5.800515e+03   1.550746e+02
  6.355080e-02   5.213638e+03   1.280107e+02
  6.554920e-02   4.499409e+03   1.214980e+02
  6.754770e-02   3.858430e+03   1.081990e+02
  6.954610e-02   3.584872e+03   1.075495e+02
  7.154450e-02   3.196056e+03   9.766551e+01
  7.354300e-02   2.775482e+03   9.077774e+01
  7.554140e-02   2.716773e+03   9.004096e+01
  7.753980e-02   2.434809e+03   8.259471e+01
  7.953830e-02   2.500533e+03   8.243972e+01
  8.153670e-02   2.074242e+03   7.536652e+01
  8.353510e-02   1.942005e+03   7.336357e+01
  8.553360e-02   2.006129e+03   7.274020e+01
  8.753200e-02   1.778635e+03   6.746380e+01
  8.953040e-02   1.677080e+03   6.638639e+01
  9.152890e-02   1.613261e+03   6.283131e+01
  9.352730e-02   1.625885e+03   6.398714e+01
  9.552570e-02   1.359065e+03   5.942569e+01
  9.752420e-02   1.386729e+03   5.752327e+01
  9.952260e-02   1.328875e+03   5.749985e+01
  1.015210e-01   1.359638e+03   5.545845e+01
  1.035190e-01   1.242790e+03   5.533889e+01
  1.055180e-01   1.259203e+03   5.329122e+01
  1.075160e-01   1.109204e+03   5.049482e+01
  1.095150e-01   1.122982e+03   5.157705e+01
  1.115130e-01   1.029598e+03   4.892458e+01
  1.135120e-01   1.061602e+03   4.931590e+01
  1.155100e-01   1.035575e+03   4.730063e+01
  1.175080e-01   1.033999e+03   4.724166e+01
  1.195070e-01   1.027694e+03   4.730841e+01
  1.215050e-01   1.002001e+03   4.550666e+01
  1.235040e-01   9.501820e+02   4.534372e+01
  1.255020e-01   9.197160e+02   4.370910e+01
  1.275010e-01   1.017649e+03   4.490588e+01
  1.294990e-01   9.557980e+02   4.382246e+01
  1.314980e-01   8.837190e+02   4.183272e+01
  1.334960e-01   8.720460e+02   4.200048e+01
  1.354940e-01   9.439570e+02   4.194211e+01
  1.374930e-01   8.544410e+02   4.139818e+01
  1.394910e-01   8.630250e+02   4.033721e+01
  1.414900e-01   8.837170e+02   3.989960e+01
  1.434880e-01   9.340830e+02   4.076448e+01
  1.454870e-01   8.560810e+02   3.949230e+01
  1.474850e-01   8.035940e+02   3.905037e+01
  1.494830e-01   9.371290e+02   3.897360e+01
  1.514820e-01   9.200710e+02   3.932840e+01
  1.534800e-01   7.738590e+02   3.760071e+01
  1.554790e-01   8.215410e+02   3.732774e+01
  1.574770e-01   8.750850e+02   3.840893e+01
  1.594760e-01   8.086040e+02   3.621481e+01
  1.614740e-01   8.290410e+02   3.734459e+01
  1.634720e-01   8.168470e+02   3.651920e+01
  1.654710e-01   8.603660e+02   3.615986e+01
  1.674690e-01   7.330760e+02   3.545666e+01
  1.694680e-01   7.566460e+02   3.488982e+01
  1.714660e-01   7.309800e+02   3.530564e+01
  1.734650e-01   8.383600e+02   3.506319e+01
  1.754630e-01   7.628160e+02   3.450675e+01
  1.774610e-01   7.767740e+02   3.470366e+01
  1.794600e-01   7.806730e+02   3.419028e+01
  1.814580e-01   7.705820e+02   3.407424e+01
  1.834570e-01   7.465580e+02   3.322056e+01
  1.854550e-01   8.015440e+02   3.389282e+01
  1.874540e-01   6.706090e+02   3.336240e+01
  1.894520e-01   7.179580e+02   3.330962e+01
  1.914510e-01   7.188640e+02   3.364998e+01
  1.934490e-01   7.347500e+02   3.345801e+01
  1.954470e-01   6.657270e+02   3.379067e+01
  1.974460e-01   6.959730e+02   3.388934e+01
  1.994440e-01   7.789580e+02   3.414666e+01
  2.014430e-01   7.362960e+02   3.393748e+01
  2.034410e-01   7.427440e+02   3.384892e+01
  2.054400e-01   6.943920e+02   3.368591e+01
  2.074380e-01   7.000710e+02   3.332803e+01
  2.094360e-01   6.703270e+02   3.333974e+01
  2.114350e-01   6.953140e+02   3.358256e+01
  2.134330e-01   6.780150e+02   3.413289e+01
  2.154320e-01   6.300700e+02   3.438567e+01
  2.174300e-01   6.500070e+02   3.351879e+01
  2.194290e-01   7.278930e+02   3.563933e+01
  2.214270e-01   7.239520e+02   3.568816e+01
  2.234250e-01   7.061270e+02   3.591155e+01
  2.254240e-01   6.547140e+02   3.501801e+01
  2.274220e-01   7.525300e+02   3.577731e+01
  2.294210e-01   6.767910e+02   3.602924e+01
  2.314190e-01   7.040160e+02   3.597028e+01
  2.334180e-01   6.295820e+02   3.552621e+01
  2.354160e-01   6.264020e+02   3.557126e+01
  2.374140e-01   6.342840e+02   3.563671e+01
  2.394130e-01   6.717160e+02   3.687461e+01
  2.414110e-01   7.207990e+02   3.610014e+01
  2.434100e-01   7.213680e+02   3.706894e+01
  2.454080e-01   6.440660e+02   3.617771e+01
  2.474070e-01   6.721560e+02   3.544914e+01
  2.494050e-01   6.644700e+02   3.507772e+01
  2.514040e-01   6.603720e+02   3.399163e+01
  2.534020e-01   6.812370e+02   3.497037e+01
  2.554000e-01   6.922830e+02   3.399575e+01
  2.573990e-01   6.332930e+02   3.394745e+01
  2.593970e-01   5.936890e+02   3.302091e+01
  2.613960e-01   6.873780e+02   3.370823e+01
  2.633940e-01   6.411940e+02   3.374169e+01
  2.653930e-01   7.017230e+02   3.307554e+01
  2.673910e-01   6.489800e+02   3.284418e+01
  2.693890e-01   6.482550e+02   3.305456e+01
  2.713880e-01   6.022500e+02   3.219121e+01
  2.733860e-01   6.290530e+02   3.292441e+01
  2.753850e-01   6.184660e+02   3.195178e+01
  2.773830e-01   6.667870e+02   3.243854e+01
  2.793820e-01   5.814880e+02   3.160512e+01
  2.813800e-01   6.572430e+02   3.229538e+01
  2.833780e-01   6.392010e+02   3.236256e+01
  2.853770e-01   6.574660e+02   3.133016e+01
  2.873750e-01   5.958950e+02   3.156585e+01
  2.893740e-01   6.222800e+02   3.130794e+01
  2.913720e-01   6.521570e+02   3.179929e+01
  2.933710e-01   6.510430e+02   3.169444e+01
  2.953690e-01   5.900650e+02   3.058763e+01
  2.973670e-01   6.188310e+02   3.133436e+01
  2.993660e-01   6.224350e+02   3.099033e+01
  3.013640e-01   5.599420e+02   3.050399e+01
  3.033630e-01   5.807440e+02   3.036423e+01
  3.053610e-01   6.343570e+02   3.062738e+01
  3.073600e-01   5.821280e+02   3.082721e+01
  3.093580e-01   5.468630e+02   2.978868e+01
  3.113570e-01   5.733380e+02   2.980265e+01
  3.133550e-01   6.041290e+02   3.038333e+01
  3.153530e-01   6.227490e+02   3.043811e+01
  3.173520e-01   5.916580e+02   2.994400e+01
  3.193500e-01   5.833770e+02   2.953645e+01
  3.213490e-01   5.837710e+02   2.982560e+01
  3.233470e-01   5.539910e+02   2.958023e+01
  3.253460e-01   5.386910e+02   2.923741e+01
  3.273440e-01   5.915460e+02   2.954748e+01
  3.293420e-01   5.915480e+02   2.939197e+01
  3.313410e-01   5.423060e+02   2.909551e+01
  3.333390e-01   5.614900e+02   2.937775e+01
  3.353380e-01   5.919480e+02   2.891926e+01
  3.373360e-01   5.795880e+02   2.938440e+01
  3.393350e-01   5.727910e+02   2.878497e+01
  3.413330e-01   5.597090e+02   2.902900e+01
  3.433310e-01   5.607080e+02   2.869395e+01
  3.453300e-01   5.632100e+02   2.852899e+01
  3.473280e-01   5.021500e+02   2.823786e+01
  3.493270e-01   5.578540e+02   2.855914e+01
  3.513250e-01   5.742530e+02   2.882109e+01
  3.533240e-01   5.585580e+02   2.788915e+01
  3.553220e-01   5.159180e+02   2.826952e+01
  3.573200e-01   5.714310e+02   2.853792e+01
  3.593190e-01   5.337170e+02   2.813940e+01
  3.613170e-01   5.251020e+02   2.795072e+01
  3.633160e-01   5.432550e+02   2.859144e+01
  3.653140e-01   5.854710e+02   2.941984e+01
  3.673130e-01   5.286950e+02   2.892066e+01
  3.693110e-01   4.721610e+02   2.856449e+01
  3.713090e-01   5.388580e+02   2.923514e+01
  3.733080e-01   5.607380e+02   2.958012e+01
  3.753060e-01   5.701660e+02   2.970900e+01
  3.773050e-01   4.909280e+02   2.820371e+01
  3.793030e-01   4.850790e+02   2.817384e+01
  3.813020e-01   5.053300e+02   2.811214e+01
  3.833000e-01   4.519320e+02   2.799562e+01
  3.852990e-01   4.910420e+02   2.788076e+01
  3.872970e-01   5.161470e+02   2.762860e+01
  3.892950e-01   4.793680e+02   2.771649e+01
  3.912940e-01   4.709240e+02   2.729417e+01
  3.932920e-01   5.128070e+02   2.768522e+01
  3.952910e-01   5.136340e+02   2.728653e+01
  3.972890e-01   4.892460e+02   2.724951e+01
  3.992880e-01   5.012910e+02   2.750358e+01
  4.012860e-01   4.755110e+02   2.673086e+01
  4.032840e-01   4.580470e+02   2.678993e+01
  4.052830e-01   4.944520e+02   2.667885e+01
  4.072810e-01   4.879430e+02   2.694611e+01
  4.092800e-01   4.769420e+02   2.680243e+01
  4.112780e-01   5.202680e+02   2.649773e+01
  4.132770e-01   4.983960e+02   2.645529e+01
  4.152750e-01   4.636290e+02   2.597086e+01
  4.172730e-01   4.553410e+02   2.615552e+01
  4.192720e-01   5.087950e+02   2.623290e+01
  4.212700e-01   4.486650e+02   2.559669e+01
  4.232690e-01   4.334100e+02   2.560665e+01
  4.252670e-01   4.549850e+02   2.538168e+01
  4.272660e-01   4.299350e+02   2.553575e+01
  4.292640e-01   4.803020e+02   2.524659e+01
  4.312620e-01   4.135450e+02   2.498522e+01
  4.332610e-01   4.818810e+02   2.585514e+01
  4.352590e-01   4.196360e+02   2.493903e+01
  4.372580e-01   4.570730e+02   2.521365e+01
  4.392560e-01   4.471580e+02   2.500844e+01
  4.412550e-01   4.788330e+02   2.535481e+01
  4.432530e-01   4.810430e+02   2.577042e+01
  4.452520e-01   4.595940e+02   2.500541e+01
  4.472500e-01   4.494680e+02   2.526602e+01
  4.492480e-01   4.846460e+02   2.502075e+01
  4.512470e-01   4.221670e+02   2.484231e+01
  4.532450e-01   3.881350e+02   2.456611e+01
  4.552440e-01   4.684220e+02   2.491822e+01
  4.572420e-01   3.815350e+02   2.459415e+01
  4.592410e-01   4.024640e+02   2.438974e+01
  4.612390e-01   4.420500e+02   2.480765e+01
  4.632370e-01   3.654550e+02   2.398782e+01
  4.652360e-01   4.171850e+02   2.439354e+01
  4.672340e-01   4.104190e+02   2.452912e+01
  4.692330e-01   4.489030e+02   2.460261e+01
  4.712310e-01   4.092400e+02   2.430027e+01
  4.732300e-01   4.447300e+02   2.438802e+01
  4.752280e-01   3.765930e+02   2.403854e+01
  4.772260e-01   4.243100e+02   2.414937e+01
  4.792250e-01   3.994300e+02   2.407412e+01
  4.812230e-01   4.405440e+02   2.428493e+01
  4.832220e-01   3.910880e+02   2.374022e+01
  4.852200e-01   3.676850e+02   2.379078e+01
  4.872190e-01   4.001620e+02   2.379576e+01
  4.892170e-01   4.002920e+02   2.374895e+01
  4.912150e-01   4.230760e+02   2.400848e+01
  4.932140e-01   4.128080e+02   2.373681e+01
  4.952120e-01   4.300740e+02   2.404579e+01
  4.972110e-01   3.975740e+02   2.350082e+01
  4.992090e-01   3.844800e+02   2.354940e+01
  5.012080e-01   4.286490e+02   2.376640e+01
  5.032060e-01   3.708980e+02   2.335410e+01
  5.052050e-01   4.224020e+02   2.376757e+01
  5.072030e-01   3.150350e+02   2.274699e+01
  5.092010e-01   3.940020e+02   2.353121e+01
  5.112000e-01   3.260540e+02   2.270901e+01
  5.131980e-01   3.529180e+02   2.298321e+01
  5.151970e-01   4.022520e+02   2.335672e+01
  5.171950e-01   3.948240e+02   2.302649e+01
  5.191940e-01   3.795210e+02   2.337763e+01
  5.211920e-01   3.299660e+02   2.272794e+01
  5.231900e-01   3.803600e+02   2.282701e+01
  5.251890e-01   3.606920e+02   2.294332e+01
  5.271870e-01   2.880310e+02   2.214294e+01
  5.291860e-01   3.570480e+02   2.301699e+01
  5.311840e-01   3.258170e+02   2.226172e+01
  5.331830e-01   3.243830e+02   2.242350e+01
  5.351810e-01   3.512530e+02   2.269023e+01
  5.371790e-01   3.513430e+02   2.248225e+01
  5.391780e-01   3.848050e+02   2.278284e+01
  5.411760e-01   3.267150e+02   2.211382e+01
  5.431750e-01   3.450850e+02   2.250124e+01
  5.451730e-01   3.638540e+02   2.255012e+01
  5.471720e-01   3.157460e+02   2.202440e+01
  5.491700e-01   3.372110e+02   2.238767e+01
  5.511680e-01   3.486020e+02   2.205341e+01
  5.531670e-01   3.255210e+02   2.223155e+01
  5.551650e-01   3.360370e+02   2.218582e+01
  5.571640e-01   3.179860e+02   2.188128e+01
  5.591620e-01   3.367100e+02   2.208846e+01
  5.611610e-01   2.878610e+02   2.164638e+01
  5.631590e-01   3.351610e+02   2.205769e+01
  5.651580e-01   3.276500e+02   2.181492e+01
  5.671560e-01   3.144090e+02   2.185557e+01
  5.691540e-01   3.504160e+02   2.194629e+01
  5.711530e-01   3.311830e+02   2.195847e+01
  5.731510e-01   3.353490e+02   2.175138e+01
  5.751500e-01   2.990950e+02   2.137677e+01
  5.771480e-01   3.128160e+02   2.172376e+01
  5.791470e-01   2.945950e+02   2.151352e+01
  5.811450e-01   3.210650e+02   2.157205e+01
  5.831430e-01   2.792520e+02   2.123282e+01
  5.851420e-01   2.913990e+02   2.138953e+01
  5.871400e-01   3.042520e+02   2.141448e+01
  5.891390e-01   2.646810e+02   2.103197e+01
  5.911370e-01   3.039040e+02   2.127751e+01
  5.931360e-01   2.596040e+02   2.099483e+01
  5.951340e-01   3.086170e+02   2.133527e+01
  5.971320e-01   2.999860e+02   2.126450e+01
  5.991310e-01   2.785220e+02   2.082172e+01
  6.011290e-01   2.604680e+02   2.103606e+01
  6.031280e-01   2.795980e+02   2.095954e+01
  6.051260e-01   2.540780e+02   2.091939e+01
  6.071250e-01   2.790030e+02   2.091813e+01
  6.091230e-01   3.065000e+02   2.091521e+01
  6.111210e-01   2.928630e+02   2.100005e+01
  6.131200e-01   2.931750e+02   2.085862e+01
  6.151180e-01   2.688650e+02   2.077100e+01
  6.171170e-01   2.741700e+02   2.060798e+01
  6.191150e-01   2.528210e+02   2.063543e+01
  6.211140e-01   2.556210e+02   2.077749e+01
  6.231120e-01   2.706480e+02   2.040716e+01
  6.251110e-01   2.418680e+02   2.091793e+01
  6.271090e-01   2.802860e+02   2.134341e+01
  6.291070e-01   2.104400e+02   2.109174e+01
  6.311060e-01   2.503820e+02   2.159724e+01
  6.331040e-01   2.792830e+02   2.142309e+01
  6.351030e-01   2.582520e+02   2.188988e+01
  6.371010e-01   2.562270e+02   2.223949e+01
  6.391000e-01   2.527120e+02   2.213802e+01
  6.410980e-01   2.635420e+02   2.206781e+01
  6.430960e-01   2.970010e+02   2.223864e+01
  6.450950e-01   2.383240e+02   2.223666e+01
  6.470930e-01   2.373820e+02   2.197369e+01
  6.490920e-01   2.512430e+02   2.213399e+01
  6.510900e-01   2.565200e+02   2.210795e+01
  6.530890e-01   2.181120e+02   2.185255e+01
  6.550870e-01   2.606230e+02   2.242410e+01
  6.570850e-01   2.895720e+02   2.216360e+01
  6.590840e-01   2.181100e+02   2.187782e+01
  6.610820e-01   2.390590e+02   2.185284e+01
  6.630810e-01   2.333890e+02   2.198006e+01
  6.650790e-01   2.135990e+02   2.194728e+01
  6.670780e-01   2.595220e+02   2.183016e+01
  6.690760e-01   2.414240e+02   2.204064e+01
  6.710740e-01   2.184030e+02   2.137037e+01
  6.730730e-01   2.231160e+02   2.128508e+01
  6.750710e-01   2.164000e+02   2.087900e+01
  6.770700e-01   2.090410e+02   2.091818e+01
  6.790680e-01   2.340590e+02   2.111141e+01
  6.810670e-01   2.411890e+02   2.094943e+01
  6.830650e-01   1.955230e+02   2.064064e+01
  6.850630e-01   1.972890e+02   2.041005e+01
  6.870620e-01   2.241020e+02   2.071751e+01
  6.890600e-01   2.056660e+02   2.063491e+01
  6.910590e-01   1.897450e+02   2.008934e+01
  6.930570e-01   2.233620e+02   2.048517e+01
  6.950560e-01   1.702010e+02   1.999467e+01
  6.970540e-01   2.126280e+02   2.046364e+01
  6.990530e-01   2.061690e+02   2.025571e+01
  7.010510e-01   2.007190e+02   1.986127e+01
  7.030490e-01   2.253170e+02   2.041441e+01
  7.050480e-01   2.075410e+02   1.992137e+01
  7.070460e-01   2.082920e+02   2.020913e+01
  7.090450e-01   1.944480e+02   1.974998e+01
  7.110430e-01   1.758180e+02   1.965891e+01
  7.130420e-01   1.988210e+02   1.996513e+01
  7.150400e-01   1.685140e+02   1.955458e+01
  7.170380e-01   1.812660e+02   1.963638e+01
  7.190370e-01   1.718710e+02   1.953304e+01
  7.210350e-01   2.010500e+02   1.973121e+01
  7.230340e-01   1.870910e+02   1.958761e+01
  7.250320e-01   2.154720e+02   1.964218e+01
  7.270310e-01   2.002770e+02   1.960368e+01
  7.290290e-01   1.762020e+02   1.930193e+01
  7.310270e-01   1.733020e+02   1.937350e+01
  7.330260e-01   1.770470e+02   1.926498e+01
  7.350240e-01   1.657960e+02   1.907568e+01
  7.370230e-01   1.656920e+02   1.926319e+01
  7.390210e-01   1.688150e+02   1.894220e+01
  7.410200e-01   1.926180e+02   1.932793e+01
  7.430180e-01   1.935250e+02   1.914138e+01
  7.450160e-01   1.764470e+02   1.908263e+01
  7.470150e-01   1.650350e+02   1.916727e+01
  7.490130e-01   1.625870e+02   1.877541e+01
  7.510120e-01   1.992240e+02   1.904573e+01
  7.530100e-01   1.565590e+02   1.879096e+01
  7.550090e-01   1.880010e+02   1.908026e+01
  7.570070e-01   1.285090e+02   1.880960e+01
  7.590060e-01   1.460110e+02   1.854773e+01
  7.610040e-01   1.565930e+02   1.872786e+01
  7.630020e-01   1.579860e+02   1.865769e+01
  7.650010e-01   1.582910e+02   1.889563e+01
  7.669990e-01   1.781550e+02   1.885591e+01
  7.689980e-01   1.436130e+02   1.843654e+01
  7.709960e-01   1.675200e+02   1.876576e+01
  7.729950e-01   1.720210e+02   1.868708e+01
  7.749930e-01   1.355320e+02   1.846026e+01
  7.769910e-01   1.508970e+02   1.838485e+01
  7.789900e-01   1.630850e+02   1.870932e+01
  7.809880e-01   1.897900e+02   1.874902e+01
  7.829870e-01   1.452210e+02   1.846313e+01
  7.849850e-01   1.524000e+02   1.833572e+01
  7.869840e-01   1.831430e+02   1.848562e+01
  7.889820e-01   1.268500e+02   1.838549e+01
  7.909800e-01   1.472080e+02   1.836579e+01
  7.929790e-01   1.434190e+02   1.828634e+01
  7.949770e-01   1.424630e+02   1.815784e+01
  7.969760e-01   1.779790e+02   1.834108e+01
  7.989740e-01   1.416640e+02   1.841732e+01
  8.009730e-01   1.619090e+02   1.816542e+01
  8.029710e-01   1.151560e+02   1.800094e+01
  8.049690e-01   1.436800e+02   1.820720e+01
  8.069680e-01   1.570580e+02   1.806427e+01
  8.089660e-01   1.233700e+02   1.807845e+01
  8.109650e-01   1.134370e+02   1.768289e+01
  8.129630e-01   1.611380e+02   1.822306e+01
  8.149620e-01   1.188640e+02   1.789283e+01
  8.169600e-01   1.528490e+02   1.805859e+01
  8.189590e-01   1.074040e+02   1.778423e+01
  8.209570e-01   1.489080e+02   1.782268e+01
  8.229550e-01   9.589600e+01   1.770479e+01
  8.249540e-01   1.281810e+02   1.780249e+01
  8.269520e-01   1.266150e+02   1.777899e+01
  8.289510e-01   8.006400e+01   1.760851e+01
  8.309490e-01   1.284670e+02   1.757890e+01
  8.329480e-01   1.304170e+02   1.786115e+01
  8.349460e-01   1.258430e+02   1.756543e+01
  8.369440e-01   1.148350e+02   1.753595e+01
  8.389430e-01   1.395340e+02   1.781893e+01
  8.409410e-01   1.169920e+02   1.756686e+01
  8.429400e-01   1.199560e+02   1.762066e+01
  8.449380e-01   9.592500e+01   1.722277e+01
  8.469370e-01   1.162810e+02   1.749284e+01
  8.489350e-01   1.173240e+02   1.759045e+01
  8.509330e-01   1.129710e+02   1.740203e+01
  8.529320e-01   9.310800e+01   1.735476e+01
  8.549300e-01   1.050380e+02   1.722295e+01
  8.569290e-01   1.002520e+02   1.738995e+01
  8.589270e-01   8.493900e+01   1.721491e+01
  8.609260e-01   1.097820e+02   1.724546e+01
  8.629240e-01   1.107410e+02   1.735579e+01
  8.649220e-01   1.061640e+02   1.725488e+01
  8.669210e-01   1.239790e+02   1.745968e+01
  8.689190e-01   8.138000e+01   1.699624e+01
  8.709180e-01   1.078890e+02   1.710088e+01
  8.729160e-01   8.539000e+01   1.704208e+01
  8.749150e-01   9.557800e+01   1.717280e+01
  8.769130e-01   9.642900e+01   1.709153e+01
  8.789120e-01   8.432400e+01   1.692683e+01
  8.809100e-01   1.213750e+02   1.719195e+01
  8.829080e-01   1.275320e+02   1.720224e+01
  8.849070e-01   9.708800e+01   1.709025e+01
  8.869050e-01   7.388600e+01   1.675084e+01
  8.889040e-01   1.042900e+02   1.694835e+01
  8.909020e-01   1.186880e+02   1.713546e+01
  8.929010e-01   9.961700e+01   1.694918e+01
  8.948990e-01   1.028170e+02   1.678176e+01
  8.968970e-01   1.156610e+02   1.691430e+01
  8.988960e-01   1.085770e+02   1.691412e+01
  9.008940e-01   6.683200e+01   1.670376e+01
  9.028930e-01   7.712000e+01   1.658827e+01
  9.048910e-01   1.111590e+02   1.675481e+01
  9.068900e-01   6.546600e+01   1.652646e+01
  9.088880e-01   9.330800e+01   1.672994e+01
  9.108860e-01   5.941300e+01   1.649475e+01
  9.128850e-01   7.126400e+01   1.647179e+01
  9.148830e-01   6.523400e+01   1.654584e+01
  9.168820e-01   1.165460e+02   1.685934e+01
  9.188800e-01   8.705500e+01   1.664314e+01
  9.208790e-01   7.642400e+01   1.643683e+01
  9.228770e-01   7.919500e+01   1.661979e+01
  9.248750e-01   8.640000e+01   1.660513e+01
  9.268740e-01   7.289500e+01   1.652917e+01
  9.288720e-01   8.857500e+01   1.654851e+01
  9.308710e-01   8.162900e+01   1.653455e+01
  9.328690e-01   6.807400e+01   1.642128e+01
  9.348680e-01   7.721500e+01   1.659819e+01
  9.368660e-01   7.556300e+01   1.630831e+01
  9.388640e-01   1.249710e+02   1.666030e+01
  9.408630e-01   5.767100e+01   1.639518e+01
  9.428610e-01   6.296400e+01   1.639039e+01
  9.448600e-01   8.962900e+01   1.655610e+01
  9.468580e-01   9.369900e+01   1.633732e+01
  9.488570e-01   7.876300e+01   1.646426e+01
  9.508550e-01   1.173820e+02   1.665698e+01
  9.528540e-01   7.093300e+01   1.633010e+01
  9.548520e-01   6.231800e+01   1.617872e+01
  9.568500e-01   6.382800e+01   1.627137e+01
  9.588490e-01   8.477000e+01   1.640518e+01
  9.608470e-01   7.860400e+01   1.633986e+01
  9.628460e-01   6.513700e+01   1.612446e+01
  9.648440e-01   4.655000e+01   1.610757e+01
  9.668430e-01   5.587100e+01   1.620905e+01
  9.688410e-01   7.128900e+01   1.628907e+01
  9.708390e-01   7.874100e+01   1.610849e+01
  9.728380e-01   7.286200e+01   1.618797e+01
  9.748360e-01   8.371800e+01   1.626102e+01
  9.768350e-01   8.436200e+01   1.632700e+01
  9.788330e-01   7.010800e+01   1.613649e+01
  9.808320e-01   7.484700e+01   1.607982e+01
  9.828300e-01   4.466500e+01   1.601180e+01
  9.848280e-01   8.775800e+01   1.618140e+01
  9.868270e-01   8.124900e+01   1.623541e+01
  9.888250e-01   9.223500e+01   1.610503e+01
  9.908240e-01   8.391000e+01   1.620292e+01
  9.928220e-01   4.841100e+01   1.600902e+01
  9.948210e-01   5.985500e+01   1.594316e+01
  9.968190e-01   6.341800e+01   1.597028e+01
  9.988170e-01   4.656900e+01   1.583162e+01
  1.000820e+00   8.772100e+01   1.624817e+01
  1.002810e+00   5.084900e+01   1.594522e+01
  1.004810e+00   6.319500e+01   1.580096e+01
  1.006810e+00   6.188400e+01   1.597068e+01
  1.008810e+00   7.357800e+01   1.589262e+01
  1.010810e+00   6.298300e+01   1.609614e+01
  1.012810e+00   6.292200e+01   1.577498e+01
  1.014800e+00   5.764500e+01   1.578908e+01
  1.016800e+00   5.337000e+01   1.590830e+01
  1.018800e+00   5.919800e+01   1.566062e+01
  1.020800e+00   4.866600e+01   1.583970e+01
  1.022800e+00   6.125900e+01   1.564349e+01
  1.024800e+00   7.901600e+01   1.587374e+01
  1.026800e+00   5.481000e+01   1.591779e+01
  1.028790e+00   7.068600e+01   1.569869e+01
  1.030790e+00   5.143700e+01   1.563897e+01
  1.032790e+00   6.664200e+01   1.565873e+01
  1.034790e+00   8.757500e+01   1.584652e+01
  1.036790e+00   4.231700e+01   1.571009e+01
  1.038790e+00   5.362300e+01   1.550170e+01
  1.040780e+00   5.409800e+01   1.566346e+01
  1.042780e+00   4.846400e+01   1.551557e+01
  1.044780e+00   5.978700e+01   1.557116e+01
  1.046780e+00   5.816700e+01   1.559404e+01
  1.048780e+00   6.731600e+01   1.549504e+01
  1.050780e+00   5.077000e+01   1.565439e+01
  1.052780e+00   6.777300e+01   1.554541e+01
  1.054770e+00   4.963400e+01   1.549675e+01
  1.056770e+00   6.714900e+01   1.551894e+01
  1.058770e+00   5.399300e+01   1.544281e+01
  1.060770e+00   5.616500e+01   1.593957e+01
  1.062770e+00   3.608400e+01   1.578461e+01
  1.064770e+00   5.220800e+01   1.593420e+01
  1.066760e+00   6.263200e+01   1.598852e+01
  1.068760e+00   6.908500e+01   1.619133e+01
  1.070760e+00   8.267900e+01   1.642411e+01
  1.072760e+00   5.716000e+01   1.621132e+01
  1.074760e+00   3.297900e+01   1.625588e+01
  1.076760e+00   5.870800e+01   1.628943e+01
  1.078750e+00   6.411700e+01   1.643812e+01
  1.080750e+00   4.686300e+01   1.622959e+01
  1.082750e+00   6.460000e+01   1.645083e+01
  1.084750e+00   4.941800e+01   1.652890e+01
  1.086750e+00   4.439300e+01   1.649529e+01
  1.088750e+00   5.809500e+01   1.654412e+01
  1.090750e+00   4.434700e+01   1.634152e+01
  1.092740e+00   1.553900e+01   1.638568e+01
  1.094740e+00   5.526400e+01   1.629621e+01
  1.096740e+00   2.350500e+01   1.605440e+01
  1.098740e+00   5.728300e+01   1.606873e+01
  1.100740e+00   3.130200e+01   1.579964e+01
  1.102740e+00   2.230900e+01   1.582478e+01
  1.104730e+00   1.894200e+01   1.565663e+01
  1.106730e+00   1.900000e+01   1.555807e+01
  1.108730e+00   3.183100e+01   1.576218e+01
  1.110730e+00   3.817700e+01   1.564412e+01
  1.112730e+00   6.304100e+01   1.589088e+01
  1.114730e+00   2.804200e+01   1.540744e+01
  1.116730e+00   7.599000e+00   1.539161e+01
  1.118720e+00   5.461100e+01   1.562224e+01
  1.120720e+00   5.046800e+01   1.556542e+01
  1.122720e+00   5.523500e+01   1.564696e+01
  1.124720e+00   2.839400e+01   1.525494e+01
  1.126720e+00   5.851100e+01   1.545702e+01
  1.128720e+00   5.008500e+01   1.548353e+01
  1.130710e+00   4.906600e+01   1.545951e+01
  1.132710e+00   4.172200e+01   1.530988e+01
  1.134710e+00   2.956400e+01   1.522330e+01
  1.136710e+00   6.851400e+01   1.561467e+01
  1.138710e+00   3.602200e+01   1.526735e+01
  1.140710e+00   3.024600e+01   1.514066e+01
  1.142700e+00   6.241200e+01   1.543896e+01
  1.144700e+00   5.497100e+01   1.527708e+01
  1.146700e+00   4.819900e+01   1.539215e+01
  1.148700e+00   1.510300e+01   1.497254e+01
  1.150700e+00   2.218300e+01   1.511749e+01
  1.152700e+00   5.382400e+01   1.526572e+01
  1.154700e+00   4.228900e+01   1.518455e+01
  1.156690e+00   4.362500e+01   1.534879e+01
  1.158690e+00   5.179400e+01   1.507438e+01
  1.160690e+00   2.643600e+01   1.515406e+01
  1.162690e+00   5.000100e+01   1.522061e+01
  1.164690e+00   3.112300e+01   1.508367e+01
  1.166690e+00   4.973000e+01   1.516057e+01
  1.168680e+00   5.994600e+01   1.513255e+01
  1.170680e+00   2.779100e+01   1.514488e+01
  1.172680e+00   3.635900e+01   1.508493e+01
  1.174680e+00   5.850700e+01   1.508446e+01
  1.176680e+00   4.236400e+01   1.508365e+01
  1.178680e+00   3.594000e+00   1.484987e+01
  1.180670e+00   3.254600e+01   1.512290e+01
  1.182670e+00   1.989500e+01   1.484453e+01
  1.184670e+00   4.965000e+01   1.505483e+01
  1.186670e+00   3.116700e+01   1.498002e+01
  1.188670e+00   7.800400e+01   1.526815e+01
  1.190670e+00   2.167700e+01   1.487752e+01
  1.192670e+00   3.513800e+01   1.488923e+01
  1.194660e+00   4.697300e+01   1.502849e+01
  1.196660e+00   1.855800e+01   1.478743e+01
  1.198660e+00   1.672500e+01   1.490814e+01
  1.200660e+00   8.832000e+00   1.472360e+01
  1.202660e+00   5.706000e+01   1.497410e+01
  1.204660e+00   2.814600e+01   1.494677e+01
  1.206650e+00   4.589400e+01   1.489919e+01
  1.208650e+00   1.160600e+01   1.477907e+01
  1.210650e+00   2.431100e+01   1.476751e+01
  1.212650e+00   3.309200e+01   1.483290e+01
  1.214650e+00  -1.380000e-01   1.472097e+01
  1.216650e+00   3.172200e+01   1.469653e+01
  1.218650e+00   2.700100e+01   1.485829e+01
  1.220640e+00   2.636900e+01   1.478310e+01
  1.222640e+00   3.411200e+01   1.489318e+01
  1.224640e+00   2.760200e+01   1.475716e+01
  1.226640e+00   2.208100e+01   1.458298e+01
  1.228640e+00   4.857500e+01   1.494069e+01
  1.230640e+00   1.894800e+01   1.463879e+01
  1.232630e+00   2.188700e+01   1.471050e+01
  1.234630e+00   4.292000e+01   1.476269e+01
  1.236630e+00   1.353300e+01   1.456000e+01
  1.238630e+00   3.728200e+01   1.488791e+01
  1.240630e+00   5.038300e+01   1.469348e+01
  1.242630e+00   3.294100e+01   1.467554e+01
  1.244620e+00   3.487000e+01   1.466524e+01
  1.246620e+00   5.436100e+01   1.479594e+01
  1.248620e+00   5.500600e+01   1.495934e+01
  1.250620e+00   3.438200e+01   1.448160e+01
  1.252620e+00   2.695900e+01   1.461648e+01
  1.254620e+00   3.812000e+01   1.469929e+01
  1.256620e+00   3.291500e+01   1.469341e+01
  1.258610e+00   1.278000e+01   1.452985e+01
  1.260610e+00   4.901400e+01   1.463544e+01
  1.262610e+00   1.465100e+01   1.462353e+01
  1.264610e+00   2.292200e+01   1.456943e+01
  1.266610e+00   3.986700e+01   1.465874e+01
  1.268610e+00   3.498100e+01   1.453690e+01
  1.270600e+00   3.279800e+01   1.467011e+01
  1.272600e+00   3.329100e+01   1.470186e+01
  1.274600e+00   3.107400e+01   1.455818e+01
  1.276600e+00   2.766500e+01   1.447283e+01
  1.278600e+00   1.741700e+01   1.442751e+01
  1.280600e+00   2.242600e+01   1.460891e+01
  1.282590e+00   1.736100e+01   1.457866e+01
  1.284590e+00   2.244000e+01   1.441091e+01
  1.286590e+00   2.161000e+00   1.442718e+01
  1.288590e+00  -4.615000e+00   1.428483e+01
  1.290590e+00   4.332700e+01   1.466577e+01
  1.292590e+00   4.808000e+01   1.455405e+01
  1.294590e+00   2.153000e+01   1.444636e+01
  1.296580e+00   1.814000e+00   1.445916e+01
  1.298580e+00   5.065300e+01   1.454162e+01
  1.300580e+00   6.126000e+00   1.441351e+01
  1.302580e+00   3.177900e+01   1.438892e+01
  1.304580e+00   1.910700e+01   1.443267e+01
  1.306580e+00   2.727400e+01   1.458961e+01
  1.308570e+00   2.046600e+01   1.434421e+01
  1.310570e+00   2.280600e+01   1.442123e+01
  1.312570e+00   4.805900e+01   1.448221e+01
  1.314570e+00   2.288500e+01   1.445588e+01
  1.316570e+00   3.467000e+00   1.432860e+01
  1.318570e+00   5.394000e+00   1.421897e+01
  1.320570e+00   3.650900e+01   1.452075e+01
  1.322560e+00   4.345900e+01   1.442599e+01
  1.324560e+00   4.287300e+01   1.461094e+01
  1.326560e+00  -6.014000e+00   1.404944e+01
  1.328560e+00   4.463200e+01   1.444640e+01
  1.330560e+00   3.947100e+01   1.451887e+01
  1.332560e+00   4.775000e+01   1.445700e+01
  1.334550e+00   4.061800e+01   1.448783e+01
  1.336550e+00   1.321000e+00   1.412177e+01
  1.338550e+00   2.234700e+01   1.430016e+01
  1.340550e+00  -3.740000e-01   1.426332e+01
  1.342550e+00   1.499800e+01   1.417069e+01
  1.344550e+00   2.944500e+01   1.438109e+01
  1.346540e+00   2.492100e+01   1.424645e+01
  1.348540e+00   3.591900e+01   1.436760e+01
  1.350540e+00   2.004900e+01   1.426922e+01
  1.352540e+00   1.982700e+01   1.414368e+01
  1.354540e+00   2.558000e+01   1.435332e+01
  1.356540e+00   2.805200e+01   1.430226e+01
  1.358540e+00   1.328200e+01   1.431554e+01
  1.360530e+00   2.959100e+01   1.426093e+01
  1.362530e+00   2.898200e+01   1.431655e+01
  1.364530e+00   3.544500e+01   1.447722e+01
  1.366530e+00   1.197100e+01   1.423423e+01
  1.368530e+00   2.291700e+01   1.433733e+01
  1.370530e+00   3.664100e+01   1.436340e+01
  1.372520e+00   3.201900e+01   1.437395e+01
  1.374520e+00   3.066300e+01   1.439720e+01
  1.376520e+00   3.427500e+01   1.433108e+01
  1.378520e+00   2.435800e+01   1.441258e+01
  1.380520e+00   4.022200e+01   1.438689e+01
  1.382520e+00   4.850300e+01   1.461618e+01
  1.384520e+00   2.112000e+00   1.426938e+01
  1.386510e+00   3.550700e+01   1.438802e+01
  1.388510e+00   2.116100e+01   1.443002e+01
  1.390510e+00   3.115900e+01   1.437930e+01
  1.392510e+00   3.474200e+01   1.457371e+01
  1.394510e+00   1.091700e+01   1.425925e+01
  1.396510e+00   2.127000e+01   1.444041e+01
  1.398500e+00  -3.757000e+00   1.429126e+01
  1.400500e+00   3.636400e+01   1.449712e+01
  1.402500e+00   2.343300e+01   1.443501e+01
  1.404500e+00   2.084800e+01   1.436893e+01
  1.406500e+00   1.358400e+01   1.448851e+01
  1.408500e+00   3.365500e+01   1.452306e+01
  1.410490e+00   3.425500e+01   1.449766e+01
  1.412490e+00   3.947800e+01   1.454272e+01
  1.414490e+00   6.370200e+01   1.457050e+01
  1.416490e+00   4.931000e+00   1.443725e+01
  1.418490e+00   2.674900e+01   1.444699e+01
  1.420490e+00   3.665000e+01   1.455259e+01
  1.422490e+00   1.701400e+01   1.450776e+01
  1.424480e+00   1.998800e+01   1.427340e+01
  1.426480e+00   3.493300e+01   1.466456e+01
  1.428480e+00   3.210100e+01   1.443509e+01
  1.430480e+00   1.013300e+01   1.444998e+01
  1.432480e+00  -2.107500e+01   1.431149e+01
  1.434480e+00   5.398000e+00   1.433965e+01
  1.436470e+00   4.104500e+01   1.466777e+01
  1.438470e+00   9.315000e+00   1.432302e+01
  1.440470e+00   2.768000e+01   1.453276e+01
  1.442470e+00   3.273000e+01   1.463502e+01
  1.444470e+00   3.132300e+01   1.448648e+01
  1.446470e+00   1.227000e+01   1.457781e+01
  1.448460e+00   5.861000e+00   1.427914e+01
  1.450460e+00   2.051000e+00   1.443021e+01
  1.452460e+00   8.278000e+00   1.446912e+01
  1.454460e+00   3.397300e+01   1.452113e+01
  1.456460e+00  -9.016000e+00   1.439847e+01
  1.458460e+00   1.540000e+00   1.436255e+01
  1.460460e+00   1.270400e+01   1.454132e+01
  1.462450e+00   2.203600e+01   1.440572e+01
  1.464450e+00   3.513500e+01   1.461038e+01
  1.466450e+00   2.455500e+01   1.457116e+01
  1.468450e+00   3.742700e+01   1.462140e+01
  1.470450e+00   3.232700e+01   1.456766e+01
  1.472450e+00   1.404500e+01   1.441461e+01
  1.474440e+00   4.471900e+01   1.461858e+01
  1.476440e+00   3.339400e+01   1.458729e+01
  1.478440e+00   4.320400e+01   1.467253e+01
  1.480440e+00   1.930000e+00   1.440285e+01
  1.482440e+00   1.287700e+01   1.455375e+01
  1.484440e+00   2.418800e+01   1.489963e+01
  1.486440e+00   4.862700e+01   1.511338e+01
  1.488430e+00   2.410500e+01   1.504904e+01
  1.490430e+00   3.075800e+01   1.513841e+01
  1.492430e+00   2.259600e+01   1.536212e+01
  1.494430e+00   2.833000e+01   1.536691e+01
  1.496430e+00  -8.888000e+00   1.508778e+01
  1.498430e+00   2.036600e+01   1.541366e+01
  1.500420e+00   2.405200e+01   1.546640e+01
  1.502420e+00   2.195500e+01   1.565653e+01
  1.504420e+00   4.094300e+01   1.558258e+01
  1.506420e+00   2.928000e+01   1.563710e+01
  1.508420e+00  -1.158300e+01   1.552690e+01
  1.510420e+00  -1.840000e+00   1.559938e+01
  1.512410e+00   2.773800e+01   1.585793e+01
  1.514410e+00   2.687400e+01   1.583969e+01
  1.516410e+00   2.079800e+01   1.580922e+01
  1.518410e+00   3.090800e+01   1.579308e+01
  1.520410e+00   7.110000e+00   1.541495e+01
  1.522410e+00   4.521300e+01   1.547142e+01
  1.524410e+00   1.486800e+01   1.532494e+01
  1.526400e+00   4.992700e+01   1.545354e+01
  1.528400e+00   3.602000e+00   1.516343e+01
  1.530400e+00  -1.472800e+01   1.487051e+01
  1.532400e+00   7.193000e+00   1.510150e+01
  1.534400e+00   6.170000e+00   1.506307e+01
  1.536400e+00  -1.102800e+01   1.490959e+01
  1.538390e+00   7.920000e+00   1.502210e+01
  1.540390e+00   4.049100e+01   1.508766e+01
  1.542390e+00   2.164600e+01   1.512844e+01
  1.544390e+00  -4.760000e+00   1.488374e+01
  1.546390e+00   6.864000e+00   1.495883e+01
  1.548390e+00   1.582400e+01   1.488626e+01
  1.550390e+00   1.939600e+01   1.497143e+01
  1.552380e+00   3.489600e+01   1.522219e+01
  1.554380e+00   1.291100e+01   1.480333e+01
  1.556380e+00   4.081700e+01   1.509704e+01
  1.558380e+00   2.403500e+01   1.494621e+01
  1.560380e+00   2.523200e+01   1.498462e+01
  1.562380e+00   2.037000e+00   1.497951e+01
  1.564370e+00  -5.814000e+00   1.464703e+01
  1.566370e+00   2.862700e+01   1.506342e+01
  1.568370e+00   1.413600e+01   1.487962e+01
  1.570370e+00   2.647000e+00   1.483286e+01
  1.572370e+00   3.363800e+01   1.493838e+01
  1.574370e+00   1.785200e+01   1.485402e+01
  1.576360e+00   2.895600e+01   1.505150e+01
  1.578360e+00   1.479100e+01   1.486824e+01
  1.580360e+00   8.681000e+00   1.480417e+01
  1.582360e+00   1.467400e+01   1.480991e+01
  1.584360e+00   2.373000e+00   1.484125e+01
  1.586360e+00   1.625100e+01   1.493207e+01
  1.588360e+00   3.848000e+00   1.469940e+01
  1.590350e+00  -1.836000e+01   1.464333e+01
  1.592350e+00   3.714300e+01   1.488514e+01
  1.594350e+00   5.748000e+00   1.484158e+01
  1.596350e+00   2.381600e+01   1.493927e+01
  1.598350e+00   3.134700e+01   1.480515e+01
  1.600350e+00   2.213500e+01   1.488036e+01
  1.602340e+00   1.825900e+01   1.476420e+01
  1.604340e+00   1.322200e+01   1.485687e+01
  1.606340e+00   9.494000e+00   1.470054e+01
  1.608340e+00   5.700000e-01   1.469537e+01
  1.610340e+00   3.201100e+01   1.460280e+01
  1.612340e+00   2.925300e+01   1.459809e+01
  1.614330e+00   6.406000e+00   1.463120e+01
  1.616330e+00   1.014400e+01   1.452390e+01
  1.618330e+00   3.485500e+01   1.485590e+01
  1.620330e+00   6.750000e-01   1.472456e+01
  1.622330e+00   2.506100e+01   1.453571e+01
  1.624330e+00   1.499200e+01   1.474481e+01
  1.626330e+00   2.135700e+01   1.466861e+01
  1.628320e+00   7.049000e+00   1.475295e+01
  1.630320e+00   9.397000e+00   1.468046e+01
  1.632320e+00  -6.132000e+00   1.451725e+01
  1.634320e+00   4.278000e+00   1.473048e+01
  1.636320e+00   2.443000e+01   1.470292e+01
  1.638320e+00   1.512000e+01   1.485217e+01
  1.640310e+00   2.990300e+01   1.483977e+01
  1.642310e+00  -2.627000e+00   1.472137e+01
  1.644310e+00   2.188300e+01   1.507190e+01
  1.646310e+00   3.863300e+01   1.487879e+01
  1.648310e+00   3.253600e+01   1.496712e+01
  1.650310e+00  -5.320000e-01   1.472429e+01
  1.652310e+00   1.113100e+01   1.491870e+01
  1.654300e+00   2.047300e+01   1.511656e+01
  1.656300e+00   1.152200e+01   1.477809e+01
  1.658300e+00   3.456600e+01   1.508700e+01
  1.660300e+00   2.937300e+01   1.496568e+01
  1.662300e+00   1.560300e+01   1.497157e+01
  1.664300e+00   2.504300e+01   1.512819e+01
  1.666290e+00  -5.976000e+00   1.486362e+01
  1.668290e+00   1.911400e+01   1.502492e+01
  1.670290e+00   1.488000e+00   1.482502e+01
  1.672290e+00   3.045700e+01   1.512455e+01
  1.674290e+00  -9.885000e+00   1.490098e+01
  1.676290e+00   1.360900e+01   1.502205e+01
  1.678280e+00   3.776300e+01   1.527104e+01
  1.680280e+00   3.467600e+01   1.513172e+01
  1.682280e+00   1.000000e-02   1.497845e+01
  1.684280e+00   3.392500e+01   1.509895e+01
  1.686280e+00   1.284300e+01   1.510578e+01
  1.688280e+00   2.722900e+01   1.518096e+01
  1.690280e+00   2.416000e+00   1.504698e+01
  1.692270e+00   3.819200e+01   1.526790e+01
  1.694270e+00   1.688000e+00   1.497882e+01
  1.696270e+00   1.709300e+01   1.520196e+01
  1.698270e+00   1.821300e+01   1.507406e+01
  1.700270e+00   7.102000e+00   1.508781e+01
  1.702270e+00   6.466000e+00   1.522512e+01
  1.704260e+00  -2.484000e+00   1.500533e+01
  1.706260e+00   2.664100e+01   1.534084e+01
  1.708260e+00   6.768000e+00   1.492703e+01
  1.710260e+00   5.983000e+00   1.521000e+01
  1.712260e+00   9.535000e+00   1.516370e+01
  1.714260e+00   1.267300e+01   1.523455e+01
  1.716250e+00   6.288000e+00   1.511536e+01
  1.718250e+00   2.905400e+01   1.515173e+01
  1.720250e+00   3.452000e+00   1.517512e+01
  1.722250e+00   2.507000e+00   1.507435e+01
  1.724250e+00   2.116300e+01   1.519371e+01
  1.726250e+00   2.358300e+01   1.528733e+01
  1.728250e+00   1.470800e+01   1.509485e+01
  1.730240e+00   1.002200e+01   1.527744e+01
  1.732240e+00   5.774000e+00   1.493463e+01
  1.734240e+00   2.360100e+01   1.514427e+01
  1.736240e+00   8.184000e+00   1.513528e+01
  1.738240e+00   1.513100e+01   1.507905e+01
  1.740240e+00   2.072600e+01   1.529995e+01
  1.742230e+00   2.187000e+01   1.494729e+01
  1.744230e+00   5.500000e+00   1.506178e+01
  1.746230e+00   2.364500e+01   1.520065e+01
  1.748230e+00   8.863000e+00   1.509965e+01
  1.750230e+00   4.388000e+00   1.512196e+01
  1.752230e+00   4.698200e+01   1.514089e+01
  1.754230e+00   3.439300e+01   1.537216e+01
  1.756220e+00   1.360000e+00   1.507314e+01
  1.758220e+00  -2.682700e+01   1.482776e+01
  1.760220e+00   3.060400e+01   1.537707e+01
  1.762220e+00   2.236500e+01   1.504441e+01
  1.764220e+00   1.718600e+01   1.529080e+01
  1.766220e+00   1.634700e+01   1.510973e+01
  1.768210e+00   3.776700e+01   1.526706e+01
  1.770210e+00   2.850400e+01   1.526768e+01
  1.772210e+00   2.846300e+01   1.520025e+01
  1.774210e+00   3.022800e+01   1.538556e+01
  1.776210e+00   5.562000e+00   1.498062e+01
  1.778210e+00  -1.558900e+01   1.511368e+01
  1.780200e+00   2.891900e+01   1.527469e+01
  1.782200e+00   3.850000e+00   1.513400e+01
  1.784200e+00   1.085600e+01   1.522734e+01
  1.786200e+00   1.581800e+01   1.505632e+01
  1.788200e+00  -9.804000e+00   1.519562e+01
  1.790200e+00  -1.922000e+00   1.513342e+01
  1.792200e+00   1.159800e+01   1.519187e+01
  1.794190e+00   1.223200e+01   1.521105e+01
  1.796190e+00   1.113600e+01   1.517055e+01
  1.798190e+00   3.022000e+01   1.541717e+01
  1.800190e+00  -5.160000e+00   1.505324e+01
  1.802190e+00   8.208000e+00   1.519368e+01
  1.804190e+00   4.307000e+00   1.521240e+01
  1.806180e+00   4.624000e+00   1.522086e+01
  1.808180e+00  -1.081000e+00   1.526391e+01
  1.810180e+00   1.904200e+01   1.521207e+01
  1.812180e+00   1.216700e+01   1.524248e+01
  1.814180e+00  -4.779000e+00   1.509677e+01
  1.816180e+00  -6.104000e+00   1.523111e+01
  1.818180e+00  -8.654000e+00   1.518503e+01
  1.820170e+00  -7.679000e+00   1.506347e+01
  1.822170e+00   3.513000e+00   1.533043e+01
  1.824170e+00   1.785800e+01   1.521513e+01
  1.826170e+00   6.297000e+00   1.528942e+01
  1.828170e+00   2.074700e+01   1.532274e+01
  1.830170e+00   5.713000e+00   1.520636e+01
  1.832160e+00   3.194000e+00   1.536745e+01
  1.834160e+00   3.125900e+01   1.524068e+01
  1.836160e+00   2.956200e+01   1.544911e+01
  1.838160e+00   5.222000e+00   1.521455e+01
  1.840160e+00   2.408100e+01   1.541676e+01
  1.842160e+00   3.360000e+01   1.569761e+01
  1.844150e+00   2.214400e+01   1.511458e+01
  1.846150e+00   1.484800e+01   1.538323e+01
  1.848150e+00   1.667900e+01   1.531442e+01
  1.850150e+00   1.088100e+01   1.534128e+01
  1.852150e+00  -8.254000e+00   1.520128e+01
  1.854150e+00   2.184100e+01   1.536534e+01
  1.856150e+00   8.529000e+00   1.540383e+01
  1.858140e+00   1.954400e+01   1.532277e+01
  1.860140e+00  -1.596100e+01   1.513459e+01
  1.862140e+00   1.212000e+01   1.532258e+01
  1.864140e+00   3.421100e+01   1.545922e+01
  1.866140e+00   8.160000e-01   1.547957e+01
  1.868140e+00   1.076900e+01   1.520882e+01
  1.870130e+00   2.535800e+01   1.545693e+01
  1.872130e+00   1.777200e+01   1.537173e+01
  1.874130e+00   7.254000e+00   1.539938e+01
  1.876130e+00   1.397500e+01   1.545077e+01
  1.878130e+00   1.255500e+01   1.528233e+01
  1.880130e+00   2.831700e+01   1.544821e+01
  1.882120e+00   1.234200e+01   1.534343e+01
  1.884120e+00   2.203200e+01   1.556134e+01
  1.886120e+00   1.665000e+01   1.527428e+01
  1.888120e+00   2.465500e+01   1.550940e+01
  1.890120e+00   1.156500e+01   1.549109e+01
  1.892120e+00   5.991000e+00   1.529106e+01
  1.894120e+00  -6.833000e+00   1.526323e+01
  1.896110e+00   1.496800e+01   1.535902e+01
  1.898110e+00   3.259500e+01   1.556819e+01
  1.900110e+00   7.530000e-01   1.543974e+01
  1.902110e+00   4.745200e+01   1.554269e+01
  1.904110e+00   2.396800e+01   1.550189e+01
  1.906110e+00   8.995000e+00   1.537087e+01
  1.908100e+00   1.459000e+01   1.599704e+01
  1.910100e+00   3.551800e+01   1.622268e+01
  1.912100e+00   7.719000e+00   1.612551e+01
  1.914100e+00   3.926900e+01   1.657839e+01
  1.916100e+00   2.117000e+01   1.644286e+01
  1.918100e+00   2.799500e+01   1.677778e+01
  1.920100e+00   2.083000e+01   1.660932e+01
  1.922090e+00   2.605700e+01   1.693375e+01
  1.924090e+00   2.293600e+01   1.710728e+01
  1.926090e+00   4.617000e+00   1.681839e+01
  1.928090e+00   1.556100e+01   1.712461e+01
  1.930090e+00   1.783900e+01   1.701297e+01
  1.932090e+00   3.811600e+01   1.735318e+01
  1.934080e+00   1.049000e+01   1.737413e+01
  1.936080e+00   4.936600e+01   1.750043e+01
  1.938080e+00   3.868000e+00   1.742643e+01
  1.940080e+00   4.052000e+00   1.737297e+01
  1.942080e+00  -2.293500e+01   1.681796e+01
  1.944080e+00   4.898000e+01   1.692778e+01
  1.946070e+00  -2.127000e+00   1.657254e+01
  1.948070e+00  -8.041000e+00   1.654199e+01
  1.950070e+00   1.606000e+01   1.647884e+01
  1.952070e+00   2.320700e+01   1.658296e+01
  1.954070e+00   2.699700e+01   1.641450e+01
  1.956070e+00   4.365000e+00   1.631813e+01
  1.958070e+00   1.637900e+01   1.642114e+01
  1.960060e+00  -3.449000e+00   1.614627e+01
  1.962060e+00   2.669900e+01   1.638416e+01
  1.964060e+00   3.095700e+01   1.629836e+01
  1.966060e+00   2.936700e+01   1.634608e+01
  1.968060e+00   2.092000e+01   1.631130e+01
  1.970060e+00   2.254100e+01   1.611129e+01
  1.972050e+00   2.151000e+00   1.624244e+01
  1.974050e+00   3.702100e+01   1.624338e+01
  1.976050e+00   2.677000e+01   1.633626e+01
  1.978050e+00   4.816000e+00   1.612923e+01
  1.980050e+00   1.466200e+01   1.603573e+01
  1.982050e+00   1.395700e+01   1.628244e+01
  1.984050e+00   2.150100e+01   1.617064e+01
  1.986040e+00  -1.038100e+01   1.606112e+01
  1.988040e+00  -3.903000e+00   1.589902e+01
  1.990040e+00   1.311500e+01   1.612776e+01
  1.992040e+00   1.387700e+01   1.606541e+01
  1.994040e+00  -7.653000e+00   1.601136e+01
  1.996040e+00   4.583900e+01   1.624896e+01
  1.998030e+00  -2.360000e-01   1.594366e+01
  2.000030e+00   2.447700e+01   1.613538e+01
  2.002030e+00   2.107900e+01   1.616808e+01
  2.004030e+00   2.590100e+01   1.607161e+01
  2.006030e+00   5.590000e+00   1.602349e+01
  2.008030e+00   3.536900e+01   1.603064e+01
  2.010020e+00   1.581700e+01   1.603425e+01
  2.012020e+00   1.271300e+01   1.588764e+01
  2.014020e+00  -5.271000e+00   1.581514e+01
  2.016020e+00   2.185600e+01   1.594748e+01
  2.018020e+00   2.550000e-01   1.583153e+01
  2.020020e+00   9.264000e+00   1.595203e+01
  2.022020e+00  -4.635000e+00   1.558203e+01
  2.024010e+00   1.101900e+01   1.588493e+01
  2.026010e+00   3.227500e+01   1.589038e+01
  2.028010e+00   1.496500e+01   1.589102e+01
  2.030010e+00  -1.583700e+01   1.564207e+01
  2.032010e+00   4.828800e+01   1.596645e+01
  2.034010e+00   1.680600e+01   1.592386e+01
  2.036000e+00   2.274300e+01   1.584441e+01
  2.038000e+00   1.249400e+01   1.577866e+01
  2.040000e+00   2.020700e+01   1.596941e+01
  2.042000e+00   7.571000e+00   1.574640e+01
  2.044000e+00   1.729000e+01   1.599772e+01
  2.046000e+00   1.892200e+01   1.576680e+01
  2.047990e+00   1.461400e+01   1.587604e+01
  2.049990e+00   6.610000e+00   1.579257e+01
  2.051990e+00   9.373000e+00   1.580744e+01
  2.053990e+00   1.403400e+01   1.594318e+01
  2.055990e+00  -1.086700e+01   1.554135e+01
  2.057990e+00   2.701200e+01   1.591949e+01
  2.059990e+00   9.290000e+00   1.581097e+01
  2.061980e+00   8.200000e-01   1.580031e+01
  2.063980e+00  -1.943000e+00   1.581108e+01
  2.065980e+00  -1.585000e+00   1.560030e+01
  2.067980e+00  -7.672000e+00   1.581104e+01
  2.069980e+00  -1.559600e+01   1.566044e+01
  2.071980e+00   7.935000e+00   1.575188e+01
  2.073970e+00   1.158000e+00   1.575275e+01
  2.075970e+00   1.614200e+01   1.584380e+01
  2.077970e+00   4.211800e+01   1.602078e+01
  2.079970e+00   9.433000e+00   1.571709e+01
  2.081970e+00  -4.890000e+00   1.574544e+01
  2.083970e+00   8.688000e+00   1.577683e+01
  2.085970e+00   6.430000e-01   1.583703e+01
  2.087960e+00  -1.397300e+01   1.567422e+01
  2.089960e+00   1.243000e+01   1.570315e+01
  2.091960e+00  -9.358000e+00   1.571672e+01
  2.093960e+00   2.811100e+01   1.586280e+01
  2.095960e+00   1.628000e+01   1.590353e+01
  2.097960e+00   3.531500e+01   1.590306e+01
  2.099950e+00   2.908700e+01   1.593694e+01
  2.101950e+00   2.031700e+01   1.587271e+01
  2.103950e+00   3.263000e+00   1.576497e+01
  2.105950e+00   1.690400e+01   1.577546e+01
  2.107950e+00   5.174000e+00   1.576366e+01
  2.109950e+00   7.324000e+00   1.581915e+01
  2.111940e+00   1.396500e+01   1.589736e+01
  2.113940e+00   1.184000e+00   1.565057e+01
  2.115940e+00   3.230600e+01   1.592519e+01
  2.117940e+00   1.290500e+01   1.587066e+01
  2.119940e+00   6.470000e+00   1.575309e+01
  2.121940e+00   3.595000e+00   1.577985e+01
  2.123940e+00  -7.047000e+00   1.560956e+01
  2.125930e+00   3.154500e+01   1.596729e+01
  2.127930e+00   1.067100e+01   1.582338e+01
  2.129930e+00   2.272100e+01   1.588232e+01
  2.131930e+00   9.064000e+00   1.580926e+01
  2.133930e+00   7.411000e+00   1.569284e+01
  2.135930e+00   1.013100e+01   1.589951e+01
  2.137920e+00   1.058000e+01   1.579517e+01
  2.139920e+00   1.618600e+01   1.581075e+01
  2.141920e+00   1.861000e+00   1.575934e+01
  2.143920e+00   7.285000e+00   1.577710e+01
  2.145920e+00   1.043700e+01   1.583366e+01
  2.147920e+00  -9.832000e+00   1.569006e+01
  2.149910e+00   7.814000e+00   1.583891e+01
  2.151910e+00   1.982600e+01   1.583282e+01
  2.153910e+00   2.930000e+01   1.585133e+01
  2.155910e+00   6.434000e+00   1.584547e+01
  2.157910e+00   7.872000e+00   1.573013e+01
  2.159910e+00   1.887100e+01   1.590393e+01
  2.161910e+00   4.278000e+00   1.581523e+01
  2.163900e+00  -1.516500e+01   1.561963e+01
  2.165900e+00   1.574300e+01   1.581845e+01
  2.167900e+00   8.854000e+00   1.580610e+01
  2.169900e+00  -2.310000e+00   1.582654e+01
  2.171900e+00   1.330600e+01   1.577807e+01
  2.173900e+00   1.244900e+01   1.579832e+01
  2.175890e+00  -1.294700e+01   1.565512e+01
  2.177890e+00  -1.229300e+01   1.560766e+01
  2.179890e+00  -1.203000e+00   1.587420e+01
  2.181890e+00   2.471000e+00   1.562544e+01
  2.183890e+00  -1.698100e+01   1.571323e+01
  2.185890e+00   5.189000e+00   1.577650e+01
  2.187890e+00   5.618000e+00   1.582784e+01
  2.189880e+00   1.006700e+01   1.577743e+01
  2.191880e+00   1.096700e+01   1.569971e+01
  2.193880e+00   1.548000e+01   1.583315e+01
  2.195880e+00   2.085700e+01   1.585989e+01
  2.197880e+00   9.860000e+00   1.581614e+01
  2.199880e+00   5.246000e+00   1.562791e+01
  2.201870e+00   1.057600e+01   1.567950e+01
  2.203870e+00  -3.423000e+00   1.571223e+01
  2.205870e+00   1.698000e+00   1.572030e+01
  2.207870e+00   1.391600e+01   1.562964e+01
  2.209870e+00   1.317400e+01   1.574745e+01
  2.211870e+00   1.003000e+00   1.567904e+01
  2.213860e+00   2.657000e+00   1.564847e+01
  2.215860e+00  -2.223800e+01   1.541943e+01
  2.217860e+00   3.096000e+00   1.565377e+01
  2.219860e+00   2.271000e+01   1.571275e+01
  2.221860e+00  -9.434000e+00   1.571942e+01
  2.223860e+00  -3.408500e+01   1.529925e+01
  2.225860e+00   1.891400e+01   1.571982e+01
  2.227850e+00   1.485400e+01   1.579742e+01
  2.229850e+00  -2.834100e+01   1.539271e+01
  2.231850e+00   6.261000e+00   1.586502e+01
  2.233850e+00   2.872200e+01   1.562441e+01
  2.235850e+00   2.672500e+01   1.586707e+01
  2.237850e+00   2.582500e+01   1.580538e+01
  2.239840e+00   3.722000e+00   1.565491e+01
  2.241840e+00   1.183100e+01   1.574150e+01
  2.243840e+00   3.876700e+01   1.574775e+01
  2.245840e+00   4.350000e-01   1.568852e+01
  2.247840e+00   1.944100e+01   1.585864e+01
  2.249840e+00   1.433600e+01   1.560389e+01
  2.251840e+00  -5.942000e+00   1.563549e+01
  2.253830e+00  -6.291000e+00   1.555957e+01
  2.255830e+00   3.756000e+00   1.566992e+01
  2.257830e+00   2.888400e+01   1.581794e+01
  2.259830e+00  -5.223000e+00   1.556418e+01
  2.261830e+00   4.240200e+01   1.601045e+01
  2.263830e+00   4.992200e+01   1.586393e+01
  2.265820e+00   1.407000e+00   1.568883e+01
  2.267820e+00   2.875700e+01   1.579970e+01
  2.269820e+00  -4.284000e+00   1.558984e+01
  2.271820e+00   1.197000e+00   1.574140e+01
  2.273820e+00   1.969300e+01   1.574575e+01
  2.275820e+00   3.530400e+01   1.572984e+01
  2.277810e+00   2.979000e+00   1.566267e+01
  2.279810e+00   1.242000e+00   1.571214e+01
  2.281810e+00  -6.236000e+00   1.565533e+01
  2.283810e+00   1.662600e+01   1.568684e+01
  2.285810e+00   5.297000e+00   1.566807e+01
  2.287810e+00  -1.722000e+01   1.552282e+01
  2.289810e+00   1.045000e+01   1.568909e+01
  2.291800e+00  -1.268500e+01   1.559516e+01
  2.293800e+00   2.775300e+01   1.581660e+01
  2.295800e+00   1.094800e+01   1.574287e+01
  2.297800e+00   2.299800e+01   1.580386e+01
  2.299800e+00  -2.899600e+01   1.539901e+01
  2.301800e+00   1.033100e+01   1.562896e+01
  2.303790e+00   4.560000e-01   1.570356e+01
  2.305790e+00   1.457600e+01   1.580108e+01
  2.307790e+00   1.004100e+01   1.571198e+01
  2.309790e+00   1.476600e+01   1.572437e+01
  2.311790e+00  -5.364000e+00   1.558122e+01
  2.313790e+00  -9.942000e+00   1.557552e+01
  2.315780e+00   3.540000e-01   1.567473e+01
  2.317780e+00   9.234000e+00   1.561657e+01
  2.319780e+00   3.258600e+01   1.586941e+01
  2.321780e+00  -5.785000e+00   1.562489e+01
  2.323780e+00   7.423000e+00   1.566894e+01
  2.325780e+00  -9.305000e+00   1.562857e+01
  2.327780e+00  -8.949000e+00   1.558956e+01
  2.329770e+00  -1.989600e+01   1.564061e+01
  2.331770e+00   2.014800e+01   1.639370e+01
  2.333770e+00   3.948600e+01   1.659831e+01
  2.335770e+00   8.148000e+00   1.654520e+01
  2.337770e+00  -1.767600e+01   1.660081e+01
  2.339770e+00   1.243300e+01   1.696292e+01
  2.341760e+00  -2.288000e+00   1.699725e+01
  2.343760e+00  -5.134000e+00   1.695739e+01
  2.345760e+00  -1.281500e+01   1.718926e+01
  2.347760e+00   2.345800e+01   1.745430e+01
  2.349760e+00  -3.504000e+00   1.738176e+01
  2.351760e+00  -9.380000e+00   1.729426e+01
  2.353760e+00  -3.423000e+00   1.757769e+01
  2.355750e+00  -1.510300e+01   1.758417e+01
  2.357750e+00   3.571000e+00   1.777082e+01
  2.359750e+00  -6.110000e+00   1.767583e+01
  2.361750e+00   2.019100e+01   1.796671e+01
  2.363750e+00  -1.255200e+01   1.790642e+01
  2.365750e+00  -9.900000e-01   1.742726e+01
  2.367740e+00   2.712200e+01   1.739405e+01
  2.369740e+00   3.067800e+01   1.726505e+01
  2.371740e+00  -1.587000e+00   1.700176e+01
  2.373740e+00   9.244000e+00   1.693247e+01
  2.375740e+00  -3.075000e+00   1.680208e+01
  2.377740e+00  -1.893100e+01   1.653114e+01
  2.379730e+00   9.663000e+00   1.681038e+01
  2.381730e+00   3.283700e+01   1.685181e+01
  2.383730e+00   1.330100e+01   1.673905e+01
  2.385730e+00   1.688900e+01   1.656499e+01
  2.387730e+00  -2.647000e+00   1.649929e+01
  2.389730e+00  -1.813400e+01   1.642136e+01
  2.391730e+00  -2.389000e+00   1.653115e+01
  2.393720e+00  -6.585000e+00   1.649741e+01
  2.395720e+00   1.665500e+01   1.657177e+01
  2.397720e+00   1.627000e+00   1.649681e+01
  2.399720e+00   1.139000e+01   1.655381e+01
  2.401720e+00   1.116500e+01   1.642444e+01
  2.403720e+00  -2.621100e+01   1.625457e+01
  2.405710e+00  -2.388000e+01   1.623416e+01
  2.407710e+00   1.085000e+01   1.649891e+01
  2.409710e+00   2.202200e+01   1.649438e+01
  2.411710e+00   1.604200e+01   1.635043e+01
  2.413710e+00   1.110400e+01   1.645982e+01
  2.415710e+00   6.055000e+00   1.627777e+01
  2.417710e+00  -1.375800e+01   1.622868e+01
  2.419700e+00   1.599000e+01   1.636026e+01
  2.421700e+00  -1.996300e+01   1.603284e+01
  2.423700e+00   3.080300e+01   1.649387e+01
  2.425700e+00  -1.076000e+00   1.627764e+01
  2.427700e+00   2.168800e+01   1.630880e+01
  2.429700e+00   4.296000e+00   1.629168e+01
  2.431690e+00   1.417000e+01   1.631809e+01
  2.433690e+00   8.064000e+00   1.635210e+01
  2.435690e+00   1.655900e+01   1.612595e+01
  2.437690e+00   1.020800e+01   1.626426e+01
  2.439690e+00   5.803000e+00   1.620827e+01
  2.441690e+00   3.024000e+00   1.622004e+01
  2.443680e+00   1.573000e+00   1.620933e+01
  2.445680e+00  -2.360000e+00   1.612928e+01
  2.447680e+00   2.183100e+01   1.626243e+01
  2.449680e+00  -4.390000e-01   1.624071e+01
  2.451680e+00   5.010000e+00   1.626734e+01
  2.453680e+00  -1.187600e+01   1.603773e+01
  2.455680e+00   4.784000e+00   1.625290e+01
  2.457670e+00   2.904200e+01   1.632808e+01
  2.459670e+00   1.942000e+00   1.628251e+01
  2.461670e+00   1.659300e+01   1.613538e+01
  2.463670e+00   4.373000e+00   1.617788e+01
  2.465670e+00  -1.749700e+01   1.607742e+01
  2.467670e+00   1.090300e+01   1.625725e+01
  2.469660e+00   9.000000e+00   1.621680e+01
  2.471660e+00   1.859800e+01   1.617441e+01
  2.473660e+00   2.733800e+01   1.633184e+01
  2.475660e+00   1.822000e+00   1.626213e+01
  2.477660e+00  -2.384600e+01   1.590462e+01
  2.479660e+00   2.837800e+01   1.627438e+01
  2.481650e+00   7.626000e+00   1.614500e+01
  2.483650e+00   2.288300e+01   1.632987e+01
  2.485650e+00   2.760000e-01   1.617624e+01
  2.487650e+00   2.135800e+01   1.611694e+01
  2.489650e+00  -1.587000e+00   1.618538e+01
  2.491650e+00  -1.390000e+00   1.611182e+01
  2.493650e+00   8.340000e-01   1.620378e+01
  2.495640e+00   1.815600e+01   1.610508e+01
  2.497640e+00  -1.654000e+00   1.597889e+01
  2.499640e+00   1.918200e+01   1.617420e+01
  2.501640e+00   1.540000e-01   1.610354e+01
  2.503640e+00   8.027000e+00   1.607047e+01
  2.505640e+00   2.375000e+00   1.606053e+01
  2.507630e+00  -1.048000e+00   1.598088e+01
  2.509630e+00  -1.599000e+00   1.600094e+01
  2.511630e+00   2.932000e+01   1.612155e+01
  2.513630e+00   2.344400e+01   1.607366e+01
  2.515630e+00   9.639000e+00   1.609830e+01
  2.517630e+00   1.485000e+00   1.599554e+01
  2.519630e+00  -1.885800e+01   1.583200e+01
  2.521620e+00   1.229500e+01   1.589360e+01
  2.523620e+00   1.204200e+01   1.598903e+01
  2.525620e+00  -1.837000e+00   1.599414e+01
  2.527620e+00  -5.500000e-02   1.594640e+01
  2.529620e+00  -8.909000e+00   1.580829e+01
  2.531620e+00   1.461700e+01   1.598775e+01
  2.533610e+00   1.330400e+01   1.598607e+01
  2.535610e+00  -9.696000e+00   1.586287e+01
  2.537610e+00  -1.222400e+01   1.578048e+01
  2.539610e+00   1.355600e+01   1.599986e+01
  2.541610e+00   2.230000e+00   1.595295e+01
  2.543610e+00   7.719000e+00   1.600204e+01
  2.545600e+00   6.660000e+00   1.589207e+01
  2.547600e+00   7.960000e+00   1.590612e+01
  2.549600e+00  -2.971000e+00   1.589478e+01
  2.551600e+00   2.644100e+01   1.617917e+01
  2.553600e+00  -2.058500e+01   1.581192e+01
  2.555600e+00   3.218000e+00   1.587158e+01
  2.557600e+00   3.750600e+01   1.609646e+01
  2.559590e+00   2.282800e+01   1.601891e+01
  2.561590e+00  -2.459300e+01   1.582112e+01
  2.563590e+00   3.012600e+01   1.604212e+01
  2.565590e+00   1.618300e+01   1.595139e+01
  2.567590e+00   6.139000e+00   1.601333e+01
  2.569590e+00   2.819500e+01   1.609103e+01
  2.571580e+00  -1.998000e+01   1.566950e+01
  2.573580e+00  -1.068800e+01   1.579803e+01
  2.575580e+00   4.594900e+01   1.626845e+01
  2.577580e+00  -6.334000e+00   1.587866e+01
  2.579580e+00   6.323000e+00   1.588108e+01
  2.581580e+00  -6.846000e+00   1.576506e+01
  2.583570e+00   7.087000e+00   1.594430e+01
  2.585570e+00   4.117700e+01   1.619586e+01
  2.587570e+00   4.301000e+00   1.588684e+01
  2.589570e+00   1.877800e+01   1.602633e+01
  2.591570e+00  -1.917000e+01   1.578507e+01
  2.593570e+00  -2.561000e+00   1.587850e+01
  2.595570e+00   2.520200e+01   1.609165e+01
  2.597560e+00   9.878000e+00   1.586176e+01
  2.599560e+00   1.194100e+01   1.596763e+01
  2.601560e+00  -7.942000e+00   1.586543e+01
  2.603560e+00   3.122800e+01   1.608741e+01
  2.605560e+00   2.864500e+01   1.607276e+01
  2.607560e+00  -1.064300e+01   1.570200e+01
  2.609550e+00  -1.739000e+01   1.578484e+01
  2.611550e+00   2.831300e+01   1.605468e+01
  2.613550e+00   5.696000e+00   1.592335e+01
  2.615550e+00  -1.909400e+01   1.572634e+01
  2.617550e+00   3.786300e+01   1.612525e+01
  2.619550e+00   2.118900e+01   1.597280e+01
  2.621550e+00  -1.324700e+01   1.581187e+01
  2.623540e+00   2.452600e+01   1.605129e+01
  2.625540e+00   1.681500e+01   1.597467e+01
  2.627540e+00   2.189900e+01   1.596264e+01
  2.629540e+00   6.493000e+00   1.591721e+01
  2.631540e+00  -1.274400e+01   1.582439e+01
  2.633540e+00  -1.263900e+01   1.571331e+01
  2.635530e+00   1.337100e+01   1.596514e+01
  2.637530e+00   2.054000e+01   1.602363e+01
  2.639530e+00  -1.126900e+01   1.582685e+01
  2.641530e+00   4.010000e+00   1.583572e+01
  2.643530e+00  -6.706000e+00   1.580119e+01
  2.645530e+00   1.597400e+01   1.598158e+01
  2.647520e+00   8.446000e+00   1.590306e+01
  2.649520e+00  -1.146200e+01   1.579693e+01
  2.651520e+00   4.944000e+00   1.593279e+01
  2.653520e+00   1.447000e+00   1.591744e+01
  2.655520e+00  -3.143000e+00   1.579512e+01
  2.657520e+00   1.573100e+01   1.591020e+01
  2.659520e+00  -1.070000e-01   1.580480e+01
  2.661510e+00   3.273000e+00   1.592624e+01
  2.663510e+00   2.165900e+01   1.600947e+01
  2.665510e+00   2.542200e+01   1.595361e+01
  2.667510e+00  -3.268400e+01   1.566209e+01
  2.669510e+00   8.911000e+00   1.594117e+01
  2.671510e+00   4.876300e+01   1.618106e+01
  2.673500e+00   2.166800e+01   1.592246e+01
  2.675500e+00  -3.207500e+01   1.562064e+01
  2.677500e+00  -1.115400e+01   1.587131e+01
  2.679500e+00   2.911000e+00   1.588494e+01
  2.681500e+00  -1.900600e+01   1.563135e+01
  2.683500e+00   3.350500e+01   1.607658e+01
  2.685500e+00   7.315000e+00   1.589572e+01
  2.687490e+00  -3.365000e+00   1.595122e+01
  2.689490e+00  -1.280500e+01   1.572038e+01
  2.691490e+00   1.082200e+01   1.589535e+01
  2.693490e+00  -1.560000e+00   1.580325e+01
  2.695490e+00   1.441900e+01   1.590872e+01
  2.697490e+00  -2.116100e+01   1.572053e+01
  2.699480e+00   1.463100e+01   1.576173e+01
  2.701480e+00   1.934000e+01   1.588113e+01
  2.703480e+00  -5.427000e+00   1.583685e+01
  2.705480e+00  -2.281100e+01   1.558800e+01
  2.707480e+00   9.155000e+00   1.568627e+01
  2.709480e+00   1.850000e+00   1.573452e+01
  2.711470e+00  -9.696000e+00   1.566817e+01
  2.713470e+00  -1.866100e+01   1.568532e+01
  2.715470e+00   3.828000e+00   1.565404e+01
  2.717470e+00   1.042100e+01   1.574363e+01
  2.719470e+00   1.741900e+01   1.577450e+01
  2.721470e+00   1.067000e+01   1.571101e+01
  2.723470e+00   1.338700e+01   1.570981e+01
  2.725460e+00   4.510000e+00   1.564529e+01
  2.727460e+00   1.365100e+01   1.575252e+01
  2.729460e+00  -8.959000e+00   1.561454e+01
  2.731460e+00  -2.650800e+01   1.549237e+01
  2.733460e+00   2.409300e+01   1.580167e+01
  2.735460e+00   3.995800e+01   1.590949e+01
  2.737450e+00   2.507300e+01   1.582668e+01
  2.739450e+00   2.790400e+01   1.591385e+01
  2.741450e+00   9.395000e+00   1.557017e+01
  2.743450e+00   1.050600e+01   1.572551e+01
  2.745450e+00  -2.389100e+01   1.553335e+01
  2.747450e+00   8.194000e+00   1.577496e+01
  2.749440e+00   1.694800e+01   1.571999e+01
  2.751440e+00   3.994000e+00   1.571066e+01
  2.753440e+00   2.046100e+01   1.597478e+01
  2.755440e+00  -1.061100e+01   1.608791e+01
  2.757440e+00   2.334300e+01   1.661413e+01
  2.759440e+00  -1.070000e-01   1.671203e+01
  2.761440e+00   8.567000e+00   1.697612e+01
  2.763430e+00  -3.855000e+00   1.707761e+01
  2.765430e+00   1.393600e+01   1.735933e+01
  2.767430e+00   1.956200e+01   1.734504e+01
  2.769430e+00   1.318000e+00   1.759568e+01
  2.771430e+00   9.593000e+00   1.767487e+01
  2.773430e+00  -3.234200e+01   1.759538e+01
  2.775420e+00   2.016000e+00   1.778541e+01
  2.777420e+00   7.274000e+00   1.807452e+01
  2.779420e+00   1.551600e+01   1.810829e+01
  2.781420e+00   1.701800e+01   1.830544e+01
  2.783420e+00  -9.235000e+00   1.818965e+01
  2.785420e+00   4.020000e-01   1.842088e+01
  2.787420e+00  -2.642000e+00   1.852008e+01
  2.789410e+00   9.676000e+00   1.803563e+01
  2.791410e+00   2.382100e+01   1.768189e+01
  2.793410e+00  -4.020000e-01   1.738076e+01
  2.795410e+00  -1.671800e+01   1.726596e+01
  2.797410e+00  -1.070900e+01   1.725346e+01
  2.799410e+00  -1.890000e-01   1.711043e+01
  2.801400e+00  -1.640600e+01   1.695161e+01
  2.803400e+00   2.345000e+01   1.715568e+01
  2.805400e+00  -1.278000e+01   1.689773e+01
  2.807400e+00  -3.093000e+01   1.674419e+01
  2.809400e+00  -1.572000e+00   1.676703e+01
  2.811400e+00  -2.742500e+01   1.674189e+01
  2.813390e+00   8.449000e+00   1.695043e+01
  2.815390e+00   1.826900e+01   1.697638e+01
  2.817390e+00  -1.548500e+01   1.663349e+01
  2.819390e+00   2.260000e-01   1.670050e+01
  2.821390e+00   4.410000e-01   1.676111e+01
  2.823390e+00   2.120000e+01   1.691356e+01
  2.825390e+00   2.125500e+01   1.674212e+01
  2.827380e+00  -1.829900e+01   1.649031e+01
  2.829380e+00  -3.299800e+01   1.635319e+01
  2.831380e+00   2.296700e+01   1.679352e+01
  2.833380e+00   7.835000e+00   1.661101e+01
  2.835380e+00   3.226700e+01   1.671051e+01
  2.837380e+00   1.829000e+00   1.649777e+01
  2.839370e+00   3.621000e+00   1.663423e+01
  2.841370e+00   4.497000e+00   1.640046e+01
  2.843370e+00   4.192000e+00   1.633867e+01
  2.845370e+00  -1.821000e+00   1.642353e+01
  2.847370e+00   1.237700e+01   1.653366e+01
  2.849370e+00  -1.036900e+01   1.634935e+01
  2.851360e+00   2.280100e+01   1.632394e+01
  2.853360e+00   2.277500e+01   1.645096e+01
  2.855360e+00   1.114000e+01   1.631525e+01
  2.857360e+00  -5.241000e+00   1.631075e+01
  2.859360e+00   8.405000e+00   1.632486e+01
  2.861360e+00   7.463000e+00   1.629840e+01
  2.863360e+00   1.796600e+01   1.640406e+01
  2.865350e+00  -1.340200e+01   1.617429e+01
  2.867350e+00   3.245800e+01   1.641563e+01
  2.869350e+00  -4.029000e+00   1.618695e+01
  2.871350e+00  -7.041000e+00   1.622336e+01
  2.873350e+00   2.589500e+01   1.641179e+01
  2.875350e+00   2.160700e+01   1.643868e+01
  2.877340e+00   1.149500e+01   1.616355e+01
  2.879340e+00  -1.325600e+01   1.616527e+01
  2.881340e+00   6.311000e+00   1.627354e+01
  2.883340e+00  -5.574000e+00   1.621498e+01
  2.885340e+00   9.858000e+00   1.620584e+01
  2.887340e+00   1.575800e+01   1.624025e+01
  2.889340e+00   1.068900e+01   1.627405e+01
  2.891330e+00   6.897000e+00   1.623264e+01
  2.893330e+00   8.762000e+00   1.612555e+01
  2.895330e+00   7.000000e-01   1.619356e+01
  2.897330e+00  -2.785400e+01   1.604798e+01
  2.899330e+00   1.536400e+01   1.630662e+01
  2.901330e+00   6.192000e+00   1.609799e+01
  2.903320e+00   1.572700e+01   1.618898e+01
  2.905320e+00   5.791000e+00   1.619872e+01
  2.907320e+00   2.059300e+01   1.632923e+01
  2.909320e+00  -5.068000e+00   1.609074e+01
  2.911320e+00   2.910200e+01   1.631217e+01
  2.913320e+00   1.248000e+00   1.613711e+01
  2.915310e+00  -1.960300e+01   1.612793e+01
  2.917310e+00   2.320000e+00   1.614494e+01
  2.919310e+00   3.951500e+01   1.621481e+01
  2.921310e+00   1.100000e-02   1.609977e+01
  2.923310e+00   2.375000e+00   1.609675e+01
  2.925310e+00  -1.749100e+01   1.603123e+01
  2.927310e+00   2.238100e+01   1.618219e+01
  2.929300e+00  -1.229000e+00   1.613361e+01
  2.931300e+00   2.765400e+01   1.626953e+01
  2.933300e+00  -5.950000e-01   1.612357e+01
  2.935300e+00  -1.152900e+01   1.591834e+01
  2.937300e+00   1.311900e+01   1.618767e+01
  2.939300e+00   9.681000e+00   1.614820e+01
  2.941290e+00   1.602000e+01   1.622562e+01
  2.943290e+00   8.579000e+00   1.606259e+01
  2.945290e+00   9.123000e+00   1.608023e+01
  2.947290e+00   2.810000e-01   1.615667e+01
  2.949290e+00  -1.377500e+01   1.600307e+01
  2.951290e+00   7.155000e+00   1.609280e+01
  2.953290e+00  -5.161000e+00   1.596252e+01
  2.955280e+00   4.779000e+00   1.606228e+01
  2.957280e+00  -1.901400e+01   1.598555e+01
  2.959280e+00  -8.409000e+00   1.606941e+01
  2.961280e+00  -1.645700e+01   1.589134e+01
  2.963280e+00   8.736000e+00   1.611480e+01
  2.965280e+00   3.530000e-01   1.593497e+01
  2.967270e+00   1.047600e+01   1.617576e+01
  2.969270e+00   1.836100e+01   1.607220e+01
  2.971270e+00   4.890000e-01   1.605708e+01
  2.973270e+00  -1.930000e+00   1.602906e+01
  2.975270e+00   1.184700e+01   1.619850e+01
  2.977270e+00  -2.446000e+00   1.592182e+01
  2.979260e+00   1.728400e+01   1.615479e+01
  2.981260e+00  -2.260000e+00   1.604573e+01
  2.983260e+00   2.066000e+00   1.604987e+01
  2.985260e+00   1.825700e+01   1.615316e+01
  2.987260e+00   4.926000e+00   1.602339e+01
  2.989260e+00   6.570000e-01   1.599013e+01
  2.991260e+00   5.973000e+00   1.607772e+01
  2.993250e+00   7.810000e-01   1.603132e+01
  2.995250e+00  -1.456500e+01   1.587451e+01
  2.997250e+00   1.216000e+01   1.613117e+01
  2.999250e+00  -1.319900e+01   1.595580e+01
  3.001250e+00  -9.751000e+00   1.589947e+01
  3.003250e+00   2.213000e+01   1.611914e+01
  3.005240e+00  -2.739400e+01   1.582184e+01
  3.007240e+00  -1.909400e+01   1.588929e+01
  3.009240e+00   1.008400e+01   1.613434e+01
  3.011240e+00   1.257000e+00   1.603809e+01
  3.013240e+00   1.278300e+01   1.600578e+01
  3.015240e+00   6.358000e+00   1.599434e+01
  3.017230e+00  -2.164000e+00   1.602281e+01
  3.019230e+00   2.185000e+00   1.601704e+01
  3.021230e+00   2.299000e+00   1.598111e+01
  3.023230e+00   1.658500e+01   1.611878e+01
  3.025230e+00   5.962000e+00   1.606427e+01
  3.027230e+00  -1.498600e+01   1.587838e+01
  3.029230e+00  -1.630500e+01   1.586864e+01
  3.031220e+00   8.963000e+00   1.602754e+01
  3.033220e+00   1.301900e+01   1.609871e+01
  3.035220e+00   3.074900e+01   1.624415e+01
  3.037220e+00   6.035000e+00   1.600798e+01
  3.039220e+00   2.708000e+00   1.595235e+01
  3.041220e+00   1.246900e+01   1.612343e+01
  3.043210e+00  -8.172000e+00   1.594713e+01
  3.045210e+00  -8.510000e+00   1.592553e+01
  3.047210e+00   2.900400e+01   1.615930e+01
  3.049210e+00   2.516400e+01   1.614114e+01
  3.051210e+00  -5.066400e+01   1.566542e+01
  3.053210e+00   1.296900e+01   1.601174e+01
  3.055210e+00   1.329100e+01   1.605741e+01
  3.057200e+00   2.029000e+01   1.614226e+01
  3.059200e+00   6.569000e+00   1.610897e+01
  3.061200e+00   3.674200e+01   1.628499e+01
  3.063200e+00   2.510300e+01   1.593035e+01
  3.065200e+00  -2.094800e+01   1.579763e+01
  3.067200e+00   2.885900e+01   1.621981e+01
  3.069190e+00   1.031900e+01   1.598031e+01
  3.071190e+00  -1.134200e+01   1.583902e+01
  3.073190e+00   5.388000e+00   1.599705e+01
  3.075190e+00   2.922700e+01   1.604200e+01
  3.077190e+00  -1.480700e+01   1.577811e+01
  3.079190e+00   6.472000e+00   1.583299e+01
  3.081180e+00  -1.544000e+00   1.585026e+01
  3.083180e+00   1.590100e+01   1.595671e+01
  3.085180e+00  -1.706800e+01   1.570020e+01
  3.087180e+00   1.287900e+01   1.586953e+01
  3.089180e+00  -8.299000e+00   1.570906e+01
  3.091180e+00  -4.590000e-01   1.576147e+01
  3.093180e+00  -9.348000e+00   1.571786e+01
  3.095170e+00  -3.605000e+00   1.573080e+01
  3.097170e+00   3.986100e+01   1.605633e+01
  3.099170e+00   3.104400e+01   1.584559e+01
  3.101170e+00  -1.453000e+00   1.572443e+01
  3.103170e+00  -1.389300e+01   1.569647e+01
  3.105170e+00   3.006500e+01   1.593302e+01
  3.107160e+00  -9.140000e-01   1.576922e+01
  3.109160e+00   2.597600e+01   1.590314e+01
  3.111160e+00   1.948000e+01   1.588516e+01
  3.113160e+00   4.800000e-02   1.567695e+01
  3.115160e+00   1.191000e+00   1.571558e+01
  3.117160e+00   1.211200e+01   1.587729e+01
  3.119160e+00   4.987000e+00   1.576551e+01
  3.121150e+00  -1.045400e+01   1.565978e+01
  3.123150e+00   2.087900e+01   1.589965e+01
  3.125150e+00  -1.021000e+00   1.568636e+01
  3.127150e+00   3.124600e+01   1.590963e+01
  3.129150e+00   2.063000e+00   1.575517e+01
  3.131150e+00   3.522400e+01   1.592118e+01
  3.133140e+00  -3.290000e+00   1.572211e+01
  3.135140e+00   2.791000e+00   1.580136e+01
  3.137140e+00  -7.069000e+00   1.563377e+01
  3.139140e+00   6.505000e+00   1.576049e+01
  3.141140e+00  -9.694000e+00   1.563126e+01
  3.143140e+00   3.400000e+00   1.581420e+01
  3.145130e+00   3.624000e+00   1.566003e+01
  3.147130e+00   2.388000e+00   1.576085e+01
  3.149130e+00  -7.071000e+00   1.563684e+01
  3.151130e+00  -9.364000e+00   1.571774e+01
  3.153130e+00   1.792500e+01   1.595110e+01
  3.155130e+00   4.150000e-01   1.574328e+01
  3.157130e+00  -1.137400e+01   1.571008e+01
  3.159120e+00   1.369200e+01   1.584909e+01
  3.161120e+00  -8.027000e+00   1.572960e+01
  3.163120e+00   1.631700e+01   1.576603e+01
  3.165120e+00   3.469700e+01   1.596849e+01
  3.167120e+00   2.030700e+01   1.588304e+01
  3.169120e+00   2.968000e+00   1.587010e+01
  3.171110e+00   1.343500e+01   1.589025e+01
  3.173110e+00  -9.132000e+00   1.563249e+01
  3.175110e+00   1.688000e+00   1.575719e+01
  3.177110e+00  -1.986300e+01   1.560975e+01
  3.179110e+00   6.054000e+00   1.645391e+01
  3.181110e+00  -1.207600e+01   1.655201e+01
  3.183100e+00  -3.105000e+01   1.663008e+01
  3.185100e+00   2.739400e+01   1.728143e+01
  3.187100e+00   1.445800e+01   1.737408e+01
  3.189100e+00   2.372000e+01   1.751788e+01
  3.191100e+00   1.644800e+01   1.775798e+01
  3.193100e+00   7.880000e+00   1.785592e+01
  3.195100e+00  -7.983000e+00   1.791710e+01
  3.197090e+00   8.212000e+00   1.816901e+01
  3.199090e+00  -1.665700e+01   1.779279e+01
  3.201090e+00   3.168200e+01   1.841615e+01
  3.203090e+00  -9.080000e-01   1.848782e+01
  3.205090e+00  -2.045000e+00   1.870484e+01
  3.207090e+00   1.772000e+01   1.876672e+01
  3.209080e+00   1.365600e+01   1.878767e+01
  3.211080e+00   9.684000e+00   1.886370e+01
  3.213080e+00   6.588000e+00   1.891303e+01
  3.215080e+00  -3.370000e+00   1.878982e+01
  3.217080e+00  -2.298700e+01   1.903643e+01
  3.219080e+00   1.611800e+01   1.942816e+01
  3.221080e+00   6.800000e-01   1.955748e+01
  3.223070e+00   3.055600e+01   1.961103e+01
  3.225070e+00  -1.149800e+01   1.938726e+01
  3.227070e+00  -1.430000e-01   1.966221e+01
  3.229070e+00  -2.596600e+01   1.943391e+01
  3.231070e+00   9.925000e+00   2.015471e+01
  3.233070e+00   3.396600e+01   2.021990e+01
  3.235060e+00   4.422000e+00   2.002543e+01
  3.237060e+00   1.654600e+01   2.036749e+01
  3.239060e+00   1.850500e+01   2.054683e+01
  3.241060e+00  -1.809200e+01   2.004068e+01
  3.243060e+00  -2.563000e+00   2.055955e+01
  3.245060e+00  -1.760800e+01   2.043030e+01
  3.247050e+00  -2.836000e+00   2.074565e+01
  3.249050e+00   1.741500e+01   2.075015e+01
  3.251050e+00   2.352700e+01   2.117105e+01
  3.253050e+00   9.792000e+00   2.135532e+01
  3.255050e+00  -1.595000e+00   2.119992e+01
  3.257050e+00   2.570600e+01   2.154641e+01
  3.259050e+00  -7.670000e+00   2.116090e+01
  3.261040e+00  -1.875000e+00   2.152916e+01
  3.263040e+00  -1.658800e+01   2.137736e+01
  3.265040e+00  -5.406000e+00   2.169955e+01
  3.267040e+00  -1.928700e+01   2.173657e+01
  3.269040e+00  -1.380700e+01   2.195206e+01
  3.271040e+00   8.842000e+00   2.217564e+01
  3.273030e+00   4.438300e+01   2.264682e+01
  3.275030e+00   1.627000e+00   2.227332e+01
  3.277030e+00   7.016000e+00   2.247215e+01
  3.279030e+00   9.781000e+00   2.277487e+01
  3.281030e+00  -2.282000e+01   2.262417e+01
  3.283030e+00  -5.192400e+01   2.232502e+01
  3.285020e+00   7.120000e-01   2.284202e+01
  3.287020e+00   7.802000e+00   2.325519e+01
  3.289020e+00   1.830800e+01   2.346841e+01
  3.291020e+00  -1.872100e+01   2.301540e+01
  3.293020e+00  -5.653600e+01   2.310249e+01
  3.295020e+00  -1.218000e+01   2.362421e+01
  3.297020e+00  -3.355400e+01   2.327694e+01
  3.299010e+00   1.763000e+00   2.390890e+01
  3.301010e+00  -1.195700e+01   2.384884e+01
  3.303010e+00   4.209100e+01   2.465205e+01
  3.305010e+00   3.756600e+01   2.498296e+01
  3.307010e+00   5.256000e+01   2.506599e+01
  3.309010e+00  -3.586100e+01   2.403539e+01
  3.311000e+00   5.294000e+00   2.494626e+01
  3.313000e+00  -2.567900e+01   2.483270e+01
  3.315000e+00  -3.203100e+01   2.493832e+01
  3.317000e+00  -2.537000e+01   2.484977e+01
  3.319000e+00   1.363800e+01   2.580565e+01
  3.321000e+00   1.104400e+01   2.564357e+01
  3.323000e+00   5.683000e+00   2.580556e+01
  3.324990e+00   1.808100e+01   2.607282e+01
  3.326990e+00   4.422300e+01   2.669740e+01
  3.328990e+00  -2.482100e+01   2.612807e+01
  3.330990e+00  -7.403000e+00   2.674011e+01
  3.332990e+00   3.452000e+00   2.640901e+01
  3.334990e+00   1.475600e+01   2.690387e+01
  3.336980e+00   3.038900e+01   2.755578e+01
  3.338980e+00  -4.197400e+01   2.694975e+01
  3.340980e+00   1.215900e+01   2.767519e+01
  3.342980e+00   4.130800e+01   2.803555e+01
  3.344980e+00   6.830000e+00   2.808112e+01
  3.346980e+00   1.408300e+01   2.841201e+01
  3.348970e+00   4.558900e+01   2.885425e+01
  3.350970e+00  -1.829200e+01   2.804913e+01
  3.352970e+00  -2.343500e+01   2.846540e+01
  3.354970e+00  -5.414100e+01   2.833120e+01
  3.356970e+00   1.332700e+01   2.946804e+01
  3.358970e+00  -6.427000e+00   2.892811e+01
  3.360970e+00   7.479000e+00   2.967684e+01
  3.362960e+00  -5.379100e+01   2.950117e+01
  3.364960e+00  -4.047800e+01   2.938600e+01
  3.366960e+00   1.848700e+01   3.062714e+01
  3.368960e+00   4.010400e+01   3.069432e+01
  3.370960e+00  -1.900600e+01   3.098325e+01
  3.372960e+00   1.065000e+00   3.123399e+01
  3.374950e+00   2.984600e+01   3.145522e+01
  3.376950e+00  -1.041400e+01   3.143953e+01
  3.378950e+00   3.774300e+01   3.238458e+01
  3.380950e+00   5.122300e+01   3.297512e+01
  3.382950e+00   3.142000e+00   3.267115e+01
  3.384950e+00   3.427100e+01   3.265522e+01
  3.386950e+00   8.940000e-01   3.331274e+01
  3.388940e+00   1.657200e+01   3.418356e+01
  3.390940e+00   3.389400e+01   3.450686e+01
  3.392940e+00  -5.330200e+01   3.371179e+01
  3.394940e+00   1.750700e+01   3.522890e+01
  3.396940e+00   3.548400e+01   3.615429e+01
  3.398940e+00  -3.623100e+01   3.601573e+01
  3.400930e+00   1.179000e+01   3.597965e+01
  3.402930e+00   3.865400e+01   3.744658e+01
  3.404930e+00   4.161800e+01   3.827456e+01
  3.406930e+00  -1.087300e+01   3.835485e+01
  3.408930e+00   3.318500e+01   3.938328e+01
  3.410930e+00  -3.471000e+01   3.813751e+01
  3.412920e+00  -6.242400e+01   3.982111e+01
  3.414920e+00   2.444100e+01   4.275040e+01
  3.416920e+00   5.254600e+01   4.301824e+01
  3.418920e+00  -4.414700e+01   4.158685e+01
  3.420920e+00   2.966200e+01   4.414130e+01
  3.422920e+00   6.172900e+01   4.599879e+01
  3.424920e+00   4.124700e+01   4.581771e+01
  3.426910e+00  -8.870000e+00   4.323000e+01
  3.428910e+00   8.353600e+01   4.692886e+01
  3.430910e+00  -8.632000e+00   4.576197e+01
  3.432910e+00   4.771000e+00   4.677909e+01
  3.434910e+00   5.085100e+01   4.644569e+01
  3.436910e+00  -8.211000e+00   4.650991e+01
  3.438900e+00   8.816000e+00   4.792883e+01
  3.440900e+00   1.126400e+01   4.854478e+01
  3.442900e+00  -9.026000e+00   4.787133e+01
  3.444900e+00   7.600000e-02   4.866754e+01
  3.446900e+00   2.493300e+01   5.081896e+01
  3.448900e+00   3.744100e+01   5.271990e+01
  3.450890e+00   4.589500e+01   5.334057e+01
  3.452890e+00   2.190000e+01   5.260376e+01
  3.454890e+00  -4.825500e+01   5.390949e+01
  3.456890e+00  -6.940400e+01   5.496460e+01
  3.458890e+00  -4.416600e+01   5.551699e+01
  3.460890e+00  -5.009000e+00   5.556064e+01
  3.462890e+00   1.245620e+02   6.336633e+01
  3.464880e+00  -3.352400e+01   6.137273e+01
  3.466880e+00  -7.454000e+00   6.376444e+01
  3.468880e+00   7.104200e+01   6.462624e+01
  3.470880e+00   2.043700e+01   6.722096e+01
  3.472880e+00   1.541300e+01   6.837203e+01
  3.474880e+00   5.989600e+01   7.514649e+01
  3.476870e+00  -1.903300e+02   6.832362e+01
  3.478870e+00   3.872300e+01   8.246447e+01
  3.480870e+00   1.760280e+02   9.088526e+01
  3.482870e+00  -1.436860e+02   8.227071e+01
  3.484870e+00   4.653100e+01   9.377977e+01
  3.486870e+00  -1.176900e+01   1.000353e+02
  3.488870e+00  -6.537200e+01   1.030387e+02
  3.490860e+00   7.784700e+01   1.170140e+02
  3.492860e+00   5.934800e+01   1.417899e+02
  3.494860e+00  -5.971300e+01   1.460793e+02
parent: data/frames/img_0001_02311.dat
parent: data/subtracted/img_0001_buffer.dat
creator: datop
creator-version: v0.3 (r3346)
datop-operation: data/frames/img_0001_02311.dat - data/subtracted/img_0001_buffer.dat
