# Diamond Light Source Ltd.
# Non Crystalline Diffraction Results Export File
# Data extracted from file: C:\Users\kl7278\Documents\DAWN\sm8327-1\processing\AWP03\Scaled 0.92\results_i22-104155_Pilatus2M_220114_145029.nxs
# Dataset name: /entry1/Pilatus2M_processing/BackgroundSubtraction/data
# q(1/A)      	Column      	Error       	
0.0057777110	0.0000000   	0.0000000
0.0061416882	0.0000000   	0.0000000
0.0065056649	0.0000000   	0.0000000
0.0068696416	0.52460563  	0.048875179
0.0072336188	0.57611334  	0.012280737
0.0075975955	0.50856555  	0.0059391521
0.0079615721	0.44411552  	0.0043022772
0.0083255488	0.41813958  	0.0038224172
0.0086895255	0.39608395  	0.0035532182
0.0090535022	0.36147171  	0.0032652824
0.0094174799	0.33749956  	0.0030647572
0.0097814566	0.31774825  	0.0028673457
0.010145433 	0.29667556  	0.0027135853
0.010509410 	0.28141832  	0.0025882800
0.010873387 	0.25927854  	0.0024468210
0.011237363 	0.24282587  	0.0023188859
0.011601340 	0.23268831  	0.0022198278
0.011965318 	0.22512150  	0.0021321566
0.012329294 	0.21835971  	0.0020439527
0.012693271 	0.20775348  	0.0019548505
0.013057248 	0.20126686  	0.0018908984
0.013421224 	0.19509184  	0.0018254173
0.013785201 	0.19088563  	0.0017790867
0.014149178 	0.18341082  	0.0017232754
0.014513155 	0.17880589  	0.0016769861
0.014877132 	0.17777497  	0.0016270014
0.015241109 	0.17282453  	0.0015770037
0.015605086 	0.16813806  	0.0015400179
0.015969062 	0.16484788  	0.0014967092
0.016333040 	0.15749273  	0.0014663134
0.016697016 	0.15560293  	0.0014307438
0.017060993 	0.15408468  	0.0013952889
0.017424969 	0.14952826  	0.0013649518
0.017788947 	0.14826980  	0.0013349615
0.018152922 	0.14292866  	0.0013078800
0.018516900 	0.14025590  	0.0012793374
0.018880878 	0.14277145  	0.0012562084
0.019244853 	0.14007625  	0.0012383834
0.019608831 	0.13668096  	0.0012131474
0.019972807 	0.13412875  	0.0011948188
0.020336784 	0.13344568  	0.0011774247
0.020700760 	0.13103133  	0.0011560963
0.021064738 	0.12966231  	0.0011393493
0.021428715 	0.12698138  	0.0011187642
0.021792691 	0.12480673  	0.0011028191
0.022156669 	0.12324876  	0.0010874694
0.022520645 	0.12304170  	0.0010750341
0.022884622 	0.11869691  	0.0010547736
0.023248598 	0.11663747  	0.0010442950
0.023612576 	0.11596084  	0.0010311606
0.023976553 	0.11553922  	0.0010158647
0.024340529 	0.11385313  	0.0010051096
0.024704507 	0.11268608  	0.00099187577
0.025068482 	0.10943098  	0.00097882445
0.025432460 	0.10762824  	0.00096604944
0.025796436 	0.10884726  	0.00095387292
0.026160413 	0.10861975  	0.00094537728
0.026524389 	0.10561264  	0.00093237858
0.026888367 	0.10455132  	0.00092309527
0.027252344 	0.10399574  	0.00091591082
0.027616320 	0.10107386  	0.00090361561
0.027980298 	0.10069849  	0.00089695811
0.028344274 	0.10041942  	0.00088665815
0.028708251 	0.098576605 	0.00087496324
0.029072227 	0.095427915 	0.00086398394
0.029436205 	0.094999030 	0.00085548998
0.029800182 	0.095275119 	0.00084981939
0.030164158 	0.093356743 	0.00084210391
0.030528136 	0.091085956 	0.00083580625
0.030892111 	0.091460958 	0.00082662603
0.031256087 	0.089108840 	0.00081947824
0.031620067 	0.087799951 	0.00081034948
0.031984042 	0.086131006 	0.00080295058
0.032348018 	0.084694579 	0.00079829834
0.032711998 	0.083792821 	0.00079011120
0.033075973 	0.083764717 	0.00078596768
0.033439949 	0.082680881 	0.00077807251
0.033803925 	0.082174480 	0.00077181211
0.034167904 	0.081304863 	0.00076686114
0.034531880 	0.079167768 	0.00075753382
0.034895856 	0.078955442 	0.00075145491
0.035259835 	0.078676358 	0.00074446242
0.035623811 	0.077456415 	0.00073963666
0.035987787 	0.076908410 	0.00073487777
0.036351763 	0.075911775 	0.00072953140
0.036715742 	0.074177355 	0.00072389684
0.037079718 	0.073356703 	0.00071775238
0.037443694 	0.072795242 	0.00071351189
0.037807673 	0.071373358 	0.00070722040
0.038171649 	0.069601610 	0.00070298027
0.038535625 	0.068198770 	0.00069928734
0.038899601 	0.067752048 	0.00069375429
0.039263580 	0.067396596 	0.00068999210
0.039627556 	0.065955251 	0.00068523217
0.039991532 	0.065805063 	0.00068086875
0.040355511 	0.065350428 	0.00067655405
0.040719487 	0.065243319 	0.00066979037
0.041083463 	0.065369532 	0.00066491828
0.041447438 	0.064155206 	0.00066168880
0.041811418 	0.062417105 	0.00065630762
0.042175394 	0.062616810 	0.00065380411
0.042539369 	0.060659915 	0.00065932691
0.042903349 	0.060040846 	0.00066976273
0.043267325 	0.058640912 	0.00067311135
0.043631300 	0.059668422 	0.00067663129
0.043995276 	0.060018525 	0.00067782082
0.044359256 	0.057215244 	0.00067943858
0.044723231 	0.056376904 	0.00068153284
0.045087207 	0.056153551 	0.00068215566
0.045451187 	0.056435138 	0.00068461092
0.045815162 	0.054845244 	0.00068290677
0.046179138 	0.053795815 	0.00068511971
0.046543114 	0.054742277 	0.00068494515
0.046907093 	0.053649604 	0.00068166596
0.047271069 	0.052397221 	0.00068206986
0.047635045 	0.052716553 	0.00068268983
0.047999021 	0.050991908 	0.00068259297
0.048363000 	0.050377816 	0.00068257726
0.048726976 	0.052305698 	0.00067267194
0.049090952 	0.051403075 	0.00065763382
0.049454931 	0.049906179 	0.00064689596
0.049818907 	0.048901230 	0.00064012845
0.050182883 	0.050436825 	0.00063347298
0.050546858 	0.049038947 	0.00062887429
0.050910838 	0.047510922 	0.00062558224
0.051274814 	0.047344938 	0.00062063040
0.051638789 	0.047446877 	0.00061707175
0.052002769 	0.047133401 	0.00061233324
0.052366745 	0.046231121 	0.00061072008
0.052730720 	0.044542253 	0.00060554582
0.053094696 	0.044969916 	0.00060201605
0.053458676 	0.044071600 	0.00059982151
0.053822652 	0.044614643 	0.00059521524
0.054186627 	0.044587612 	0.00059326255
0.054550607 	0.042903855 	0.00058967166
0.054914583 	0.042138726 	0.00058743992
0.055278558 	0.042338148 	0.00058454438
0.055642534 	0.041656315 	0.00058004295
0.056006514 	0.041659132 	0.00057911512
0.056370489 	0.041350618 	0.00057619595
0.056734465 	0.040536687 	0.00057367195
0.057098445 	0.041149989 	0.00057226064
0.057462420 	0.040021628 	0.00056931941
0.057826396 	0.039297149 	0.00056794885
0.058190372 	0.039422601 	0.00056469929
0.058554351 	0.039828271 	0.00056266930
0.058918327 	0.039666295 	0.00056009711
0.059282303 	0.038768768 	0.00055791473
0.059646282 	0.038687885 	0.00055572239
0.060010258 	0.038338721 	0.00055303820
0.060374234 	0.037961274 	0.00055165088
0.060738210 	0.037505835 	0.00054977875
0.061102189 	0.036800325 	0.00054662587
0.061466165 	0.036389098 	0.00054412975
0.061830141 	0.037167713 	0.00054353435
0.062194120 	0.036072150 	0.00054087426
0.062558092 	0.035758853 	0.00053964404
0.062922075 	0.035073414 	0.00053739641
0.063286051 	0.035473451 	0.00053655304
0.063650027 	0.036042169 	0.00053373910
0.064014003 	0.035290480 	0.00053084141
0.064377978 	0.035184830 	0.00053077709
0.064741954 	0.035582423 	0.00052876805
0.065105930 	0.034409121 	0.00052645407
0.065469913 	0.033852339 	0.00052430894
0.065833889 	0.034288913 	0.00052236783
0.066197865 	0.032977358 	0.00052039669
0.066561840 	0.033218905 	0.00051925611
0.066925816 	0.033104748 	0.00051724474
0.067289792 	0.032221198 	0.00051544403
0.067653768 	0.032328933 	0.00051371695
0.068017751 	0.032449394 	0.00051130820
0.068381727 	0.032501921 	0.00051011139
0.068745703 	0.031863764 	0.00050867780
0.069109678 	0.031643808 	0.00050790771
0.069473654 	0.031369627 	0.00050517626
0.069837630 	0.030388489 	0.00050254702
0.070201606 	0.030644983 	0.00050290488
0.070565589 	0.031354412 	0.00050132250
0.070929565 	0.031417295 	0.00049955223
0.071293540 	0.029416516 	0.00049669261
0.071657516 	0.029270932 	0.00049528998
0.072021492 	0.029586062 	0.00049448467
0.072385468 	0.029365510 	0.00049193186
0.072749443 	0.030210316 	0.00049165107
0.073113427 	0.030431926 	0.00048850541
0.073477402 	0.029773727 	0.00048742580
0.073841378 	0.029829487 	0.00048722237
0.074205354 	0.028291643 	0.00048509071
0.074569330 	0.028292567 	0.00048390400
0.074933305 	0.028525293 	0.00048141254
0.075297281 	0.027676523 	0.00048066521
0.075661264 	0.028032795 	0.00047786103
0.076025240 	0.027778968 	0.00047759942
0.076389216 	0.028000727 	0.00047692735
0.076753192 	0.028002694 	0.00047475443
0.077117167 	0.027033314 	0.00047315424
0.077481143 	0.027694672 	0.00047188246
0.077845119 	0.027210653 	0.00047037227
0.078209102 	0.026771799 	0.00046825985
0.078573078 	0.026364565 	0.00046689619
0.078937054 	0.026275605 	0.00046581426
0.079301029 	0.026198387 	0.00046392519
0.079665005 	0.025788888 	0.00046335932
0.080028981 	0.026190221 	0.00046187645
0.080392957 	0.025905848 	0.00046099795
0.080756940 	0.025738373 	0.00045996884
0.081120916 	0.025598139 	0.00045808183
0.081484891 	0.025131136 	0.00045700409
0.081848867 	0.024651930 	0.00045536467
0.082212843 	0.026093960 	0.00045447279
0.082576819 	0.025237337 	0.00045897174
0.082940795 	0.025137007 	0.00046610861
0.083304778 	0.024215579 	0.00047094273
0.083668754 	0.025026739 	0.00047241515
0.084032729 	0.024457127 	0.00047397084
0.084396705 	0.023266181 	0.00047591582
0.084760681 	0.024140507 	0.00047779919
0.085124657 	0.024296671 	0.00047349083
0.085488632 	0.024518669 	0.00046528896
0.085852616 	0.024293989 	0.00046177764
0.086216591 	0.023423567 	0.00045810864
0.086580567 	0.023116365 	0.00045628828
0.086944543 	0.023773864 	0.00045425174
0.087308519 	0.023187384 	0.00045137879
0.087672494 	0.023337901 	0.00044966780
0.088036470 	0.022484899 	0.00044672008
0.088400453 	0.023343787 	0.00044846965
0.088764429 	0.023794547 	0.00045664515
0.089128405 	0.022794843 	0.00043925468
0.089492381 	0.022974625 	0.00043769187
0.089856356 	0.022904202 	0.00043627259
0.090220332 	0.022421971 	0.00043451419
0.090584308 	0.022195548 	0.00043281037
0.090948291 	0.022490859 	0.00043136228
0.091312267 	0.021356791 	0.00043066885
0.091676243 	0.021702632 	0.00042872314
0.092040218 	0.022239119 	0.00042834098
0.092404194 	0.021636918 	0.00042575135
0.092768170 	0.020865023 	0.00042482279
0.093132146 	0.021830529 	0.00042404010
0.093496121 	0.020752221 	0.00042244056
0.093860105 	0.020954877 	0.00042099296
0.094224080 	0.020576149 	0.00041893529
0.094588056 	0.021026134 	0.00042288401
0.094952032 	0.020421475 	0.00042950196
0.095316008 	0.021169901 	0.00043899918
0.095679983 	0.021179423 	0.00043603370
0.096043959 	0.020647243 	0.00043804341
0.096407942 	0.020464286 	0.00044072044
0.096771918 	0.019924596 	0.00044179126
0.097135894 	0.020590365 	0.00043971639
0.097499870 	0.019710690 	0.00043272832
0.097863846 	0.020367607 	0.00042868729
0.098227821 	0.020395145 	0.00042564413
0.098591797 	0.019971564 	0.00042338180
0.098955780 	0.019620627 	0.00042145661
0.099319756 	0.019622386 	0.00041851879
0.099683732 	0.020223767 	0.00041721066
0.10004771  	0.018960297 	0.00041539874
0.10041168  	0.019116849 	0.00041229703
0.10077566  	0.018202573 	0.00041068305
0.10113963  	0.017830238 	0.00040886970
0.10150362  	0.018874720 	0.00040744766
0.10186759  	0.018558234 	0.00040606197
0.10223157  	0.019012555 	0.00040451478
0.10259555  	0.018125817 	0.00040378122
0.10295952  	0.018602446 	0.00040160056
0.10332350  	0.018014178 	0.00040051146
0.10368747  	0.018065736 	0.00039984236
0.10405146  	0.017053649 	0.00039831450
0.10441543  	0.017504290 	0.00039658564
0.10477941  	0.017325521 	0.00039419308
0.10514338  	0.017098308 	0.00039295224
0.10550736  	0.017191246 	0.00039197848
0.10587133  	0.016658053 	0.00038967101
0.10623531  	0.016602144 	0.00038845078
0.10659929  	0.017594233 	0.00038730257
0.10696327  	0.016725063 	0.00038657140
0.10732725  	0.017325655 	0.00038594179
0.10769122  	0.017336726 	0.00038604165
0.10805520  	0.016504884 	0.00038572328
0.10841917  	0.016109049 	0.00038496687
0.10878315  	0.016463816 	0.00038460793
0.10914713  	0.017356291 	0.00039030891
0.10951111  	0.016676486 	0.00038954834
0.10987508  	0.016264603 	0.00038223597
0.11023906  	0.016695008 	0.00038127656
0.11060303  	0.016310379 	0.00038023636
0.11096701  	0.015526980 	0.00038013185
0.11133099  	0.016030371 	0.00037910338
0.11169497  	0.016223758 	0.00037743794
0.11205895  	0.015980259 	0.00037686925
0.11242292  	0.015233159 	0.00037575079
0.11278690  	0.015441537 	0.00037452363
0.11315087  	0.015537605 	0.00037449584
0.11351485  	0.015142903 	0.00037316637
0.11387882  	0.015183002 	0.00037195723
0.11424281  	0.015542015 	0.00037133537
0.11460678  	0.015239298 	0.00037078312
0.11497076  	0.014888257 	0.00036978992
0.11533473  	0.014328122 	0.00036841430
0.11569871  	0.014482871 	0.00036771383
0.11606269  	0.014464274 	0.00036724191
0.11642666  	0.014719978 	0.00036649816
0.11679064  	0.014851674 	0.00036566611
0.11715462  	0.014296696 	0.00036480595
0.11751860  	0.014807478 	0.00036464201
0.11788257  	0.014187008 	0.00036325160
0.11824655  	0.014272690 	0.00036222299
0.11861052  	0.013687193 	0.00036178945
0.11897450  	0.014669254 	0.00036148672
0.11933848  	0.013694450 	0.00036320463
0.11970246  	0.014295876 	0.00036647994
0.12006643  	0.013994351 	0.00036956064
0.12043041  	0.013988867 	0.00037153336
0.12079439  	0.014380425 	0.00037321929
0.12115836  	0.014106184 	0.00037477812
0.12152234  	0.014223084 	0.00037602879
0.12188632  	0.013525322 	0.00037696195
0.12225030  	0.012930319 	0.00037734423
0.12261427  	0.013428405 	0.00038019661
0.12297825  	0.013229862 	0.00038067778
0.12334222  	0.013631940 	0.00038126778
0.12370620  	0.013468936 	0.00038242410
0.12407017  	0.013862029 	0.00038186155
0.12443416  	0.013540819 	0.00038294418
0.12479813  	0.013184622 	0.00038307082
0.12516211  	0.013415515 	0.00038324739
0.12552609  	0.013151199 	0.00038455709
0.12589006  	0.012244493 	0.00038005164
0.12625404  	0.012474939 	0.00037397095
0.12661801  	0.012617752 	0.00037017843
0.12698199  	0.012891814 	0.00036727614
0.12734596  	0.012999728 	0.00036509373
0.12770994  	0.013008982 	0.00036298545
0.12807392  	0.012879610 	0.00036149533
0.12843791  	0.012363300 	0.00035965969
0.12880188  	0.012155458 	0.00035855966
0.12916586  	0.012551680 	0.00035743049
0.12952983  	0.012349889 	0.00035537561
0.12989381  	0.012005776 	0.00035456533
0.13025779  	0.012482077 	0.00035336424
0.13062176  	0.012195110 	0.00035217390
0.13098574  	0.011645958 	0.00035074112
0.13134971  	0.011568084 	0.00035023617
0.13171369  	0.012005925 	0.00034909384
0.13207766  	0.012456894 	0.00034768396
0.13244164  	0.011870846 	0.00034740847
0.13280562  	0.012197226 	0.00034687729
0.13316959  	0.011889234 	0.00034573014
0.13353358  	0.011609063 	0.00034472020
0.13389756  	0.011826590 	0.00034315913
0.13426153  	0.011933148 	0.00034306204
0.13462551  	0.012082294 	0.00034191879
0.13498949  	0.012069464 	0.00034122283
0.13535346  	0.012155131 	0.00034014680
0.13571744  	0.011322036 	0.00033986723
0.13608141  	0.011582300 	0.00033896387
0.13644539  	0.011626586 	0.00033748822
0.13680936  	0.012507312 	0.00033737349
0.13717334  	0.012598872 	0.00033666860
0.13753732  	0.011885025 	0.00033573792
0.13790129  	0.012097262 	0.00033440089
0.13826527  	0.011658348 	0.00033381843
0.13862926  	0.011448219 	0.00033393659
0.13899323  	0.011152200 	0.00033295309
0.13935721  	0.010969758 	0.00033255981
0.13972118  	0.011238515 	0.00033177817
0.14008516  	0.011312738 	0.00033060546
0.14044914  	0.011656046 	0.00032994821
0.14081311  	0.011267476 	0.00032903289
0.14117709  	0.011090279 	0.00032896962
0.14154106  	0.011153199 	0.00032827636
0.14190504  	0.010978416 	0.00033018106
0.14226902  	0.011162415 	0.00033393002
0.14263299  	0.011331975 	0.00032877084
0.14299697  	0.011253864 	0.00032599398
0.14336094  	0.011592537 	0.00032446906
0.14372493  	0.010996424 	0.00032419412
0.14408891  	0.010946609 	0.00032308785
0.14445288  	0.010968238 	0.00032276404
0.14481686  	0.011069082 	0.00032203761
0.14518084  	0.010471508 	0.00032095317
0.14554481  	0.010778137 	0.00032205056
0.14590879  	0.010810450 	0.00032546718
0.14627276  	0.010487892 	0.00032011364
0.14663674  	0.010863334 	0.00031803612
0.14700072  	0.011271015 	0.00031720879
0.14736469  	0.010560773 	0.00031713108
0.14772867  	0.010504127 	0.00031610552
0.14809264  	0.011718087 	0.00031582249
0.14845662  	0.010999605 	0.00031563896
0.14882061  	0.010216236 	0.00031466523
0.14918458  	0.010215290 	0.00031423627
0.14954856  	0.011398181 	0.00031308646
0.14991254  	0.011253834 	0.00031301656
0.15027651  	0.010872617 	0.00031207455
0.15064049  	0.0098903179	0.00031124862
0.15100446  	0.010645121 	0.00031083528
0.15136844  	0.010555692 	0.00031087594
0.15173241  	0.010501675 	0.00031078290
0.15209639  	0.010781460 	0.00030996546
0.15246037  	0.010672525 	0.00030920893
0.15282434  	0.010604896 	0.00030854694
0.15318832  	0.010307156 	0.00030796626
0.15355229  	0.010262229 	0.00030710976
0.15391628  	0.010454364 	0.00030636907
0.15428026  	0.010357812 	0.00030599337
0.15464424  	0.010630429 	0.00030488960
0.15500821  	0.010610998 	0.00030459574
0.15537219  	0.010304585 	0.00030394102
0.15573616  	0.010295995 	0.00030377769
0.15610014  	0.0099275485	0.00030336421
0.15646411  	0.010367543 	0.00030223819
0.15682809  	0.010153212 	0.00030196345
0.15719207  	0.010205857 	0.00030162145
0.15755604  	0.0099385977	0.00030126478
0.15792002  	0.0098957866	0.00030105168
0.15828399  	0.0094939843	0.00030010156
0.15864797  	0.0093711317	0.00030041157
0.15901196  	0.0097335875	0.00029990869
0.15937594  	0.010078043 	0.00029954789
0.15973991  	0.0098947287	0.00029915140
0.16010389  	0.010287099 	0.00029829907
0.16046786  	0.0099442974	0.00029811516
0.16083184  	0.010347530 	0.00029733285
0.16119581  	0.0099846497	0.00029691006
0.16155979  	0.0098868683	0.00029704679
0.16192377  	0.010030426 	0.00029652033
0.16228774  	0.0095085353	0.00029585141
0.16265172  	0.0092919618	0.00029482003
0.16301569  	0.0093524382	0.00029459177
0.16337967  	0.0098662823	0.00029446176
0.16374364  	0.010158770 	0.00029386653
0.16410764  	0.0096274242	0.00029373833
0.16447161  	0.0099427998	0.00029282237
0.16483559  	0.0096616447	0.00029290520
0.16519956  	0.0094504878	0.00029195979
0.16556354  	0.0095510185	0.00029103385
0.16592751  	0.0097778440	0.00029093400
0.16629149  	0.0097766146	0.00029047410
0.16665547  	0.0096896365	0.00029017290
0.16701944  	0.0098254532	0.00028948908
0.16738342  	0.0097053573	0.00028909702
0.16774739  	0.0094202012	0.00028888509
0.16811137  	0.0096426308	0.00028850642
0.16847534  	0.0093340278	0.00028788904
0.16883932  	0.0090101436	0.00028730879
0.16920331  	0.0097908527	0.00028680178
0.16956729  	0.0090825781	0.00028688740
0.16993126  	0.0094730407	0.00028709334
0.17029524  	0.0091050565	0.00028656668
0.17065921  	0.0091531500	0.00028533931
0.17102319  	0.0095595047	0.00028513261
0.17138717  	0.0096030757	0.00028430359
0.17175114  	0.0095658526	0.00028375260
0.17211512  	0.0095700622	0.00028360824
0.17247909  	0.0095755458	0.00028329619
0.17284307  	0.0094376951	0.00028329846
0.17320704  	0.0090848058	0.00028228789
0.17357102  	0.0093476921	0.00028167054
0.17393500  	0.0092425123	0.00028154039
0.17429899  	0.0095661655	0.00028155546
0.17466296  	0.0098598003	0.00028176393
0.17502694  	0.0096527636	0.00028148139
0.17539091  	0.0092799738	0.00028096078
0.17575489  	0.0093916804	0.00028051392
0.17611887  	0.0090252087	0.00028026063
0.17648284  	0.0092023984	0.00027993027
0.17684682  	0.0091474354	0.00028056785
0.17721079  	0.0092529804	0.00027972172
0.17757477  	0.0093095601	0.00027892934
0.17793874  	0.0094485581	0.00027841324
0.17830272  	0.0090614557	0.00027760549
0.17866670  	0.0088094175	0.00027676020
0.17903067  	0.0094597191	0.00027624267
0.17939466  	0.0092753619	0.00027582987
0.17975864  	0.0090232566	0.00027542733
0.18012261  	0.0091971755	0.00027475369
0.18048659  	0.0092231929	0.00027469918
0.18085057  	0.0088468269	0.00027415046
0.18121454  	0.0095141828	0.00027389539
0.18157852  	0.0092258304	0.00027349190
0.18194249  	0.0093379468	0.00027310092
0.18230647  	0.0091821775	0.00027253144
0.18267044  	0.0087490007	0.00027245085
0.18303442  	0.0084591955	0.00027171161
0.18339840  	0.0086773485	0.00027176866
0.18376237  	0.0085301176	0.00027102241
0.18412635  	0.0084434226	0.00027083111
0.18449032  	0.0088715255	0.00027060928
0.18485431  	0.0087493956	0.00027020500
0.18521829  	0.0088519081	0.00026987371
0.18558227  	0.0087985992	0.00026923011
0.18594624  	0.0086701885	0.00026917458
0.18631022  	0.0085124224	0.00026873386
0.18667419  	0.0087706819	0.00026860830
0.18703817  	0.0086962134	0.00026847221
0.18740214  	0.0082296953	0.00026747276
0.18776612  	0.0091067478	0.00026733076
0.18813010  	0.0085872188	0.00026672281
0.18849407  	0.0088865533	0.00026685852
0.18885805  	0.0090965778	0.00026650802
0.18922202  	0.0090164021	0.00026656679
0.18958600  	0.0088471100	0.00026632106
0.18994999  	0.0084854141	0.00026526608
0.19031397  	0.0089116395	0.00026525481
0.19067794  	0.0086667910	0.00026537330
0.19104192  	0.0085845739	0.00026547391
0.19140589  	0.0088708550	0.00026437623
0.19176987  	0.0088744834	0.00026432038
0.19213384  	0.0089804977	0.00026435041
0.19249782  	0.0087332726	0.00026368079
0.19286180  	0.0085218996	0.00026345110
0.19322577  	0.0084324628	0.00026333416
0.19358975  	0.0083323196	0.00026277086
0.19395372  	0.0083867237	0.00026283943
0.19431770  	0.0084853470	0.00026253099
0.19468167  	0.0083091706	0.00026199466
0.19504566  	0.0087595135	0.00026192347
0.19540964  	0.0085760057	0.00026190231
0.19577362  	0.0084353089	0.00026179469
0.19613759  	0.0081751719	0.00026169582
0.19650157  	0.0081622675	0.00026216693
0.19686554  	0.0081951991	0.00026478444
0.19722952  	0.0086128190	0.00026754133
0.19759350  	0.0087131932	0.00026884457
0.19795747  	0.0087118670	0.00026966044
0.19832145  	0.0083991140	0.00027115218
0.19868542  	0.0085767210	0.00027161476
0.19904940  	0.0086480081	0.00027268764
0.19941337  	0.0081174076	0.00027308540
0.19977735  	0.0080556422	0.00027378459
0.20014134  	0.0079761818	0.00027532212
0.20050532  	0.0083465353	0.00027563193
0.20086929  	0.0083366111	0.00027614541
0.20123327  	0.0083564222	0.00027712717
0.20159724  	0.0082984269	0.00027777342
0.20196122  	0.0080896989	0.00027786443
0.20232520  	0.0078867450	0.00027794510
0.20268917  	0.0080391243	0.00027893946
0.20305315  	0.0086017922	0.00027691553
0.20341712  	0.0086392015	0.00027339609
0.20378110  	0.0085318685	0.00027168222
0.20414507  	0.0084577650	0.00026997749
0.20450905  	0.0087899491	0.00026869093
0.20487303  	0.0086495206	0.00026819651
0.20523702  	0.0085232407	0.00026684048
0.20560099  	0.0084974319	0.00026589897
0.20596497  	0.0082229003	0.00026555135
0.20632894  	0.0079428852	0.00026496151
0.20669292  	0.0079542920	0.00026376857
0.20705689  	0.0080901012	0.00026342974
0.20742087  	0.0078725740	0.00026251597
0.20778485  	0.0081399456	0.00026177272
0.20814882  	0.0078809187	0.00026136785
0.20851280  	0.0079439729	0.00026093418
0.20887677  	0.0079526082	0.00026071351
0.20924075  	0.0081246942	0.00025995486
0.20960473  	0.0078586563	0.00025972942
0.20996870  	0.0081497356	0.00025928233
0.21033269  	0.0075711459	0.00025868727
0.21069667  	0.0075774640	0.00025828005
0.21106064  	0.0082513392	0.00025779204
0.21142462  	0.0079287887	0.00025755985
0.21178859  	0.0081266314	0.00025764384
0.21215257  	0.0083638281	0.00025695012
0.21251655  	0.0079565793	0.00025655000
0.21288052  	0.0076909214	0.00025614339
0.21324450  	0.0078081861	0.00025615472
0.21360847  	0.0082851723	0.00025538795
0.21397245  	0.0077848956	0.00025482470
0.21433643  	0.0077169687	0.00025400412
0.21470040  	0.0083949640	0.00025381206
0.21506438  	0.0079405010	0.00025345918
0.21542837  	0.0078845695	0.00025340210
0.21579234  	0.0083480105	0.00025319323
0.21615632  	0.0079870299	0.00025292506
0.21652029  	0.0078050867	0.00025225128
0.21688427  	0.0076810569	0.00025217480
0.21724825  	0.0076799765	0.00025216164
0.21761222  	0.0078240260	0.00025212247
0.21797620  	0.0075746551	0.00025149292
0.21834017  	0.0075702742	0.00025157654
0.21870415  	0.0081455261	0.00025136652
0.21906812  	0.0077652261	0.00025057461
0.21943210  	0.0076259598	0.00025074821
0.21979608  	0.0081175715	0.00025044705
0.22016005  	0.0079579800	0.00025016125
0.22052404  	0.0073309764	0.00025000764
0.22088802  	0.0073249415	0.00024992897
0.22125199  	0.0074840263	0.00024973345
0.22161597  	0.0073514804	0.00024951313
0.22197995  	0.0078814626	0.00024929311
0.22234392  	0.0081294551	0.00024923444
0.22270790  	0.0078663900	0.00024868618
0.22307187  	0.0073269159	0.00024865899
0.22343585  	0.0079026073	0.00024856220
0.22379982  	0.0077504590	0.00024862296
0.22416380  	0.0075574815	0.00024832736
0.22452778  	0.0074278489	0.00024835687
0.22489175  	0.0076378584	0.00024839691
0.22525573  	0.0079692826	0.00024842800
0.22561972  	0.0077866018	0.00024880969
0.22598369  	0.0076612756	0.00024798015
0.22634767  	0.0076083168	0.00024775017
0.22671165  	0.0077660829	0.00024761102
0.22707562  	0.0073224902	0.00024704906
0.22743960  	0.0074741468	0.00024731879
0.22780357  	0.0075898916	0.00024675255
0.22816755  	0.0074072257	0.00024727391
0.22853152  	0.0074649602	0.00024714309
0.22889550  	0.0075814575	0.00024809083
0.22925948  	0.0073558912	0.00024999725
0.22962345  	0.0073894262	0.00025082898
0.22998743  	0.0071874782	0.00024894142
0.23035140  	0.0075080767	0.00024683011
0.23071539  	0.0074036270	0.00024623671
0.23107937  	0.0073074400	0.00024598773
0.23144335  	0.0071394667	0.00024529276
0.23180732  	0.0077712461	0.00024553723
0.23217130  	0.0078753158	0.00024497605
0.23253527  	0.0075722188	0.00024493437
0.23289925  	0.0074872151	0.00024531904
0.23326322  	0.0074776858	0.00024517352
0.23362720  	0.0073243305	0.00024617807
0.23399118  	0.0077744573	0.00024646171
0.23435515  	0.0081353933	0.00024740526
0.23471913  	0.0077157244	0.00024766134
0.23508310  	0.0071480274	0.00024782895
0.23544708  	0.0075033754	0.00024797366
0.23581107  	0.0075508803	0.00024772316
0.23617505  	0.0078207180	0.00024821158
0.23653902  	0.0076040924	0.00024854508
0.23690300  	0.0072953925	0.00024839432
0.23726697  	0.0074994490	0.00024799953
0.23763095  	0.0075281262	0.00024720017
0.23799492  	0.0074192211	0.00024784933
0.23835890  	0.0075763464	0.00024788623
0.23872288  	0.0076631531	0.00024860573
0.23908685  	0.0074055567	0.00024829080
0.23945083  	0.0072334111	0.00024866909
0.23981480  	0.0068164691	0.00024872247
0.24017878  	0.0075073615	0.00024908918
0.24054275  	0.0072654262	0.00024903211
0.24090673  	0.0073356479	0.00024909677
0.24127072  	0.0073403940	0.00024968656
0.24163470  	0.0075108707	0.00024996107
0.24199867  	0.0073812380	0.00025037042
0.24236265  	0.0072431043	0.00025118265
0.24272662  	0.0069244057	0.00025134158
0.24309060  	0.0069813058	0.00025223711
0.24345458  	0.0074455515	0.00025258167
0.24381855  	0.0074402839	0.00025260824
0.24418253  	0.0069398507	0.00025231388
0.24454650  	0.0070426017	0.00025198999
0.24491048  	0.0075269192	0.00025180727
0.24527445  	0.0074161589	0.00025159799
0.24563843  	0.0071938112	0.00025148079
0.24600241  	0.0070937350	0.00025092287
0.24636640  	0.0069961771	0.00025011992
0.24673037  	0.0069909319	0.00025012449
0.24709435  	0.0069300681	0.00024908167
0.24745832  	0.0073860809	0.00024890088
0.24782230  	0.0073835105	0.00024878987
0.24818628  	0.0072660148	0.00024828990
0.24855025  	0.0070746914	0.00024855361
0.24891423  	0.0066774413	0.00024835329
0.24927820  	0.0076380000	0.00024875143
0.24964218  	0.0071960613	0.00024811836
0.25000617  	0.0069974586	0.00024704571
0.25037014  	0.0070537403	0.00024606223
0.25073412  	0.0077325329	0.00024523551
0.25109810  	0.0076445639	0.00024546470
0.25146207  	0.0068268403	0.00024451994
0.25182605  	0.0070044249	0.00024439811
0.25219002  	0.0069332942	0.00024398575
0.25255400  	0.0070397183	0.00024370939
0.25291798  	0.0071357638	0.00024332704
0.25328195  	0.0073163584	0.00024295789
0.25364593  	0.0072626770	0.00024309180
0.25400990  	0.0070606917	0.00024263855
0.25437388  	0.0069832206	0.00024233482
0.25473785  	0.0065635219	0.00024214697
0.25510183  	0.0067905560	0.00024222650
0.25546581  	0.0069138408	0.00024222603
0.25582978  	0.0069767460	0.00024199445
0.25619376  	0.0071098953	0.00024248421
0.25655773  	0.0069184229	0.00024220214
0.25692171  	0.0070962310	0.00024224511
0.25728568  	0.0072444081	0.00024244154
0.25764966  	0.0075962096	0.00024257721
0.25801364  	0.0073942766	0.00024316972
0.25837761  	0.0068072304	0.00024250285
0.25874159  	0.0064167753	0.00024253031
0.25910559  	0.0068346858	0.00024225684
0.25946957  	0.0072484165	0.00024185222
0.25983354  	0.0071181878	0.00024161903
0.26019752  	0.0070084408	0.00024194548
0.26056150  	0.0067549273	0.00024177517
0.26092547  	0.0074712932	0.00024130537
0.26128945  	0.0068600625	0.00024119261
0.26165342  	0.0072070733	0.00024111148
0.26201740  	0.0071938187	0.00024082496
0.26238137  	0.0068557635	0.00024106310
0.26274535  	0.0067555904	0.00024088388
0.26310933  	0.0066299736	0.00024129017
0.26347330  	0.0069876835	0.00024125571
0.26383728  	0.0071389452	0.00024148361
0.26420125  	0.0066041350	0.00024238064
0.26456523  	0.0065037981	0.00024324469
0.26492921  	0.0074444041	0.00024398624
0.26529318  	0.0073711500	0.00024448786
0.26565716  	0.0068568364	0.00024490218
0.26602113  	0.0073220804	0.00024553508
0.26638511  	0.0072864294	0.00024571401
0.26674908  	0.0069740489	0.00024567635
0.26711306  	0.0063592941	0.00024533196
0.26747704  	0.0065140352	0.00024516528
0.26784101  	0.0072145835	0.00024550423
0.26820499  	0.0071057975	0.00024517652
0.26856896  	0.0073527321	0.00024508743
0.26893294  	0.0071113482	0.00024481985
0.26929694  	0.0070274845	0.00024487387
0.26966092  	0.0066528767	0.00024458548
0.27002490  	0.0069281906	0.00024461056
0.27038887  	0.0070868731	0.00024452174
0.27075285  	0.0071152076	0.00024412127
0.27111682  	0.0070133060	0.00024388425
0.27148080  	0.0068783239	0.00024350047
0.27184477  	0.0069667846	0.00024301067
0.27220875  	0.0069043115	0.00024251970
0.27257273  	0.0069265068	0.00024234668
0.27293670  	0.0069076791	0.00024278922
0.27330068  	0.0066160411	0.00024227539
0.27366465  	0.0070833266	0.00024238489
0.27402863  	0.0063229650	0.00024473426
0.27439260  	0.0072592124	0.00024834333
0.27475658  	0.0067841560	0.00025053532
0.27512056  	0.0069332197	0.00025213635
0.27548453  	0.0068925470	0.00025352475
0.27584851  	0.0068737492	0.00025521999
0.27621248  	0.0070418417	0.00025594697
0.27657646  	0.0069818869	0.00025735094
0.27694044  	0.0063998252	0.00025811940
0.27730441  	0.0067747831	0.00025860689
0.27766839  	0.0068423450	0.00025908073
0.27803236  	0.0066092014	0.00026029150
0.27839634  	0.0069004446	0.00026188476
0.27876031  	0.0070356354	0.00026286856
0.27912429  	0.0069783852	0.00026401994
0.27948830  	0.0073314533	0.00026523977
0.27985227  	0.0071215332	0.00026549856
0.28021625  	0.0067791194	0.00026366301
0.28058022  	0.0065426230	0.00025855823
0.28094420  	0.0064553842	0.00025653659
0.28130817  	0.0063247383	0.00025528966
0.28167215  	0.0066805482	0.00025381858
0.28203613  	0.0070058778	0.00025382743
0.28240010  	0.0066723153	0.00025294095
0.28276408  	0.0065797418	0.00025242678
0.28312805  	0.0070250705	0.00025129359
0.28349203  	0.0069894940	0.00025070741
0.28385600  	0.0065341294	0.00025045016
0.28421998  	0.0069797710	0.00024876278
0.28458396  	0.0068118572	0.00024866298
0.28494793  	0.0069641694	0.00024794036
0.28531191  	0.0066302717	0.00024751908
0.28567588  	0.0071646199	0.00024703436
0.28603986  	0.0072545111	0.00024633709
0.28640383  	0.0067196861	0.00024588971
0.28676781  	0.0071565807	0.00024506636
0.28713179  	0.0066147298	0.00024465070
0.28749576  	0.0065707564	0.00024419563
0.28785974  	0.0067835897	0.00024401239
0.28822371  	0.0067685321	0.00024337237
0.28858769  	0.0072116256	0.00024344250
0.28895167  	0.0068073496	0.00024270949
0.28931564  	0.0071145371	0.00024249883
0.28967965  	0.0069008246	0.00024260319
0.29004362  	0.0064006820	0.00024235970
0.29040760  	0.0066625848	0.00024230112
0.29077157  	0.0070210546	0.00024225679
0.29113555  	0.0064263344	0.00024249346
0.29149953  	0.0067150965	0.00024271508
0.29186350  	0.0068687424	0.00024240416
0.29222748  	0.0069197714	0.00024318583
0.29259145  	0.0068319887	0.00024360203
0.29295543  	0.0065550953	0.00024331734
0.29331940  	0.0063876957	0.00024403384
0.29368338  	0.0069423020	0.00024310907
0.29404736  	0.0066570416	0.00024310601
0.29441133  	0.0070498064	0.00024320911
0.29477531  	0.0065999404	0.00024294932
0.29513928  	0.0065408722	0.00024321259
0.29550326  	0.0065877661	0.00024261930
0.29586723  	0.0067564026	0.00024307998
0.29623121  	0.0067151785	0.00024306726
0.29659519  	0.0065257922	0.00024338352
0.29695916  	0.0061712191	0.00024326930
0.29732314  	0.0066030398	0.00024299762
0.29768711  	0.0067037418	0.00024345839
0.29805109  	0.0063496977	0.00024291674
0.29841506  	0.0067417547	0.00024336869
0.29877904  	0.0066900104	0.00024310379
0.29914302  	0.0063947290	0.00024254488
0.29950699  	0.0064950511	0.00024334564
0.29987100  	0.0064133555	0.00024222687
0.30023497  	0.0064636245	0.00024259937
0.30059895  	0.0064156353	0.00024196287
0.30096292  	0.0069844648	0.00024205234
0.30132690  	0.0066107884	0.00024237912
0.30169088  	0.0066381171	0.00024147297
0.30205485  	0.0063814446	0.00024186814
0.30241883  	0.0069313571	0.00024205081
0.30278280  	0.0068589374	0.00024264025
0.30314678  	0.0069026724	0.00024265642
0.30351076  	0.0067103803	0.00024246801
0.30387473  	0.0062065125	0.00024254443
0.30423871  	0.0065318719	0.00024174422
0.30460268  	0.0068958029	0.00024199672
0.30496666  	0.0065999180	0.00024225110
0.30533063  	0.0063750893	0.00024205232
0.30569461  	0.0064990968	0.00024206421
0.30605859  	0.0065391287	0.00024187949
0.30642256  	0.0064173266	0.00024220202
0.30678654  	0.0066401437	0.00024190250
0.30715051  	0.0067530870	0.00024197274
0.30751449  	0.0067271665	0.00024209889
0.30787846  	0.0066024587	0.00024178445
0.30824244  	0.0065304711	0.00024227003
0.30860642  	0.0067660734	0.00024237868
0.30897039  	0.0066632852	0.00024248270
0.30933437  	0.0067372471	0.00024165282
0.30969834  	0.0063142180	0.00024189375
0.31006232  	0.0070821121	0.00024221763
0.31042632  	0.0064270049	0.00024180888
0.31079030  	0.0066915452	0.00024232522
0.31115428  	0.0069780946	0.00024228536
0.31151825  	0.0063810274	0.00024187616
0.31188223  	0.0063701943	0.00024210938
0.31224620  	0.0066371709	0.00024206223
0.31261018  	0.0066528097	0.00024252263
0.31297415  	0.0065762624	0.00024189868
0.31333813  	0.0064549223	0.00024191823
0.31370211  	0.0061832145	0.00024230893
0.31406608  	0.0063135996	0.00024168045
0.31443006  	0.0066162422	0.00024243044
0.31479403  	0.0070349574	0.00024204487
0.31515801  	0.0066553354	0.00024237215
0.31552199  	0.0066715628	0.00024175059
0.31588596  	0.0062843934	0.00024216116
0.31624994  	0.0066575631	0.00024239284
0.31661391  	0.0067700371	0.00024201412
0.31697789  	0.0066315085	0.00024195507
0.31734186  	0.0067921504	0.00024227386
0.31770584  	0.0064833388	0.00024257692
0.31806982  	0.0068272054	0.00024223671
0.31843379  	0.0062802434	0.00024186747
0.31879777  	0.0065234900	0.00024236231
0.31916174  	0.0064797699	0.00024183483
0.31952572  	0.0065572411	0.00024250660
0.31988969  	0.0066744909	0.00024196977
0.32025367  	0.0064367279	0.00024261881
0.32061768  	0.0065685734	0.00024272589
0.32098165  	0.0065640360	0.00024196417
0.32134563  	0.0067224279	0.00024221667
0.32170960  	0.0069454536	0.00024211386
0.32207358  	0.0067355633	0.00024210777
0.32243755  	0.0067937151	0.00024250793
0.32280153  	0.0064336210	0.00024190580
0.32316551  	0.0066161379	0.00024250470
0.32352948  	0.0067806616	0.00024226126
0.32389346  	0.0065864921	0.00024225548
0.32425743  	0.0065600649	0.00024232254
0.32462141  	0.0067400783	0.00024230621
0.32498538  	0.0065183565	0.00024245268
0.32534936  	0.0066131577	0.00024213364
0.32571334  	0.0066702738	0.00024246337
0.32607731  	0.0066747591	0.00024263577
0.32644129  	0.0063187554	0.00024222089
0.32680526  	0.0063530654	0.00024230288
0.32716924  	0.0064622462	0.00024225534
0.32753322  	0.0063741729	0.00024249188
0.32789719  	0.0064787492	0.00024232436
0.32826117  	0.0062034130	0.00024230353
0.32862514  	0.0062985867	0.00024230506
0.32898912  	0.0064896792	0.00024163999
0.32935309  	0.0069153309	0.00024213073
0.32971707  	0.0065888390	0.00024172707
0.33008105  	0.0065502003	0.00024193176
0.33044502  	0.0066134110	0.00024110754
0.33080903  	0.0065243840	0.00024102080
0.33117300  	0.0066577718	0.00024121760
0.33153698  	0.0069626719	0.00024106547
0.33190095  	0.0066262558	0.00024101044
0.33226493  	0.0066001788	0.00024054569
0.33262891  	0.0065545067	0.00024089045
0.33299288  	0.0065079108	0.00024085729
0.33335686  	0.0067093149	0.00024002044
0.33372083  	0.0063834563	0.00024072162
0.33408481  	0.0064887404	0.00024039467
0.33444878  	0.0066962093	0.00024054162
0.33481276  	0.0065756142	0.00024062728
0.33517674  	0.0067010522	0.00024050775
0.33554071  	0.0064968169	0.00024063258
0.33590469  	0.0063679144	0.00024046861
0.33626866  	0.0067412332	0.00024078366
0.33663264  	0.0066167414	0.00024079088
0.33699661  	0.0062687993	0.00024055327
0.33736059  	0.0067118481	0.00024063553
0.33772457  	0.0070469975	0.00024027546
0.33808854  	0.0065072477	0.00024065873
0.33845252  	0.0066927373	0.00023973404
0.33881649  	0.0065807030	0.00024023958
0.33918047  	0.0067924261	0.00023988550
0.33954445  	0.0062299594	0.00023936140
0.33990842  	0.0070354640	0.00023985461
0.34027240  	0.0066852793	0.00023918257
0.34063637  	0.0064219758	0.00023943644
0.34100038  	0.0065524355	0.00023894000
0.34136435  	0.0067676455	0.00023895988
0.34172833  	0.0066894665	0.00023905367
0.34209231  	0.0063480586	0.00023865463
0.34245628  	0.0065027624	0.00023899614
0.34282026  	0.0066573024	0.00023904114
0.34318423  	0.0064389408	0.00023859501
0.34354821  	0.0064509064	0.00023875760
0.34391218  	0.0068442449	0.00023877466
0.34427616  	0.0066065416	0.00023944718
0.34464014  	0.0060419515	0.00023871046
0.34500411  	0.0066501871	0.00023933062
0.34536809  	0.0063971058	0.00023912940
0.34573206  	0.0062144697	0.00023877887
0.34609604  	0.0062188804	0.00023898872
0.34646001  	0.0065973103	0.00023919578
0.34682399  	0.0067493692	0.00023900815
0.34718797  	0.0064012036	0.00023892295
0.34755194  	0.0065316185	0.00023908603
0.34791592  	0.0060467944	0.00023929580
0.34827989  	0.0063998550	0.00023880225
0.34864387  	0.0063505545	0.00023945907
0.34900784  	0.0061921999	0.00023884786
0.34937182  	0.0065625235	0.00023920365
0.34973580  	0.0061712712	0.00023881788
0.35009977  	0.0064365193	0.00023908677
0.35046375  	0.0062238127	0.00023905802
0.35082772  	0.0062824711	0.00023949469
0.35119173  	0.0065025762	0.00024269430
0.35155571  	0.0066505596	0.00024700889
0.35191968  	0.0066981986	0.00024993459
0.35228366  	0.0064543635	0.00025248624
0.35264763  	0.0061172694	0.00025428779
0.35301161  	0.0060308352	0.00025605189
0.35337558  	0.0066460669	0.00025770025
0.35373956  	0.0066730604	0.00025897572
0.35410354  	0.0070371032	0.00026068473
0.35446751  	0.0066906288	0.00026225339
0.35483149  	0.0067629293	0.00026392355
0.35519546  	0.0064638257	0.00026485967
0.35555944  	0.0066580698	0.00026644758
0.35592341  	0.0067514777	0.00026750698
0.35628739  	0.0065892339	0.00026880752
0.35665137  	0.0064299703	0.00027084432
0.35701534  	0.0062489659	0.00027178240
0.35737932  	0.0065359026	0.00026914995
0.35774329  	0.0061009377	0.00026382520
0.35810727  	0.0065715834	0.00026113173
0.35847124  	0.0064226091	0.00025934598
0.35883522  	0.0066219866	0.00025798418
0.35919920  	0.0063551962	0.00025726540
0.35956317  	0.0066508353	0.00025619895
0.35992715  	0.0066226497	0.00025527837
0.36029112  	0.0066841543	0.00025481489
0.36065510  	0.0065490231	0.00025452336
0.36101907  	0.0064363629	0.00025386931
0.36138305  	0.0064080879	0.00025214721
0.36174706  	0.0067021102	0.00025218207
0.36211103  	0.0067264810	0.00025164025
0.36247501  	0.0068107173	0.00025120610
0.36283898  	0.0064414293	0.00025089839
0.36320296  	0.0062450096	0.00025076303
0.36356694  	0.0062307417	0.00025047280
0.36393091  	0.0063827261	0.00024909031
0.36429489  	0.0065438747	0.00024959841
0.36465886  	0.0061310232	0.00024897431
0.36502284  	0.0063892230	0.00024826266
0.36538681  	0.0067515448	0.00024850116
0.36575079  	0.0063365102	0.00024799749
0.36611477  	0.0062695444	0.00024811295
0.36647874  	0.0062754825	0.00024735695
0.36684272  	0.0061785206	0.00024785579
0.36720669  	0.0064444691	0.00024825829
0.36757067  	0.0066165403	0.00024774575
0.36793464  	0.0063160360	0.00024841630
0.36829862  	0.0063380152	0.00024753762
0.36866260  	0.0064460486	0.00024750695
0.36902657  	0.0060848743	0.00024713567
0.36939055  	0.0062959045	0.00024744138
0.36975452  	0.0060542673	0.00024730802
0.37011850  	0.0063064024	0.00024736181
0.37048247  	0.0063393936	0.00024777523
0.37084645  	0.0065824389	0.00024767549
0.37121043  	0.0064532980	0.00024761108
0.37157440  	0.0067624524	0.00024771391
0.37193841  	0.0064890385	0.00024729362
0.37230238  	0.0065453053	0.00024726134
0.37266636  	0.0064980835	0.00024676419
0.37303033  	0.0062832087	0.00024693360
0.37339431  	0.0062816963	0.00024687074
0.37375829  	0.0066532046	0.00024671777
0.37412226  	0.0066189319	0.00024689795
0.37448624  	0.0062148497	0.00024652900
0.37485021  	0.0063817203	0.00024632527
0.37521419  	0.0064334646	0.00024661404
0.37557817  	0.0066203251	0.00024601095
0.37594214  	0.0064431131	0.00024587897
0.37630612  	0.0065213814	0.00024598459
0.37667009  	0.0065013543	0.00024618031
0.37703407  	0.0066267252	0.00024613310
0.37739804  	0.0066765696	0.00024581526
0.37776202  	0.0065476671	0.00024629550
0.37812600  	0.0064153299	0.00024609477
0.37848997  	0.0065318123	0.00024603301
0.37885395  	0.0066618845	0.00024562184
0.37921792  	0.0065179840	0.00024559308
0.37958190  	0.0064376667	0.00024579020
0.37994587  	0.0062356144	0.00024527221
0.38030985  	0.0061227903	0.00024505591
0.38067383  	0.0064236373	0.00024486423
0.38103780  	0.0062205717	0.00024468679
0.38140178  	0.0065354556	0.00024452969
0.38176575  	0.0062783286	0.00024403952
0.38212976  	0.0064901337	0.00024440052
0.38249373  	0.0067626908	0.00024409826
0.38285771  	0.0066373274	0.00024352533
0.38322169  	0.0064242929	0.00024326275
0.38358566  	0.0064785182	0.00024316310
0.38394964  	0.0064203292	0.00024243585
0.38431361  	0.0064428598	0.00024265968
0.38467759  	0.0065687671	0.00024274229
0.38504156  	0.0062540993	0.00024227044
0.38540554  	0.0062472597	0.00024280431
0.38576952  	0.0061967149	0.00024191021
0.38613349  	0.0064583048	0.00024239536
0.38649747  	0.0064449683	0.00024269897
0.38686144  	0.0067069381	0.00024271441
0.38722542  	0.0067040995	0.00024244354
0.38758940  	0.0062970966	0.00024211833
0.38795337  	0.0064683631	0.00024198847
0.38831735  	0.0064211711	0.00024214049
0.38868132  	0.0066806898	0.00024191805
0.38904530  	0.0062767491	0.00024175359
0.38940927  	0.0068906471	0.00024201133
0.38977325  	0.0065480620	0.00024158384
0.39013723  	0.0062734485	0.00024110486
0.39050120  	0.0063175634	0.00024067951
0.39086518  	0.0062233731	0.00024033670
0.39122915  	0.0068036467	0.00024045439
0.39159313  	0.0063414499	0.00024031255
0.39195710  	0.0064357892	0.00024033278
0.39232111  	0.0062916055	0.00023993473
0.39268509  	0.0066275001	0.00023949855
0.39304906  	0.0064570457	0.00024003863
0.39341304  	0.0065567642	0.00024004593
0.39377701  	0.0065459758	0.00023983011
0.39414099  	0.0062977821	0.00024016749
0.39450496  	0.0062998831	0.00023978837
0.39486894  	0.0065326169	0.00024020129
0.39523292  	0.0063079000	0.00024002274
0.39559689  	0.0064218715	0.00023969528
0.39596087  	0.0067077503	0.00023957518
0.39632484  	0.0066862032	0.00023941927
0.39668882  	0.0063481554	0.00023916595
0.39705279  	0.0063312426	0.00023908609
0.39741677  	0.0066766664	0.00023963794
0.39778075  	0.0063384026	0.00023979967
0.39814472  	0.0061635524	0.00023981075
0.39850870  	0.0059813187	0.00023908896
0.39887267  	0.0062560961	0.00023863191
0.39923665  	0.0063115954	0.00023918184
0.39960063  	0.0063505918	0.00023905913
0.39996460  	0.0067428201	0.00023918078
0.40032858  	0.0060919002	0.00023886444
0.40069255  	0.0064566284	0.00023907149
0.40105653  	0.0067842081	0.00023957909
0.40142050  	0.0065869316	0.00023980565
0.40178448  	0.0064342320	0.00023901778
0.40214846  	0.0066230297	0.00023884590
0.40251246  	0.0063422918	0.00023879111
0.40287644  	0.0063753650	0.00023927829
0.40324041  	0.0061519444	0.00023917700
0.40360439  	0.0062361434	0.00023874154
0.40396836  	0.0059751123	0.00023900693
0.40433234  	0.0062551275	0.00023895550
0.40469632  	0.0063384920	0.00023844506
0.40506029  	0.0064990669	0.00023862222
0.40542427  	0.0066303015	0.00023845164
0.40578824  	0.0063077360	0.00023862507
0.40615222  	0.0061167702	0.00023855641
0.40651619  	0.0064960420	0.00023847815
0.40688017  	0.0061847344	0.00023860869
0.40724415  	0.0065267980	0.00023814965
0.40760812  	0.0062564909	0.00023830149
0.40797210  	0.0070927888	0.00023839070
0.40833607  	0.0062402338	0.00023850860
0.40870005  	0.0060807094	0.00023825576
0.40906402  	0.0065911040	0.00023839025
0.40942800  	0.0065416917	0.00023833217
0.40979198  	0.0062998682	0.00023817315
0.41015595  	0.0064919218	0.00023862845
0.41051993  	0.0064511821	0.00023831571
0.41088390  	0.0071115121	0.00023796706
0.41124788  	0.0065479875	0.00023802220
0.41161186  	0.0065218881	0.00023793729
0.41197583  	0.0067740977	0.00023819481
0.41233981  	0.0063227862	0.00023757786
0.41270381  	0.0064604878	0.00023817389
0.41306779  	0.0064373016	0.00023764546
0.41343176  	0.0067904741	0.00023802141
0.41379574  	0.0065841377	0.00023790670
0.41415972  	0.0067917630	0.00023785030
0.41452369  	0.0064521804	0.00023745387
0.41488767  	0.0062862635	0.00023788201
0.41525164  	0.0068594366	0.00023830539
0.41561562  	0.0069136247	0.00023797357
0.41597959  	0.0065773651	0.00023774226
0.41634357  	0.0060504749	0.00023796847
0.41670755  	0.0064376891	0.00023782853
0.41707152  	0.0065893978	0.00023701697
0.41743550  	0.0065698028	0.00023762029
0.41779947  	0.0065475628	0.00023725675
0.41816345  	0.0064128041	0.00023760283
0.41852742  	0.0062651187	0.00023762140
0.41889140  	0.0062043294	0.00023681529
0.41925538  	0.0059981570	0.00023731902
0.41961935  	0.0058353171	0.00023744129
0.41998333  	0.0059289932	0.00023737147
0.42034730  	0.0062857121	0.00023712110
0.42071128  	0.0062807724	0.00023726810
0.42107525  	0.0062787756	0.00023727647
0.42143923  	0.0062717348	0.00023690192
0.42180321  	0.0062911510	0.00023692929
0.42216718  	0.0061785653	0.00023715828
0.42253116  	0.0061758533	0.00023685065
0.42289513  	0.0059195831	0.00023720505
0.42325914  	0.0062530935	0.00023729690
0.42362311  	0.0063540787	0.00023661749
0.42398709  	0.0065394044	0.00023737103
0.42435107  	0.0067203045	0.00023742486
0.42471504  	0.0067392811	0.00023753513
0.42507902  	0.0067483410	0.00023673323
0.42544299  	0.0061603710	0.00023706675
0.42580697  	0.0061009899	0.00023706772
0.42617095  	0.0063718185	0.00023700444
0.42653492  	0.0063300654	0.00023713641
0.42689890  	0.0062536299	0.00023700592
0.42726287  	0.0059688538	0.00023640723
0.42762685  	0.0065440983	0.00023719783
0.42799082  	0.0062755793	0.00023736854
0.42835480  	0.0063853040	0.00024109606
0.42871878  	0.0067305192	0.00024677001
0.42908275  	0.0060355887	0.00025047842
0.42944673  	0.0065127462	0.00025275565
0.42981070  	0.0068235993	0.00025550689
0.43017468  	0.0062014908	0.00025716508
0.43053865  	0.0062546954	0.00025937424
0.43090263  	0.0067044571	0.00026118485
0.43126661  	0.0065684021	0.00026296265
0.43163058  	0.0061945021	0.00026471211
0.43199456  	0.0058090687	0.00026564585
0.43235853  	0.0063355640	0.00026768594
0.43272251  	0.0062798038	0.00027023852
0.43308648  	0.0062458515	0.00027119406
0.43345049  	0.0062209070	0.00027287722
0.43381447  	0.0062670633	0.00027372947
0.43417844  	0.0059349909	0.00027560352
0.43454242  	0.0060792193	0.00027185743
0.43490639  	0.0064327121	0.00026550729
0.43527037  	0.0069031343	0.00026291198
0.43563434  	0.0068234727	0.00026013510
0.43599832  	0.0065993816	0.00025870194
0.43636230  	0.0064989552	0.00025707815
0.43672627  	0.0061239079	0.00025583777
0.43709025  	0.0063281730	0.00025494859
0.43745422  	0.0065573752	0.00025383162
0.43781820  	0.0064436421	0.00025375886
0.43818218  	0.0062510893	0.00025275993
0.43854615  	0.0061706230	0.00025187776
0.43891013  	0.0062369108	0.00025100194
0.43927410  	0.0068223476	0.00025049294
0.43963808  	0.0064776540	0.00024984617
0.44000205  	0.0063311756	0.00024912882
0.44036603  	0.0061074123	0.00024837389
0.44073001  	0.0060642883	0.00024760221
0.44109398  	0.0062512010	0.00024740060
0.44145796  	0.0064132139	0.00024733332
0.44182193  	0.0062932372	0.00024676777
0.44218591  	0.0067397058	0.00024609055
0.44254988  	0.0069740266	0.00024595347
0.44291386  	0.0065423027	0.00024591401
0.44327784  	0.0060220882	0.00024543994
0.44364184  	0.0060536042	0.00024508024
0.44400582  	0.0060694367	0.00024517212
0.44436979  	0.0064269081	0.00024498854
0.44473377  	0.0064351335	0.00024442491
0.44509774  	0.0064558014	0.00024474534
0.44546172  	0.0061285943	0.00024472235
0.44582570  	0.0065873861	0.00024455076
0.44618967  	0.0061684549	0.00024398341
0.44655365  	0.0061116666	0.00024383160
0.44691762  	0.0063005611	0.00024362133
0.44728160  	0.0061010048	0.00024318513
0.44764557  	0.0066943839	0.00024269946
0.44800955  	0.0061440170	0.00024280822
0.44837353  	0.0062197670	0.00024263182
0.44873750  	0.0064935684	0.00024195481
0.44910148  	0.0062148869	0.00024202243
0.44946545  	0.0060027540	0.00024179708
0.44982943  	0.0061119422	0.00024148864
0.45019341  	0.0061628446	0.00024085869
0.45055738  	0.0060212687	0.00024070262
0.45092136  	0.0064172223	0.00024072606
0.45128533  	0.0061076730	0.00024065224
0.45164931  	0.0062020347	0.00024051336
0.45201328  	0.0061029643	0.00024076086
0.45237726  	0.0062843859	0.00024023534
0.45274124  	0.0068824142	0.00024050247
0.45310521  	0.0061872303	0.00024002700
0.45346919  	0.0065609142	0.00024012430
0.45383319  	0.0060798079	0.00024002293
0.45419717  	0.0062548518	0.00023966850
0.45456114  	0.0065863729	0.00023961139
0.45492512  	0.0068352148	0.00023978979
0.45528910  	0.0066956133	0.00024035583
0.45565307  	0.0061625838	0.00023938448
0.45601705  	0.0064946264	0.00023944220
0.45638102  	0.0061891600	0.00023959277
0.45674500  	0.0061838925	0.00023929987
0.45710897  	0.0064117685	0.00023929121
0.45747295  	0.0063749328	0.00023955239
0.45783693  	0.0063163638	0.00023979691
0.45820090  	0.0060753226	0.00023996990
0.45856488  	0.0062180236	0.00023965456
0.45892885  	0.0061555952	0.00023966728
0.45929283  	0.0063193440	0.00023994606
0.45965680  	0.0063831359	0.00023999097
0.46002078  	0.0067412853	0.00024018118
0.46038476  	0.0065939277	0.00023992425
0.46074873  	0.0066561997	0.00024045078
0.46111271  	0.0062791780	0.00023996465
0.46147668  	0.0062016696	0.00024015205
0.46184066  	0.0063909069	0.00024036622
0.46220464  	0.0067490414	0.00024032930
0.46256861  	0.0068428814	0.00024042494
0.46293259  	0.0059869736	0.00024084971
0.46329656  	0.0057274997	0.00024071442
0.46366054  	0.0059897006	0.00024038798
0.46402454  	0.0061355531	0.00024069774
0.46438852  	0.0066969246	0.00024020376
0.46475250  	0.0065645650	0.00024062172
0.46511647  	0.0059915110	0.00024079184
0.46548045  	0.0061278120	0.00024107544
0.46584442  	0.0064983964	0.00024123055
0.46620840  	0.0064599514	0.00024127093
0.46657237  	0.0067915395	0.00024162534
0.46693635  	0.0063745081	0.00024116405
0.46730033  	0.0060257018	0.00024114156
0.46766430  	0.0066438913	0.00024127947
0.46802828  	0.0068196207	0.00024148462
0.46839225  	0.0064553320	0.00024139478
0.46875623  	0.0065279827	0.00024164938
0.46912020  	0.0067072734	0.00024190775
0.46948418  	0.0065035149	0.00024189427
0.46984816  	0.0061447993	0.00024130047
0.47021213  	0.0061624646	0.00024172591
0.47057611  	0.0062248707	0.00024190672
0.47094008  	0.0065717325	0.00024204780
0.47130406  	0.0064056069	0.00024175692
0.47166803  	0.0063760430	0.00024243024
0.47203201  	0.0064617917	0.00024223182
0.47239599  	0.0063402429	0.00024256573
0.47275996  	0.0064723715	0.00024266045
0.47312394  	0.0066106766	0.00024219634
0.47348791  	0.0067695081	0.00024278343
0.47385189  	0.0066511706	0.00024290424
0.47421589  	0.0063379332	0.00024301973
0.47457987  	0.0063747466	0.00024300294
0.47494385  	0.0060993209	0.00024276340
0.47530782  	0.0061878785	0.00024325524
0.47567180  	0.0062941313	0.00024327429
0.47603577  	0.0067941174	0.00024333765
0.47639975  	0.0062164441	0.00024348877
0.47676373  	0.0062277392	0.00024360702
0.47712770  	0.0064823106	0.00024398942
0.47749168  	0.0062952563	0.00024390087
0.47785565  	0.0063210651	0.00024397860
0.47821963  	0.0064012185	0.00024439720
0.47858360  	0.0065766498	0.00024468839
0.47894758  	0.0063163936	0.00024451246
0.47931156  	0.0065050796	0.00024450320
0.47967553  	0.0064306855	0.00024428670
0.48003951  	0.0062010363	0.00024513662
0.48040348  	0.0064588189	0.00024491837
0.48076746  	0.0060564131	0.00024437418
0.48113143  	0.0059623271	0.00024446790
0.48149541  	0.0064154714	0.00024499898
0.48185939  	0.0068575218	0.00024516470
0.48222336  	0.0064325109	0.00024498414
0.48258734  	0.0060134083	0.00024526412
0.48295131  	0.0060279220	0.00024628203
0.48331529  	0.0064213052	0.00024579634
0.48367926  	0.0064505413	0.00024616998
0.48404324  	0.0062409267	0.00024602120
0.48440722  	0.0060277805	0.00024622574
0.48477122  	0.0061627552	0.00024627335
0.48513520  	0.0067544952	0.00024643802
0.48549917  	0.0067889094	0.00024633284
0.48586315  	0.0065999851	0.00024630630
0.48622712  	0.0063092336	0.00024724752
0.48659110  	0.0064109266	0.00024673820
0.48695508  	0.0062924251	0.00024717682
0.48731905  	0.0066148639	0.00024766149
0.48768303  	0.0062495172	0.00024773992
0.48804700  	0.0063887760	0.00024733430
0.48841098  	0.0062641278	0.00024729996
0.48877496  	0.0061672255	0.00024639926
0.48913893  	0.0062970594	0.00024633532
0.48950291  	0.0064181760	0.00024598377
0.48986688  	0.0066810027	0.00024572489
0.49023086  	0.0063879341	0.00024557114
0.49059483  	0.0061889514	0.00024536837
0.49095881  	0.0064052045	0.00024555606
0.49132279  	0.0064234138	0.00024625714
0.49168676  	0.0067820773	0.00024546229
0.49205074  	0.0063418522	0.00024629984
0.49241471  	0.0063750818	0.00024664958
0.49277869  	0.0060646012	0.00024737412
0.49314266  	0.0062921941	0.00024705430
0.49350664  	0.0067106709	0.00024689813
0.49387062  	0.0063881055	0.00024692455
0.49423459  	0.0062931329	0.00024742616
0.49459857  	0.0062264502	0.00024768870
0.49496257  	0.0065117031	0.00024810451
0.49532655  	0.0065610260	0.00024776268
0.49569052  	0.0062156096	0.00024811144
0.49605450  	0.0060289204	0.00024811403
0.49641848  	0.0060432181	0.00024867075
0.49678245  	0.0066270158	0.00024887518
0.49714643  	0.0066826567	0.00024897986
0.49751040  	0.0066044629	0.00024916962
0.49787438  	0.0059618726	0.00024912020
0.49823835  	0.0067135990	0.00024941174
0.49860233  	0.0065850765	0.00024950373
0.49896631  	0.0065161362	0.00024956535
0.49933028  	0.0062452629	0.00025034021
0.49969426  	0.0068879500	0.00025042318
0.50005823  	0.0064470395	0.00025116536
0.50042224  	0.0063710734	0.00025076099
0.50078619  	0.0065391362	0.00025235128
0.50115019  	0.0061792955	0.00025338354
0.50151414  	0.0060515478	0.00025327626
0.50187814  	0.0061308518	0.00025349183
0.50224209  	0.0065495968	0.00025382882
0.50260609  	0.0063994899	0.00025355144
0.50297004  	0.0065360144	0.00025374067
0.50333405  	0.0065389648	0.00025367137
0.50369799  	0.0064833835	0.00025414384
0.50406200  	0.0063942522	0.00025442126
0.50442594  	0.0058605522	0.00025442534
0.50478995  	0.0064062029	0.00025490683
0.50515389  	0.0065483078	0.00025623641
0.50551790  	0.0065718815	0.00026190007
0.50588185  	0.0067738444	0.00027139121
0.50624585  	0.0058917925	0.00027709545
0.50660980  	0.0063595399	0.00028240660
0.50697380  	0.0064978525	0.00028601516
0.50733775  	0.0066715553	0.00029024671
0.50770175  	0.0062101781	0.00029614652
0.50806570  	0.0062851310	0.00029989154
0.50842971  	0.0062640384	0.00030337746
0.50879365  	0.0058783963	0.00030679433
0.50915766  	0.0063357651	0.00031170555
0.50952160  	0.0060536787	0.00031664380
0.50988561  	0.0064456984	0.00032005855
0.51024961  	0.0062733665	0.00032449994
0.51061356  	0.0066720620	0.00032819749
0.51097757  	0.0064231902	0.00033185538
0.51134151  	0.0060001537	0.00033572878
0.51170552  	0.0060653985	0.00032804545
0.51206946  	0.0059944093	0.00031624830
0.51243347  	0.0062162206	0.00031071072
0.51279742  	0.0062912554	0.00030720144
0.51316142  	0.0067246109	0.00030545337
0.51352537  	0.0064362362	0.00030315670
0.51388937  	0.0057199746	0.00030283970
0.51425332  	0.0058458745	0.00030146376
0.51461732  	0.0062496662	0.00029960202
0.51498127  	0.0062509775	0.00029905266
0.51534528  	0.0060779303	0.00029930580
0.51570922  	0.0066484287	0.00029942076
0.51607323  	0.0068273693	0.00029923339
0.51643717  	0.0064712986	0.00029926479
0.51680118  	0.0064969882	0.00030000447
0.51716512  	0.0064650401	0.00030011806
0.51752913  	0.0061068237	0.00030013910
0.51789308  	0.0065093935	0.00030079021
0.51825708  	0.0066984892	0.00030236843
0.51862103  	0.0062481314	0.00030276104
0.51898503  	0.0064318329	0.00030387065
0.51934898  	0.0061861575	0.00030441277
0.51971298  	0.0064104870	0.00030499609
0.52007693  	0.0060890093	0.00030568251
0.52044094  	0.0063452274	0.00030803747
0.52080494  	0.0068147928	0.00030911516
0.52116889  	0.0065299571	0.00030992279
0.52153289  	0.0062497482	0.00031179111
0.52189684  	0.0062922910	0.00031146477
0.52226084  	0.0069199055	0.00031306269
0.52262479  	0.0062329322	0.00031353027
0.52298880  	0.0056345165	0.00031522027
0.52335274  	0.0069337338	0.00031635788
0.52371675  	0.0057725981	0.00031709103
0.52408069  	0.0061301440	0.00031799037
0.52444470  	0.0064481944	0.00031825344
0.52480865  	0.0063553303	0.00031719403
0.52517265  	0.0061750188	0.00031636149
0.52553660  	0.0063677132	0.00031646539
0.52590060  	0.0060184598	0.00031589094
0.52626455  	0.0064058378	0.00031598427
0.52662855  	0.0060343444	0.00031590645
0.52699250  	0.0063989162	0.00031652421
0.52735651  	0.0059740618	0.00031915025
0.52772045  	0.0065411106	0.00032136959
0.52808446  	0.0064200759	0.00032211130
0.52844840  	0.0062083602	0.00032314615
0.52881241  	0.0066463426	0.00032527550
0.52917635  	0.0061223581	0.00032757130
0.52954036  	0.0068285018	0.00032949951
0.52990431  	0.0066251159	0.00033201472
0.53026831  	0.0061672553	0.00033320551
0.53063232  	0.0066149607	0.00033552275
0.53099626  	0.0065316558	0.00033746831
0.53136027  	0.0063948408	0.00034010826
0.53172421  	0.0061065704	0.00034146503
0.53208822  	0.0067445114	0.00034220493
0.53245217  	0.0064788684	0.00034251250
0.53281617  	0.0065396279	0.00034299024
0.53318012  	0.0059731975	0.00034225028
0.53354412  	0.0059979782	0.00034360687
0.53390807  	0.0062673166	0.00034469925
0.53427207  	0.0064313337	0.00034616419
0.53463602  	0.0059971809	0.00034853019
0.53500003  	0.0059214234	0.00035087473
0.53536397  	0.0063065141	0.00035451201
0.53572798  	0.0061253756	0.00035873640
0.53609192  	0.0057032257	0.00036220191
0.53645593  	0.0069644302	0.00036759663
0.53681988  	0.0067082494	0.00037173883
0.53718388  	0.0062976032	0.00037748160
0.53754783  	0.0065840036	0.00038155421
0.53791183  	0.0069952682	0.00038847124
0.53827578  	0.0062808245	0.00039151529
0.53863978  	0.0056871921	0.00039853519
0.53900373  	0.0057668164	0.00040569570
0.53936774  	0.0058071241	0.00041397568
0.53973168  	0.0061292648	0.00042176500
0.54009569  	0.0061278418	0.00042939495
0.54045963  	0.0057192147	0.00043913419
0.54082364  	0.0051716268	0.00045210076
0.54118764  	0.0054886118	0.00046663528
0.54155159  	0.0055029839	0.00048115198
0.54191560  	0.0057897866	0.00050267763
0.54227954  	0.0055831000	0.00052374246
0.54264355  	0.0056930780	0.00054778357
0.54300749  	0.0062636957	0.00058947626
0.54337150  	0.0057285652	0.00067368959
0.54373544  	0.0052146427	0.00084382715
0.54409945  	0.0051089153	0.0018914908
0.54446340  	-0.0022952911	0.0056320857
0.54482740  	0.0000000   	0.0000000
0.54519135  	0.0000000   	0.0000000
0.54555535  	0.0000000   	0.0000000
0.54591930  	0.0000000   	0.0000000
0.54628330  	0.0000000   	0.0000000
0.54664725  	0.0000000   	0.0000000
0.54701126  	0.0000000   	0.0000000
0.54737520  	0.0000000   	0.0000000
0.54773921  	0.0000000   	0.0000000
0.54810315  	0.0000000   	0.0000000
0.54846716  	0.0000000   	0.0000000
0.54883111  	0.0000000   	0.0000000
0.54919511  	0.0000000   	0.0000000
0.54955906  	0.0000000   	0.0000000
0.54992306  	0.0000000   	0.0000000
0.55028701  	0.0000000   	0.0000000
0.55065101  	0.0000000   	0.0000000
0.55101496  	0.0000000   	0.0000000
0.55137897  	0.0000000   	0.0000000
0.55174297  	0.0000000   	0.0000000
0.55210692  	0.0000000   	0.0000000
0.55247092  	0.0000000   	0.0000000
0.55283487  	0.0000000   	0.0000000
0.55319887  	0.0000000   	0.0000000
0.55356282  	0.0000000   	0.0000000
0.55392683  	0.0000000   	0.0000000
0.55429077  	0.0000000   	0.0000000
0.55465478  	0.0000000   	0.0000000
0.55501872  	0.0000000   	0.0000000
0.55538273  	0.0000000   	0.0000000
0.55574667  	0.0000000   	0.0000000
0.55611068  	0.0000000   	0.0000000
0.55647463  	0.0000000   	0.0000000
0.55683863  	0.0000000   	0.0000000
0.55720258  	0.0000000   	0.0000000
0.55756658  	0.0000000   	0.0000000
0.55793053  	0.0000000   	0.0000000
0.55829453  	0.0000000   	0.0000000
0.55865848  	0.0000000   	0.0000000
