 Extrapolation to c=0 from: Subtr00.dat Subtr01.dat Subtr02.dat Subtr03.dat                                                                                                                                                                                     
Subtr00.dat   Conc = .15E+01  Mult = .81E+01  N1 =    1  N2 =  794  SCALE =  1
Subtr01.dat   Conc = .30E+01  Mult = .40E+01  N1 =    1  N2 =  794  SCALE =  1
Subtr02.dat   Conc = .60E+01  Mult = .20E+01  N1 =    1  N2 =  794  SCALE =  1
Subtr03.dat   Conc = .12E+02  Mult = .10E+01  N1 =    1  N2 =  794  SCALE =  1
 0.000000E+00  0.431900E-09  0.309170E-09
 0.500000E-03  0.640456E-09  0.280432E-09
 0.100000E-02  0.708659E-09  0.233700E-09
 0.150000E-02  0.737880E-09  0.203186E-09
 0.200000E-02  0.754112E-09  0.181913E-09
 0.250000E-02  0.764441E-09  0.166092E-09
 0.300000E-02  0.771591E-09  0.153760E-09
 0.350000E-02  0.776834E-09  0.143806E-09
 0.400000E-02  0.780844E-09  0.135556E-09
 0.449900E-02  0.784003E-09  0.128589E-09
 0.499900E-02 -0.172795E-01  0.236347E-01
 0.549900E-02  0.163618E-02  0.868668E-02
 0.599900E-02  0.173553E-01  0.591381E-02
 0.649900E-02  0.215342E-01  0.434209E-02
 0.699900E-02  0.286304E-01  0.377153E-02
 0.749900E-02  0.179532E-01  0.290784E-02
 0.799900E-02  0.300410E-01  0.273710E-02
 0.849900E-02  0.188518E-01  0.249545E-02
 0.899900E-02  0.283474E-01  0.203475E-02
 0.949900E-02  0.297451E-01  0.188578E-02
 0.999900E-02  0.294142E-01  0.151036E-02
 0.104990E-01  0.303680E-01  0.145957E-02
 0.109990E-01  0.331353E-01  0.134831E-02
 0.114990E-01  0.263015E-01  0.113265E-02
 0.119990E-01  0.364014E-01  0.851830E-03
 0.124990E-01  0.346139E-01  0.883552E-03
 0.129990E-01  0.324334E-01  0.865446E-03
 0.134980E-01  0.308635E-01  0.911334E-03
 0.139980E-01  0.338234E-01  0.644886E-03
 0.144980E-01  0.325981E-01  0.586963E-03
 0.149980E-01  0.324876E-01  0.612141E-03
 0.154980E-01  0.327980E-01  0.503489E-03
 0.159980E-01  0.314540E-01  0.460421E-03
 0.164980E-01  0.348403E-01  0.419526E-03
 0.169980E-01  0.329685E-01  0.470252E-03
 0.174980E-01  0.328578E-01  0.471479E-03
 0.179980E-01  0.329341E-01  0.377264E-03
 0.184980E-01  0.334182E-01  0.358252E-03
 0.189980E-01  0.332820E-01  0.319129E-03
 0.194980E-01  0.333891E-01  0.254625E-03
 0.199980E-01  0.321199E-01  0.293121E-03
 0.204980E-01  0.338059E-01  0.263778E-03
 0.209980E-01  0.339050E-01  0.272942E-03
 0.214980E-01  0.331773E-01  0.344029E-03
 0.219970E-01  0.331576E-01  0.260837E-03
 0.224970E-01  0.345216E-01  0.241835E-03
 0.229970E-01  0.332582E-01  0.229957E-03
 0.234970E-01  0.340108E-01  0.212543E-03
 0.239970E-01  0.325127E-01  0.198564E-03
 0.244970E-01  0.340415E-01  0.198568E-03
 0.249970E-01  0.336911E-01  0.193825E-03
 0.254970E-01  0.333718E-01  0.176486E-03
 0.259970E-01  0.335678E-01  0.161123E-03
 0.264970E-01  0.333593E-01  0.176401E-03
 0.269970E-01  0.332386E-01  0.169344E-03
 0.274970E-01  0.334382E-01  0.166175E-03
 0.279970E-01  0.337080E-01  0.138198E-03
 0.284970E-01  0.326597E-01  0.168462E-03
 0.289970E-01  0.332705E-01  0.165419E-03
 0.294970E-01  0.331733E-01  0.133083E-03
 0.299970E-01  0.338415E-01  0.127047E-03
 0.304970E-01  0.327107E-01  0.123066E-03
 0.309960E-01  0.335126E-01  0.155330E-03
 0.314960E-01  0.333790E-01  0.139950E-03
 0.319960E-01  0.329419E-01  0.142898E-03
 0.324960E-01  0.330433E-01  0.122183E-03
 0.329960E-01  0.323789E-01  0.131096E-03
 0.334960E-01  0.328834E-01  0.105736E-03
 0.339960E-01  0.328480E-01  0.120561E-03
 0.344960E-01  0.326625E-01  0.115420E-03
 0.349960E-01  0.324401E-01  0.116947E-03
 0.354960E-01  0.327823E-01  0.120698E-03
 0.359960E-01  0.321387E-01  0.107726E-03
 0.364960E-01  0.318456E-01  0.112580E-03
 0.369960E-01  0.325238E-01  0.116886E-03
 0.374960E-01  0.318370E-01  0.957381E-04
 0.379960E-01  0.324139E-01  0.105750E-03
 0.384960E-01  0.322590E-01  0.106747E-03
 0.389960E-01  0.313887E-01  0.108349E-03
 0.394950E-01  0.316048E-01  0.112988E-03
 0.399950E-01  0.314426E-01  0.100769E-03
 0.404950E-01  0.322774E-01  0.812891E-04
 0.409950E-01  0.316697E-01  0.102881E-03
 0.414950E-01  0.318254E-01  0.790380E-04
 0.419950E-01  0.315238E-01  0.772191E-04
 0.424950E-01  0.310967E-01  0.856049E-04
 0.429950E-01  0.313793E-01  0.967211E-04
 0.434950E-01  0.310363E-01  0.805931E-04
 0.439950E-01  0.309641E-01  0.728868E-04
 0.444950E-01  0.309098E-01  0.703494E-04
 0.449950E-01  0.308706E-01  0.890479E-04
 0.454950E-01  0.303848E-01  0.953330E-04
 0.459950E-01  0.307473E-01  0.684183E-04
 0.464950E-01  0.306892E-01  0.712513E-04
 0.469950E-01  0.307373E-01  0.705299E-04
 0.474950E-01  0.303645E-01  0.738164E-04
 0.479950E-01  0.299211E-01  0.828287E-04
 0.484940E-01  0.304518E-01  0.709206E-04
 0.489940E-01  0.303671E-01  0.708949E-04
 0.494940E-01  0.300269E-01  0.798382E-04
 0.499940E-01  0.301916E-01  0.659327E-04
 0.509940E-01  0.295740E-01  0.657810E-04
 0.519940E-01  0.297476E-01  0.516208E-04
 0.529940E-01  0.296925E-01  0.464115E-04
 0.539940E-01  0.292025E-01  0.470392E-04
 0.549940E-01  0.289718E-01  0.576181E-04
 0.559940E-01  0.285698E-01  0.501826E-04
 0.569930E-01  0.285886E-01  0.532373E-04
 0.579930E-01  0.281669E-01  0.522233E-04
 0.589930E-01  0.284576E-01  0.420249E-04
 0.599930E-01  0.278734E-01  0.443933E-04
 0.609930E-01  0.275203E-01  0.403524E-04
 0.619930E-01  0.275214E-01  0.497663E-04
 0.629930E-01  0.273215E-01  0.418352E-04
 0.639930E-01  0.267753E-01  0.504626E-04
 0.649930E-01  0.265753E-01  0.456404E-04
 0.659920E-01  0.265682E-01  0.452427E-04
 0.669920E-01  0.264878E-01  0.436311E-04
 0.679920E-01  0.262512E-01  0.408435E-04
 0.689920E-01  0.256534E-01  0.426354E-04
 0.699920E-01  0.254890E-01  0.401913E-04
 0.709920E-01  0.253973E-01  0.449933E-04
 0.719920E-01  0.249936E-01  0.375878E-04
 0.729920E-01  0.243698E-01  0.371055E-04
 0.739920E-01  0.245208E-01  0.430064E-04
 0.749910E-01  0.245000E-01  0.405075E-04
 0.759910E-01  0.240907E-01  0.382078E-04
 0.769910E-01  0.237346E-01  0.320959E-04
 0.779910E-01  0.235786E-01  0.363302E-04
 0.789910E-01  0.238264E-01  0.304239E-04
 0.799910E-01  0.228367E-01  0.363701E-04
 0.809910E-01  0.228346E-01  0.322729E-04
 0.819910E-01  0.222962E-01  0.387775E-04
 0.829910E-01  0.220911E-01  0.387526E-04
 0.839900E-01  0.220187E-01  0.317799E-04
 0.849900E-01  0.214075E-01  0.279550E-04
 0.859900E-01  0.213838E-01  0.322296E-04
 0.869900E-01  0.211493E-01  0.272182E-04
 0.879900E-01  0.207406E-01  0.329392E-04
 0.889900E-01  0.205986E-01  0.310664E-04
 0.899900E-01  0.203105E-01  0.374191E-04
 0.909900E-01  0.200125E-01  0.315558E-04
 0.919890E-01  0.201332E-01  0.318304E-04
 0.929890E-01  0.197202E-01  0.359394E-04
 0.939890E-01  0.191603E-01  0.336519E-04
 0.949890E-01  0.191045E-01  0.315405E-04
 0.959890E-01  0.190991E-01  0.282924E-04
 0.969890E-01  0.183534E-01  0.302432E-04
 0.979890E-01  0.185121E-01  0.319230E-04
 0.989890E-01  0.181146E-01  0.291245E-04
 0.999890E-01  0.179381E-01  0.265893E-04
 0.100988E+00  0.174756E-01  0.302583E-04
 0.101988E+00  0.174748E-01  0.297019E-04
 0.102988E+00  0.171508E-01  0.306086E-04
 0.103988E+00  0.167271E-01  0.263438E-04
 0.104988E+00  0.169061E-01  0.293467E-04
 0.105988E+00  0.160413E-01  0.264068E-04
 0.106988E+00  0.164869E-01  0.247817E-04
 0.107988E+00  0.157213E-01  0.279973E-04
 0.108988E+00  0.154592E-01  0.300420E-04
 0.109987E+00  0.154277E-01  0.278863E-04
 0.110987E+00  0.150953E-01  0.229731E-04
 0.111987E+00  0.149330E-01  0.276762E-04
 0.112987E+00  0.148306E-01  0.248418E-04
 0.113987E+00  0.146331E-01  0.257246E-04
 0.114987E+00  0.142240E-01  0.281694E-04
 0.115987E+00  0.141472E-01  0.277226E-04
 0.116987E+00  0.141074E-01  0.230671E-04
 0.117987E+00  0.136514E-01  0.242884E-04
 0.118986E+00  0.133888E-01  0.248828E-04
 0.119986E+00  0.133306E-01  0.241697E-04
 0.120986E+00  0.129140E-01  0.227503E-04
 0.121986E+00  0.123735E-01  0.196386E-04
 0.122986E+00  0.123813E-01  0.239191E-04
 0.123986E+00  0.125916E-01  0.241057E-04
 0.124986E+00  0.116947E-01  0.243898E-04
 0.125986E+00  0.118629E-01  0.247888E-04
 0.126985E+00  0.114750E-01  0.261344E-04
 0.127985E+00  0.116140E-01  0.228110E-04
 0.128985E+00  0.111586E-01  0.263380E-04
 0.129985E+00  0.108877E-01  0.225749E-04
 0.130985E+00  0.106552E-01  0.194430E-04
 0.131985E+00  0.107162E-01  0.234534E-04
 0.132985E+00  0.102914E-01  0.218522E-04
 0.133985E+00  0.101868E-01  0.191296E-04
 0.134985E+00  0.963832E-02  0.261347E-04
 0.135984E+00  0.973879E-02  0.231252E-04
 0.136984E+00  0.941048E-02  0.248372E-04
 0.137984E+00  0.950994E-02  0.215126E-04
 0.138984E+00  0.922291E-02  0.213800E-04
 0.139984E+00  0.889030E-02  0.192717E-04
 0.140984E+00  0.880747E-02  0.230780E-04
 0.141984E+00  0.861406E-02  0.220510E-04
 0.142984E+00  0.848127E-02  0.197925E-04
 0.143984E+00  0.803705E-02  0.240350E-04
 0.144983E+00  0.804877E-02  0.221306E-04
 0.145983E+00  0.795743E-02  0.239156E-04
 0.146983E+00  0.755968E-02  0.190668E-04
 0.147983E+00  0.772492E-02  0.225729E-04
 0.148983E+00  0.731036E-02  0.218526E-04
 0.149983E+00  0.730214E-02  0.182719E-04
 0.150983E+00  0.714774E-02  0.209046E-04
 0.151983E+00  0.700501E-02  0.209280E-04
 0.152983E+00  0.681522E-02  0.181188E-04
 0.153982E+00  0.648601E-02  0.214805E-04
 0.154982E+00  0.687477E-02  0.260221E-04
 0.155982E+00  0.634634E-02  0.235211E-04
 0.156982E+00  0.618739E-02  0.222658E-04
 0.157982E+00  0.594849E-02  0.203045E-04
 0.158982E+00  0.580549E-02  0.184915E-04
 0.159982E+00  0.579091E-02  0.188377E-04
 0.160982E+00  0.521432E-02  0.174527E-04
 0.161981E+00  0.546628E-02  0.185330E-04
 0.162981E+00  0.544490E-02  0.183292E-04
 0.163981E+00  0.545421E-02  0.202225E-04
 0.164981E+00  0.482348E-02  0.211544E-04
 0.165981E+00  0.486552E-02  0.244253E-04
 0.166981E+00  0.488882E-02  0.217050E-04
 0.167981E+00  0.458685E-02  0.179025E-04
 0.168981E+00  0.457011E-02  0.176562E-04
 0.169981E+00  0.424755E-02  0.211654E-04
 0.170980E+00  0.436235E-02  0.184644E-04
 0.171980E+00  0.434655E-02  0.182578E-04
 0.172980E+00  0.441332E-02  0.169937E-04
 0.173980E+00  0.386912E-02  0.157799E-04
 0.174980E+00  0.385923E-02  0.207380E-04
 0.175980E+00  0.381298E-02  0.176472E-04
 0.176980E+00  0.379793E-02  0.152892E-04
 0.177980E+00  0.364706E-02  0.160550E-04
 0.178980E+00  0.346822E-02  0.173212E-04
 0.179979E+00  0.321326E-02  0.184269E-04
 0.180979E+00  0.346096E-02  0.181821E-04
 0.181979E+00  0.336468E-02  0.145709E-04
 0.182979E+00  0.345463E-02  0.175346E-04
 0.183979E+00  0.297180E-02  0.163677E-04
 0.184979E+00  0.303216E-02  0.171508E-04
 0.185979E+00  0.302222E-02  0.161612E-04
 0.186979E+00  0.281940E-02  0.138312E-04
 0.187979E+00  0.262914E-02  0.143934E-04
 0.188978E+00  0.274033E-02  0.138388E-04
 0.189978E+00  0.267601E-02  0.169244E-04
 0.190978E+00  0.264215E-02  0.166442E-04
 0.191978E+00  0.240897E-02  0.169094E-04
 0.192978E+00  0.267749E-02  0.144819E-04
 0.193978E+00  0.216554E-02  0.155943E-04
 0.194978E+00  0.225480E-02  0.135961E-04
 0.195978E+00  0.222950E-02  0.133473E-04
 0.196977E+00  0.194334E-02  0.153979E-04
 0.197977E+00  0.220023E-02  0.146826E-04
 0.198977E+00  0.202546E-02  0.142670E-04
 0.199977E+00  0.199951E-02  0.135363E-04
 0.200977E+00  0.189131E-02  0.120248E-04
 0.201977E+00  0.195418E-02  0.139691E-04
 0.202977E+00  0.167999E-02  0.145137E-04
 0.203977E+00  0.184920E-02  0.146466E-04
 0.204977E+00  0.179837E-02  0.150688E-04
 0.205976E+00  0.159257E-02  0.156851E-04
 0.206976E+00  0.169622E-02  0.157388E-04
 0.207976E+00  0.150148E-02  0.172910E-04
 0.208976E+00  0.134181E-02  0.156098E-04
 0.209976E+00  0.131800E-02  0.118672E-04
 0.210976E+00  0.133059E-02  0.142203E-04
 0.211976E+00  0.146956E-02  0.149246E-04
 0.212976E+00  0.135239E-02  0.124402E-04
 0.213976E+00  0.136095E-02  0.137723E-04
 0.214975E+00  0.128880E-02  0.136225E-04
 0.215975E+00  0.125227E-02  0.151875E-04
 0.216975E+00  0.127497E-02  0.133474E-04
 0.217975E+00  0.106350E-02  0.134963E-04
 0.218975E+00  0.105262E-02  0.120581E-04
 0.219975E+00  0.106367E-02  0.138123E-04
 0.220975E+00  0.102394E-02  0.108238E-04
 0.221975E+00  0.108644E-02  0.128072E-04
 0.222975E+00  0.105297E-02  0.148777E-04
 0.223974E+00  0.108372E-02  0.135187E-04
 0.224974E+00  0.100839E-02  0.129984E-04
 0.225974E+00  0.112310E-02  0.122845E-04
 0.226974E+00  0.897829E-03  0.139397E-04
 0.227974E+00  0.945282E-03  0.127232E-04
 0.228974E+00  0.932911E-03  0.132929E-04
 0.229974E+00  0.929583E-03  0.143552E-04
 0.230974E+00  0.794043E-03  0.116754E-04
 0.231973E+00  0.805917E-03  0.126397E-04
 0.232973E+00  0.774242E-03  0.124819E-04
 0.233973E+00  0.898183E-03  0.117539E-04
 0.234973E+00  0.802527E-03  0.138447E-04
 0.235973E+00  0.795780E-03  0.121402E-04
 0.236973E+00  0.764465E-03  0.135049E-04
 0.237973E+00  0.651251E-03  0.122907E-04
 0.238973E+00  0.597271E-03  0.146220E-04
 0.239973E+00  0.662336E-03  0.105992E-04
 0.240972E+00  0.867214E-03  0.127749E-04
 0.241972E+00  0.722735E-03  0.115143E-04
 0.242972E+00  0.868545E-03  0.140262E-04
 0.243972E+00  0.481538E-03  0.129643E-04
 0.244972E+00  0.791026E-03  0.117728E-04
 0.245972E+00  0.767008E-03  0.121740E-04
 0.246972E+00  0.678402E-03  0.116172E-04
 0.247972E+00  0.609003E-03  0.121262E-04
 0.248972E+00  0.699968E-03  0.113094E-04
 0.249971E+00  0.436123E-03  0.139678E-04
 0.250971E+00  0.638396E-03  0.985608E-05
 0.251971E+00  0.649722E-03  0.136221E-04
 0.252971E+00  0.757732E-03  0.127843E-04
 0.253971E+00  0.490606E-03  0.995774E-05
 0.254971E+00  0.604323E-03  0.132261E-04
 0.255971E+00  0.621578E-03  0.129994E-04
 0.256971E+00  0.563803E-03  0.113106E-04
 0.257971E+00  0.457662E-03  0.117736E-04
 0.258970E+00  0.685292E-03  0.114317E-04
 0.259970E+00  0.447103E-03  0.107331E-04
 0.260970E+00  0.633475E-03  0.975749E-05
 0.261970E+00  0.423911E-03  0.107661E-04
 0.262970E+00  0.479793E-03  0.101312E-04
 0.263970E+00  0.615924E-03  0.122553E-04
 0.264970E+00  0.622891E-03  0.114704E-04
 0.265970E+00  0.542431E-03  0.117713E-04
 0.266969E+00  0.366924E-03  0.122183E-04
 0.267969E+00  0.329647E-03  0.111079E-04
 0.268969E+00  0.504884E-03  0.971295E-05
 0.269969E+00  0.349366E-03  0.113755E-04
 0.270969E+00  0.578396E-03  0.977855E-05
 0.271969E+00  0.600503E-03  0.107503E-04
 0.272969E+00  0.192679E-03  0.994306E-05
 0.273969E+00  0.494650E-03  0.100068E-04
 0.274969E+00  0.737696E-03  0.103548E-04
 0.275968E+00  0.411747E-03  0.949830E-05
 0.276968E+00  0.527307E-03  0.104165E-04
 0.277968E+00  0.318541E-03  0.128453E-04
 0.278968E+00  0.618612E-03  0.933852E-05
 0.279968E+00  0.592385E-03  0.116173E-04
 0.280968E+00  0.566439E-03  0.105584E-04
 0.281968E+00  0.631842E-03  0.112702E-04
 0.282968E+00  0.443574E-03  0.103518E-04
 0.283968E+00  0.505173E-03  0.115517E-04
 0.284967E+00  0.539996E-03  0.113311E-04
 0.285967E+00  0.554326E-03  0.116006E-04
 0.286967E+00  0.487867E-03  0.128396E-04
 0.287967E+00  0.615916E-03  0.122013E-04
 0.288967E+00  0.684535E-03  0.109660E-04
 0.289967E+00  0.447112E-03  0.100678E-04
 0.290967E+00  0.510568E-03  0.127211E-04
 0.291967E+00  0.727186E-03  0.118312E-04
 0.292967E+00  0.666146E-03  0.107010E-04
 0.293966E+00  0.594877E-03  0.109373E-04
 0.294966E+00  0.508686E-03  0.101976E-04
 0.295966E+00  0.651347E-03  0.110182E-04
 0.296966E+00  0.265365E-03  0.130480E-04
 0.297966E+00  0.673723E-03  0.114891E-04
 0.298966E+00  0.564361E-03  0.112616E-04
 0.299966E+00  0.592446E-03  0.109617E-04
 0.300966E+00  0.430923E-03  0.938291E-05
 0.301965E+00  0.715405E-03  0.102021E-04
 0.302965E+00  0.593801E-03  0.970924E-05
 0.303965E+00  0.758025E-03  0.984511E-05
 0.304965E+00  0.636243E-03  0.108115E-04
 0.305965E+00  0.785576E-03  0.119381E-04
 0.306965E+00  0.692884E-03  0.109749E-04
 0.307965E+00  0.419322E-03  0.106288E-04
 0.308965E+00  0.574099E-03  0.116103E-04
 0.309965E+00  0.590561E-03  0.102392E-04
 0.310964E+00  0.563857E-03  0.104526E-04
 0.311964E+00  0.717010E-03  0.117263E-04
 0.312964E+00  0.429860E-03  0.115295E-04
 0.313964E+00  0.617584E-03  0.103069E-04
 0.314964E+00  0.577325E-03  0.104045E-04
 0.315964E+00  0.609249E-03  0.907280E-05
 0.316964E+00  0.559817E-03  0.105848E-04
 0.317964E+00  0.765604E-03  0.888901E-05
 0.318964E+00  0.530372E-03  0.116727E-04
 0.319963E+00  0.580048E-03  0.107390E-04
 0.320963E+00  0.674861E-03  0.975444E-05
 0.321963E+00  0.529010E-03  0.122272E-04
 0.322963E+00  0.543365E-03  0.942404E-05
 0.323963E+00  0.738864E-03  0.112712E-04
 0.324963E+00  0.642724E-03  0.894247E-05
 0.325963E+00  0.415592E-03  0.989796E-05
 0.326963E+00  0.497973E-03  0.967223E-05
 0.327963E+00  0.508730E-03  0.107133E-04
 0.328962E+00  0.546302E-03  0.901564E-05
 0.329962E+00  0.547691E-03  0.933333E-05
 0.330962E+00  0.463087E-03  0.107202E-04
 0.331962E+00  0.712968E-03  0.910797E-05
 0.332962E+00  0.663498E-03  0.107722E-04
 0.333962E+00  0.586803E-03  0.101197E-04
 0.334962E+00  0.574678E-03  0.933168E-05
 0.335962E+00  0.529281E-03  0.923989E-05
 0.336961E+00  0.552223E-03  0.919457E-05
 0.337961E+00  0.503349E-03  0.101484E-04
 0.338961E+00  0.606063E-03  0.927095E-05
 0.339961E+00  0.563867E-03  0.902240E-05
 0.340961E+00  0.606254E-03  0.947170E-05
 0.341961E+00  0.614607E-03  0.847237E-05
 0.342961E+00  0.564929E-03  0.859052E-05
 0.343961E+00  0.636532E-03  0.953773E-05
 0.344961E+00  0.396156E-03  0.100152E-04
 0.345960E+00  0.643259E-03  0.105852E-04
 0.346960E+00  0.556574E-03  0.930825E-05
 0.347960E+00  0.605429E-03  0.860585E-05
 0.348960E+00  0.560099E-03  0.879890E-05
 0.349960E+00  0.711883E-03  0.946102E-05
 0.350960E+00  0.789947E-03  0.796745E-05
 0.351960E+00  0.582478E-03  0.971992E-05
 0.352960E+00  0.551421E-03  0.976361E-05
 0.353960E+00  0.682965E-03  0.750396E-05
 0.354959E+00  0.608160E-03  0.733684E-05
 0.355959E+00  0.474422E-03  0.720163E-05
 0.356959E+00  0.722415E-03  0.841821E-05
 0.357959E+00  0.627612E-03  0.811670E-05
 0.358959E+00  0.563312E-03  0.826377E-05
 0.359959E+00  0.577059E-03  0.762490E-05
 0.360959E+00  0.687533E-03  0.786225E-05
 0.361959E+00  0.568151E-03  0.107189E-04
 0.362959E+00  0.478234E-03  0.724707E-05
 0.363958E+00  0.523324E-03  0.778629E-05
 0.364958E+00  0.658664E-03  0.867502E-05
 0.365958E+00  0.597611E-03  0.791981E-05
 0.366958E+00  0.591390E-03  0.835790E-05
 0.367958E+00  0.624328E-03  0.862154E-05
 0.368958E+00  0.681881E-03  0.102272E-04
 0.369958E+00  0.616509E-03  0.819752E-05
 0.370958E+00  0.477119E-03  0.947009E-05
 0.371957E+00  0.587875E-03  0.842271E-05
 0.372957E+00  0.521132E-03  0.767796E-05
 0.373957E+00  0.692409E-03  0.873260E-05
 0.374957E+00  0.556536E-03  0.810535E-05
 0.375957E+00  0.436882E-03  0.901368E-05
 0.376957E+00  0.507367E-03  0.728145E-05
 0.377957E+00  0.635898E-03  0.814845E-05
 0.378957E+00  0.527623E-03  0.806258E-05
 0.379957E+00  0.592703E-03  0.856207E-05
 0.380956E+00  0.577039E-03  0.718337E-05
 0.381956E+00  0.454945E-03  0.656682E-05
 0.382956E+00  0.431705E-03  0.890212E-05
 0.383956E+00  0.647532E-03  0.776152E-05
 0.384956E+00  0.575143E-03  0.654954E-05
 0.385956E+00  0.549472E-03  0.722254E-05
 0.386956E+00  0.454383E-03  0.767598E-05
 0.387956E+00  0.433584E-03  0.769261E-05
 0.388956E+00  0.446570E-03  0.813018E-05
 0.389955E+00  0.552711E-03  0.893406E-05
 0.390955E+00  0.544888E-03  0.890347E-05
 0.391955E+00  0.300129E-03  0.683948E-05
 0.392955E+00  0.641014E-03  0.525217E-05
 0.393955E+00  0.743161E-03  0.726146E-05
 0.394955E+00  0.251512E-03  0.846575E-05
 0.395955E+00  0.563228E-03  0.802669E-05
 0.396955E+00  0.658857E-03  0.764635E-05
 0.397955E+00  0.566490E-03  0.757360E-05
 0.398954E+00  0.498139E-03  0.846707E-05
 0.399954E+00  0.502160E-03  0.625854E-05
 0.400954E+00  0.555397E-03  0.850924E-05
 0.401954E+00  0.412199E-03  0.750861E-05
 0.402954E+00  0.459480E-03  0.856269E-05
 0.403954E+00  0.528913E-03  0.756400E-05
 0.404954E+00  0.546714E-03  0.724985E-05
 0.405954E+00  0.505669E-03  0.856878E-05
 0.406953E+00  0.512959E-03  0.704590E-05
 0.407953E+00  0.418948E-03  0.725994E-05
 0.408953E+00  0.483221E-03  0.743882E-05
 0.409953E+00  0.562668E-03  0.692165E-05
 0.410953E+00  0.623154E-03  0.741553E-05
 0.411953E+00  0.391095E-03  0.806917E-05
 0.412953E+00  0.528074E-03  0.762260E-05
 0.413953E+00  0.601294E-03  0.826076E-05
 0.414953E+00  0.307089E-03  0.902459E-05
 0.415952E+00  0.526431E-03  0.738977E-05
 0.416952E+00  0.440249E-03  0.765819E-05
 0.417952E+00  0.401630E-03  0.610743E-05
 0.418952E+00  0.457520E-03  0.740491E-05
 0.419952E+00  0.401082E-03  0.726036E-05
 0.420952E+00  0.334897E-03  0.833530E-05
 0.421952E+00  0.561812E-03  0.877674E-05
 0.422952E+00  0.483778E-03  0.769340E-05
 0.423952E+00  0.338366E-03  0.850223E-05
 0.424951E+00  0.585590E-03  0.780110E-05
 0.425951E+00  0.512904E-03  0.865009E-05
 0.426951E+00  0.551785E-03  0.796273E-05
 0.427951E+00  0.407015E-03  0.781575E-05
 0.428951E+00  0.402685E-03  0.881430E-05
 0.429951E+00  0.366458E-03  0.773509E-05
 0.430951E+00  0.469904E-03  0.946310E-05
 0.431951E+00  0.450780E-03  0.798043E-05
 0.432951E+00  0.308636E-03  0.707597E-05
 0.433950E+00  0.401574E-03  0.682537E-05
 0.434950E+00  0.403723E-03  0.729836E-05
 0.435950E+00  0.472355E-03  0.756170E-05
 0.436950E+00  0.475839E-03  0.741378E-05
 0.437950E+00  0.409693E-03  0.616031E-05
 0.438950E+00  0.369409E-03  0.716602E-05
 0.439950E+00  0.428039E-03  0.772013E-05
 0.440950E+00  0.457490E-03  0.770117E-05
 0.441949E+00  0.498288E-03  0.729653E-05
 0.442949E+00  0.404791E-03  0.746767E-05
 0.443949E+00  0.348340E-03  0.693691E-05
 0.444949E+00  0.345086E-03  0.711070E-05
 0.445949E+00  0.385618E-03  0.719650E-05
 0.446949E+00  0.515001E-03  0.680993E-05
 0.447949E+00  0.409661E-03  0.664992E-05
 0.448949E+00  0.448008E-03  0.678545E-05
 0.449949E+00  0.496621E-03  0.633473E-05
 0.450948E+00  0.372093E-03  0.705264E-05
 0.451948E+00  0.308069E-03  0.692937E-05
 0.452948E+00  0.372620E-03  0.779303E-05
 0.453948E+00  0.303493E-03  0.709641E-05
 0.454948E+00  0.442589E-03  0.667432E-05
 0.455948E+00  0.399901E-03  0.589812E-05
 0.456948E+00  0.386941E-03  0.698863E-05
 0.457948E+00  0.340225E-03  0.619120E-05
 0.458948E+00  0.264821E-03  0.652520E-05
 0.459947E+00  0.469594E-03  0.754486E-05
 0.460947E+00  0.433664E-03  0.724466E-05
 0.461947E+00  0.387196E-03  0.786610E-05
 0.462947E+00  0.268079E-03  0.705274E-05
 0.463947E+00  0.335315E-03  0.614060E-05
 0.464947E+00  0.276451E-03  0.610816E-05
 0.465947E+00  0.319375E-03  0.775438E-05
 0.466947E+00  0.108398E-03  0.684259E-05
 0.467947E+00  0.438266E-03  0.766011E-05
 0.468946E+00  0.298049E-03  0.680204E-05
 0.469946E+00  0.381509E-03  0.734413E-05
 0.470946E+00  0.404739E-03  0.738211E-05
 0.471946E+00  0.428546E-03  0.802761E-05
 0.472946E+00  0.396120E-03  0.783287E-05
 0.473946E+00  0.322890E-03  0.663433E-05
 0.474946E+00  0.292102E-03  0.658562E-05
 0.475946E+00  0.297490E-03  0.580347E-05
 0.476945E+00  0.250997E-03  0.675506E-05
 0.477945E+00  0.316692E-03  0.656038E-05
 0.478945E+00  0.425278E-03  0.661327E-05
 0.479945E+00  0.490711E-03  0.770950E-05
 0.480945E+00  0.382973E-03  0.595634E-05
 0.481945E+00  0.448657E-03  0.717715E-05
 0.482945E+00  0.263642E-03  0.679936E-05
 0.483945E+00  0.162836E-03  0.739200E-05
 0.484945E+00  0.269791E-03  0.630743E-05
 0.485944E+00  0.324238E-03  0.657024E-05
 0.486944E+00  0.372711E-03  0.486961E-05
 0.487944E+00  0.278115E-03  0.555553E-05
 0.488944E+00  0.281409E-03  0.503251E-05
 0.489944E+00  0.255806E-03  0.623172E-05
 0.490944E+00  0.284949E-03  0.661155E-05
 0.491944E+00  0.296611E-03  0.641993E-05
 0.492944E+00  0.206066E-03  0.543085E-05
 0.493944E+00  0.980355E-04  0.554943E-05
 0.494943E+00  0.406563E-03  0.432796E-05
 0.495943E+00  0.355643E-03  0.576840E-05
 0.496943E+00  0.189100E-03  0.576026E-05
 0.497943E+00  0.148847E-03  0.521224E-05
 0.498943E+00  0.344289E-03  0.509683E-05
 0.499943E+00  0.444159E-03  0.601623E-05
 0.501943E+00  0.350107E-03  0.376114E-05
 0.503942E+00  0.342581E-03  0.388024E-05
 0.505942E+00  0.343197E-03  0.288370E-05
 0.507942E+00  0.365140E-03  0.394413E-05
 0.509942E+00  0.418627E-03  0.288785E-05
 0.511941E+00  0.354550E-03  0.319014E-05
 0.513941E+00  0.246160E-03  0.147266E-05
 0.515941E+00  0.440378E-03  0.260711E-05
 0.517941E+00  0.262097E-03  0.234555E-05
 0.519941E+00  0.249109E-03  0.231762E-05
 0.521940E+00  0.283012E-03  0.182750E-05
 0.523940E+00  0.300988E-03  0.158150E-05
 0.525940E+00  0.293717E-03  0.981021E-06
 0.527940E+00  0.195741E-03  0.175711E-05
 0.529939E+00  0.291926E-03  0.830662E-07
 0.531939E+00  0.398561E-03  0.131064E-05
 0.533939E+00  0.280070E-03  0.262293E-05
 0.535939E+00  0.422004E-03  0.372084E-06
 0.537939E+00  0.454562E-03  0.362672E-06
 0.539938E+00  0.322251E-03  0.168390E-06
 0.541938E+00  0.343647E-03 -0.105692E-05
 0.543938E+00  0.232524E-03  0.808103E-06
 0.545938E+00  0.236729E-03  0.623124E-07
 0.547937E+00  0.355319E-03 -0.114453E-06
 0.549937E+00  0.223585E-03  0.250823E-06
 0.551937E+00  0.332928E-03  0.782629E-06
 0.553937E+00  0.277757E-03 -0.952689E-06
 0.555936E+00  0.269297E-03  0.337339E-06
 0.557936E+00  0.435653E-03 -0.105637E-05
 0.559936E+00  0.297130E-03 -0.302494E-05
 0.561936E+00  0.282704E-03 -0.249457E-05
 0.563936E+00  0.273746E-03 -0.107154E-05
 0.565935E+00  0.329197E-03 -0.119833E-05
 0.567935E+00  0.401558E-03 -0.324702E-05
 0.569935E+00  0.284740E-03 -0.195118E-05
 0.571935E+00  0.367920E-03 -0.339765E-05
 0.573934E+00  0.375987E-03 -0.361049E-05
 0.575934E+00  0.240096E-03 -0.347996E-05
 0.577934E+00  0.462524E-03 -0.323313E-05
 0.579934E+00  0.267959E-03 -0.339242E-05
 0.581933E+00  0.472953E-03 -0.295587E-05
 0.583933E+00  0.402211E-03 -0.257594E-05
 0.585933E+00  0.375731E-03 -0.258842E-05
 0.587933E+00  0.395096E-03 -0.462761E-05
 0.589933E+00  0.185040E-03 -0.433690E-05
 0.591932E+00  0.335738E-03 -0.217518E-05
 0.593932E+00  0.359178E-03 -0.365207E-05
 0.595932E+00  0.454696E-03 -0.371324E-05
 0.597932E+00  0.340681E-03 -0.621057E-05
 0.599931E+00  0.387583E-03 -0.430468E-05
 0.601931E+00  0.286686E-03 -0.459417E-05
 0.603931E+00  0.314001E-03 -0.690256E-05
 0.605931E+00  0.316512E-03 -0.375029E-05
 0.607931E+00  0.522707E-03 -0.519402E-05
 0.609930E+00  0.359034E-03 -0.621791E-05
 0.611930E+00  0.383035E-03 -0.557799E-05
 0.613930E+00  0.370925E-03 -0.571373E-05
 0.615930E+00  0.378862E-03 -0.538843E-05
 0.617929E+00  0.325466E-03 -0.621004E-05
 0.619929E+00  0.263477E-03 -0.576198E-05
 0.621929E+00  0.243283E-03 -0.741048E-05
 0.623929E+00  0.410980E-03 -0.634716E-05
 0.625928E+00  0.300346E-03 -0.782181E-05
 0.627928E+00  0.464018E-03 -0.361249E-05
 0.629928E+00  0.294939E-03 -0.811753E-05
 0.631928E+00  0.488706E-03 -0.659154E-05
 0.633928E+00  0.266810E-03 -0.885384E-05
 0.635927E+00  0.393386E-03 -0.640390E-05
 0.637927E+00  0.365336E-03 -0.681028E-05
 0.639927E+00  0.282254E-03 -0.603101E-05
 0.641927E+00  0.366332E-03 -0.727898E-05
 0.643926E+00  0.521016E-03 -0.833093E-05
 0.645926E+00  0.314867E-03 -0.100763E-04
 0.647926E+00  0.359278E-03 -0.103688E-04
 0.649926E+00  0.438394E-03 -0.113729E-04
 0.651925E+00  0.351897E-03 -0.913021E-05
 0.653925E+00  0.360923E-03 -0.992256E-05
 0.655925E+00  0.368004E-03 -0.113967E-04
 0.657925E+00  0.379799E-03 -0.936518E-05
 0.659925E+00  0.268984E-03 -0.111106E-04
 0.661924E+00  0.464544E-03 -0.106781E-04
 0.663924E+00  0.406242E-03 -0.817663E-05
 0.665924E+00  0.412466E-03 -0.833361E-05
 0.667924E+00  0.352339E-03 -0.962345E-05
 0.669923E+00  0.389307E-03 -0.104775E-04
 0.671923E+00  0.428250E-03 -0.609532E-05
 0.673923E+00  0.508530E-03 -0.109932E-04
 0.675923E+00  0.366797E-03 -0.105605E-04
 0.677923E+00  0.228071E-03 -0.121806E-04
 0.679922E+00  0.357008E-03 -0.119061E-04
 0.681922E+00  0.329218E-03 -0.132351E-04
 0.683922E+00  0.466295E-03 -0.129491E-04
 0.685922E+00  0.270519E-03 -0.125539E-04
 0.687921E+00  0.365334E-03 -0.157549E-04
 0.689921E+00  0.288772E-03 -0.153693E-04
 0.691921E+00  0.237274E-03 -0.123045E-04
 0.693921E+00  0.362879E-03 -0.123777E-04
 0.695920E+00  0.166941E-03 -0.123387E-04
 0.697920E+00  0.378763E-03 -0.148534E-04
 0.699920E+00  0.290012E-03 -0.149517E-04
 0.701920E+00  0.335990E-03 -0.188832E-04
 0.703920E+00  0.359188E-03 -0.151295E-04
 0.705919E+00  0.244238E-03 -0.149113E-04
 0.707919E+00  0.185952E-03 -0.160067E-04
 0.709919E+00  0.301143E-03 -0.116694E-04
 0.711919E+00  0.379025E-03 -0.166588E-04
 0.713918E+00  0.293172E-03 -0.133464E-04
 0.715918E+00  0.202982E-03 -0.197455E-04
 0.717918E+00  0.392435E-03 -0.159688E-04
 0.719918E+00  0.543836E-03 -0.156697E-04
 0.721917E+00  0.130559E-03 -0.149108E-04
 0.723917E+00  0.312679E-03 -0.237071E-04
 0.725917E+00  0.369723E-03 -0.144621E-04
 0.727917E+00  0.464757E-04 -0.138189E-04
 0.729917E+00  0.282858E-03 -0.174120E-04
 0.731916E+00  0.306659E-03 -0.229005E-04
 0.733916E+00  0.181630E-03 -0.168449E-04
 0.735916E+00  0.116726E-03 -0.240123E-04
 0.737916E+00  0.437669E-03 -0.168638E-04
 0.739915E+00  0.319304E-03 -0.209159E-04
 0.741915E+00  0.490322E-03 -0.198422E-04
 0.743915E+00  0.544600E-03 -0.180858E-04
 0.745915E+00  0.388142E-03 -0.171516E-04
 0.747915E+00  0.206780E-03 -0.191031E-04
 0.749914E+00  0.271076E-03 -0.166086E-04
 0.751914E+00  0.258536E-03 -0.234300E-04
 0.753914E+00  0.162917E-03 -0.146630E-04
 0.755914E+00 -0.713656E-05 -0.159997E-04
 0.757913E+00  0.119213E-03 -0.224854E-04
 0.759913E+00  0.220630E-03 -0.201961E-04
 0.761913E+00  0.394028E-03 -0.221588E-04
 0.763913E+00  0.983090E-04 -0.206878E-04
 0.765912E+00  0.356624E-04 -0.188520E-04
 0.767912E+00  0.962302E-04 -0.186547E-04
 0.769912E+00  0.243671E-03 -0.211594E-04
 0.771912E+00  0.374026E-04 -0.223909E-04
 0.773912E+00  0.360677E-03 -0.269606E-04
 0.775911E+00  0.209554E-03 -0.207597E-04
 0.777911E+00  0.238699E-03 -0.211850E-04
 0.779911E+00  0.222312E-03 -0.230173E-04
 0.781911E+00  0.358890E-03 -0.185840E-04
 0.783910E+00  0.252673E-03 -0.150283E-04
 0.785910E+00  0.160889E-03 -0.172961E-04
 0.787910E+00  0.186670E-03 -0.231855E-04
 0.789910E+00 -0.287749E-04 -0.220851E-04
 0.791909E+00  0.135859E-03 -0.264985E-04
 0.793909E+00  0.315258E-03 -0.186433E-04
 0.795909E+00  0.297070E-03 -0.225371E-04
 0.797909E+00  0.189840E-03 -0.203622E-04
 0.799909E+00  0.260794E-03 -0.218237E-04
 0.801908E+00  0.329026E-03 -0.252331E-04
 0.803908E+00  0.311866E-03 -0.235953E-04
 0.805908E+00  0.327368E-03 -0.253747E-04
 0.807908E+00  0.317681E-04 -0.251519E-04
 0.809907E+00  0.495993E-03 -0.244091E-04
 0.811907E+00 -0.955772E-04 -0.277237E-04
 0.813907E+00  0.484502E-03 -0.261154E-04
 0.815907E+00  0.207164E-03 -0.252273E-04
 0.817907E+00  0.242995E-03 -0.312513E-04
 0.819906E+00  0.205164E-04 -0.235738E-04
 0.821906E+00  0.382526E-03 -0.272029E-04
 0.823906E+00  0.704452E-04 -0.308032E-04
 0.825906E+00  0.152519E-03 -0.329165E-04
 0.827905E+00  0.345741E-03 -0.313940E-04
 0.829905E+00  0.134532E-03 -0.312773E-04
 0.831905E+00  0.217628E-03 -0.229855E-04
 0.833905E+00  0.335737E-03 -0.239008E-04
 0.835904E+00  0.175124E-03 -0.313698E-04
 0.837904E+00 -0.178901E-03 -0.273214E-04
 0.839904E+00  0.816232E-04 -0.254861E-04
 0.841904E+00  0.244201E-03 -0.240850E-04
 0.843904E+00  0.247596E-03 -0.260777E-04
 0.845903E+00 -0.162315E-03 -0.352024E-04
 0.847903E+00  0.881955E-04 -0.286397E-04
 0.849903E+00  0.395921E-03 -0.276122E-04
 0.851903E+00  0.154542E-03 -0.330227E-04
 0.853902E+00  0.270008E-03 -0.331579E-04
 0.855902E+00  0.143361E-03 -0.264108E-04
 0.857902E+00  0.218638E-03 -0.288060E-04
 0.859902E+00  0.123784E-03 -0.223659E-04
 0.861901E+00  0.179658E-03 -0.303953E-04
 0.863901E+00  0.756625E-04 -0.298625E-04
 0.865901E+00  0.158734E-03 -0.324256E-04
 0.867901E+00  0.112638E-03 -0.361409E-04
 0.869901E+00  0.143572E-03 -0.273760E-04
 0.871900E+00  0.164644E-03 -0.304634E-04
 0.873900E+00 -0.384964E-04 -0.272065E-04
 0.875900E+00  0.466081E-05 -0.385235E-04
 0.877900E+00 -0.228591E-05 -0.289997E-04
 0.879899E+00  0.320414E-03 -0.294489E-04
 0.881899E+00  0.148013E-03 -0.302219E-04
 0.883899E+00  0.105593E-03 -0.288106E-04
 0.885899E+00  0.361542E-03 -0.321113E-04
 0.887899E+00  0.169656E-03 -0.363551E-04
 0.889898E+00 -0.118602E-03 -0.298915E-04
 0.891898E+00  0.358263E-03 -0.328428E-04
 0.893898E+00  0.419172E-04 -0.292359E-04
 0.895898E+00  0.457310E-04 -0.290664E-04
 0.897897E+00  0.255809E-03 -0.312199E-04
 0.899897E+00  0.177203E-03 -0.294243E-04
 0.901897E+00  0.272626E-03 -0.363840E-04
 0.903897E+00  0.256296E-03 -0.318204E-04
 0.905896E+00 -0.116382E-04 -0.324399E-04
 0.907896E+00  0.302286E-03 -0.405205E-04
 0.909896E+00  0.327349E-03 -0.345664E-04
 0.911896E+00  0.303756E-03 -0.354361E-04
 0.913896E+00  0.507879E-04 -0.299453E-04
 0.915895E+00  0.948157E-04 -0.317321E-04
 0.917895E+00 -0.121442E-03 -0.384665E-04
 0.919895E+00  0.393388E-05 -0.293859E-04
 0.921895E+00  0.260728E-03 -0.319884E-04
 0.923894E+00  0.209247E-03 -0.409132E-04
 0.925894E+00  0.380357E-03 -0.320024E-04
 0.927894E+00  0.988620E-04 -0.354241E-04
 0.929894E+00  0.188363E-03 -0.360578E-04
 0.931893E+00  0.348168E-04 -0.309926E-04
 0.933893E+00  0.117376E-03 -0.399339E-04
 0.935893E+00 -0.525094E-04 -0.357918E-04
 0.937893E+00  0.352948E-03 -0.318213E-04
 0.939893E+00  0.164073E-03 -0.430189E-04
 0.941892E+00  0.709053E-04 -0.424073E-04
 0.943892E+00  0.220061E-03 -0.366196E-04
 0.945892E+00  0.274544E-03 -0.412818E-04
 0.947892E+00  0.387009E-03 -0.287845E-04
 0.949891E+00  0.356575E-03 -0.342131E-04
 0.951891E+00  0.318214E-03 -0.474819E-04
 0.953891E+00  0.228421E-03 -0.356868E-04
 0.955891E+00  0.156038E-04 -0.449457E-04
 0.957891E+00  0.556061E-04 -0.425333E-04
 0.959890E+00 -0.714114E-04 -0.447045E-04
 0.961890E+00  0.432596E-03 -0.475179E-04
 0.963890E+00 -0.946192E-04 -0.567784E-04
 0.965890E+00  0.374932E-03 -0.592953E-04
 0.967889E+00 -0.373026E-03 -0.652435E-04
 0.969889E+00  0.519455E-04 -0.476375E-04
 0.971889E+00  0.871019E-04 -0.661066E-04
 0.973889E+00  0.130928E-03 -0.645625E-04
 0.975888E+00 -0.116656E-03 -0.715827E-04
 0.977888E+00  0.104470E-03 -0.716661E-04
 0.979888E+00  0.455484E-03 -0.798093E-04
 0.981888E+00  0.404598E-03 -0.631254E-04
 0.983888E+00  0.523871E-03 -0.718890E-04
 0.985887E+00  0.347243E-03 -0.902019E-04
 0.000000E+00  0.000000E+00  0.000000E+00
-----------C:\SAXS_APSdata\RAWDATA_AUG2014\saxs\output\Subtr00.dat-------------------
 04-Sep-2014       (1.000 *rSlys1_avg.dat  - 1.000 *rSlysbuf1_avg.d) /  1.0000                                                                                                                                                                                  
rSlys1_avg.d  Conc = .10E+01  Mult = .10E+01  N1 =    1  N2 =  794  SCALE =  1                                                                                                                                                                                  
 uf1_avg.dat  Conc = .10E+01  Mult = .10E+01  N1 =    1  N2 =  794  SCALE =  1                                                                                                                                                                                  
-----------C:\SAXS_APSdata\RAWDATA_AUG2014\saxs\output\Subtr01.dat-------------------
 04-Sep-2014       (1.000 *rSlys2_avg.dat  - 1.000 *rSlysbuf1_avg.d) /  1.0000                                                                                                                                                                                  
rSlys2_avg.d  Conc = .10E+01  Mult = .10E+01  N1 =    1  N2 =  794  SCALE =  1                                                                                                                                                                                  
 uf1_avg.dat  Conc = .10E+01  Mult = .10E+01  N1 =    1  N2 =  794  SCALE =  1                                                                                                                                                                                  
-----------C:\SAXS_APSdata\RAWDATA_AUG2014\saxs\output\Subtr02.dat-------------------
 04-Sep-2014       (1.000 *rSlys3_avg.dat  - 1.000 *rSlysbuf2_avg.d) /  1.0000                                                                                                                                                                                  
rSlys3_avg.d  Conc = .10E+01  Mult = .10E+01  N1 =    1  N2 =  794  SCALE =  1                                                                                                                                                                                  
 uf2_avg.dat  Conc = .10E+01  Mult = .10E+01  N1 =    1  N2 =  794  SCALE =  1                                                                                                                                                                                  
-----------C:\SAXS_APSdata\RAWDATA_AUG2014\saxs\output\Subtr03.dat-------------------
 04-Sep-2014       (1.000 *rSlys4_avg.dat  - 1.000 *rSlysbuf2_avg.d) /  1.0000                                                                                                                                                                                  
rSlys4_avg.d  Conc = .10E+01  Mult = .10E+01  N1 =    1  N2 =  794  SCALE =  1                                                                                                                                                                                  
 uf2_avg.dat  Conc = .10E+01  Mult = .10E+01  N1 =    1  N2 =  794  SCALE =  1                                                                                                                                                                                  
