### DATA:
#
# 1231
#      Q             I(Q)           Error     
4.27798257E-03  2.88145357E-03  1.21383647E-04
4.56318129E-03  2.83270546E-03  1.06929851E-04
4.84837999E-03  2.69846659E-03  9.64017000E-05
5.13357866E-03  2.82409190E-03  7.98753861E-05
5.41877731E-03  2.68863391E-03  6.23256261E-05
5.70397593E-03  2.66700036E-03  5.66799315E-05
5.98917452E-03  2.72480756E-03  5.23360599E-05
6.27437309E-03  2.69829396E-03  4.80193374E-05
6.55957162E-03  2.67136114E-03  4.46009544E-05
6.84477012E-03  2.64652516E-03  4.38348258E-05
7.12996859E-03  2.61130810E-03  4.36615707E-05
7.41516702E-03  2.74241970E-03  4.22126487E-05
7.70036542E-03  2.73395862E-03  4.14874158E-05
7.98556377E-03  2.63994461E-03  4.21231269E-05
8.27076209E-03  2.66704193E-03  4.05998874E-05
8.55596037E-03  2.67083412E-03  3.91717326E-05
8.84115860E-03  2.70490264E-03  3.86308914E-05
9.12635679E-03  2.63891182E-03  3.74292774E-05
9.41155494E-03  2.65628754E-03  3.85076982E-05
9.69675304E-03  2.68837006E-03  3.74955573E-05
9.98195109E-03  2.68500531E-03  3.70290345E-05
1.02671491E-02  2.61925437E-03  3.54331992E-05
1.05523470E-02  2.60008066E-03  3.59158818E-05
1.08375449E-02  2.63994698E-03  3.50745585E-05
1.11227428E-02  2.58627129E-03  3.39430839E-05
1.14079406E-02  2.64135725E-03  3.58941018E-05
1.16931383E-02  2.58755035E-03  3.36904590E-05
1.19783360E-02  2.58229887E-03  3.20313936E-05
1.22635336E-02  2.57294127E-03  3.04496700E-05
1.25487312E-02  2.63474481E-03  3.00504465E-05
1.28339286E-02  2.61332560E-03  2.90951789E-05
1.31191261E-02  2.57356839E-03  2.84470730E-05
1.34043234E-02  2.53872219E-03  2.77530034E-05
1.36895207E-02  2.60003601E-03  2.73841759E-05
1.39747180E-02  2.57561755E-03  2.78345570E-05
1.42599151E-02  2.56299434E-03  2.66204307E-05
1.45451122E-02  2.60066280E-03  2.63257988E-05
1.48303092E-02  2.54048264E-03  2.62466621E-05
1.51155062E-02  2.54595824E-03  2.56154275E-05
1.54007031E-02  2.53288662E-03  2.53217243E-05
1.56858998E-02  2.56820987E-03  2.48353642E-05
1.59710966E-02  2.53754391E-03  2.46448844E-05
1.62562932E-02  2.49336440E-03  2.39407904E-05
1.65414898E-02  2.44183607E-03  2.37219041E-05
1.68266862E-02  2.51653464E-03  2.36391170E-05
1.71118826E-02  2.49131008E-03  2.33241722E-05
1.73970789E-02  2.46204217E-03  2.25610981E-05
1.76822752E-02  2.43372954E-03  2.28542462E-05
1.79674713E-02  2.44170011E-03  2.20193116E-05
1.82526673E-02  2.45025089E-03  2.32164334E-05
1.85378633E-02  2.43186123E-03  2.33232531E-05
1.88230592E-02  2.40749412E-03  2.34529558E-05
1.91082549E-02  2.41423057E-03  2.33587964E-05
1.93934506E-02  2.37948075E-03  2.30087162E-05
1.96786462E-02  2.39877542E-03  2.35671521E-05
1.99638417E-02  2.37073441E-03  2.29435603E-05
2.02490370E-02  2.37817806E-03  2.26651195E-05
2.05342323E-02  2.33624695E-03  2.14973132E-05
2.08194275E-02  2.37983956E-03  2.15668525E-05
2.11046226E-02  2.36924020E-03  2.20625834E-05
2.13898176E-02  2.33786005E-03  2.15286905E-05
2.16750124E-02  2.33694862E-03  2.17202633E-05
2.19602072E-02  2.32599711E-03  2.19153451E-05
2.22454018E-02  2.32414645E-03  2.13114805E-05
2.25305964E-02  2.29116919E-03  2.14288173E-05
2.28157908E-02  2.33367167E-03  2.10936371E-05
2.31009851E-02  2.32751565E-03  2.11580292E-05
2.33861793E-02  2.29930869E-03  2.09973168E-05
2.36713734E-02  2.27389101E-03  2.09382470E-05
2.39565674E-02  2.27848538E-03  2.08588459E-05
2.42417612E-02  2.30358291E-03  2.05777804E-05
2.45269550E-02  2.23360055E-03  2.02990848E-05
2.48121486E-02  2.23736635E-03  2.02782458E-05
2.50973421E-02  2.21374014E-03  2.01782216E-05
2.53825354E-02  2.22014446E-03  2.02179089E-05
2.56677287E-02  2.21467664E-03  2.02099089E-05
2.59529218E-02  2.21371963E-03  1.99033304E-05
2.62381148E-02  2.19866231E-03  1.99640940E-05
2.65233076E-02  2.19015338E-03  1.97416634E-05
2.68085003E-02  2.15965504E-03  1.98129592E-05
2.70936929E-02  2.11683708E-03  1.94820131E-05
2.73788854E-02  2.16174826E-03  1.98211686E-05
2.76640777E-02  2.15566377E-03  1.92550690E-05
2.79492699E-02  2.15799184E-03  1.92374256E-05
2.82344619E-02  2.14861456E-03  1.92639325E-05
2.85196538E-02  2.12631877E-03  1.89062417E-05
2.88048456E-02  2.14490490E-03  1.89367878E-05
2.90900372E-02  2.05939650E-03  1.88472452E-05
2.93752287E-02  2.05085379E-03  1.89057247E-05
2.96604200E-02  2.04588874E-03  1.87668643E-05
2.99456112E-02  2.04519689E-03  1.87461527E-05
3.02308023E-02  2.08289505E-03  1.86662996E-05
3.05159931E-02  2.08544228E-03  1.86353834E-05
3.08011839E-02  2.04522615E-03  1.84181915E-05
3.10863745E-02  2.00166050E-03  1.82292583E-05
3.13715649E-02  1.99712564E-03  1.83446106E-05
3.16567552E-02  2.01987176E-03  1.82258700E-05
3.19419453E-02  1.99245636E-03  1.81191191E-05
3.22271352E-02  2.00936316E-03  1.81832856E-05
3.25123250E-02  1.96278108E-03  1.82156393E-05
3.27975147E-02  1.96380763E-03  1.80735493E-05
3.30827042E-02  1.94643116E-03  1.79812139E-05
3.33678935E-02  1.94454718E-03  1.78022351E-05
3.36530826E-02  1.90318073E-03  1.74298684E-05
3.39382716E-02  1.91589192E-03  1.73088201E-05
3.42234604E-02  1.96129427E-03  1.75471545E-05
3.45086491E-02  1.91387461E-03  1.74265851E-05
3.47938375E-02  1.86646085E-03  1.75009673E-05
3.50790258E-02  1.88595634E-03  1.74070358E-05
3.53642140E-02  1.84034831E-03  1.74103634E-05
3.56494019E-02  1.86819664E-03  1.72725208E-05
3.59345897E-02  1.84389006E-03  1.71141925E-05
3.62197773E-02  1.80640262E-03  1.70494954E-05
3.65049647E-02  1.80504694E-03  1.70697689E-05
3.67901519E-02  1.82723901E-03  1.69245883E-05
3.70753390E-02  1.81744062E-03  1.70281794E-05
3.73605259E-02  1.78856666E-03  1.66745173E-05
3.76457126E-02  1.75383229E-03  1.69009640E-05
3.79308991E-02  1.74591661E-03  1.65826960E-05
3.82160854E-02  1.74275562E-03  1.65978109E-05
3.85012715E-02  1.71280917E-03  1.67381589E-05
3.87864574E-02  1.74136182E-03  1.62796108E-05
3.90716432E-02  1.71987326E-03  1.65015546E-05
3.93568287E-02  1.69918569E-03  1.64240098E-05
3.96420141E-02  1.70353874E-03  1.62941766E-05
3.99271992E-02  1.68592649E-03  1.61239540E-05
4.02123842E-02  1.69049645E-03  1.59083750E-05
4.04975690E-02  1.67250188E-03  1.59600264E-05
4.07827535E-02  1.66257449E-03  1.58136726E-05
4.10679379E-02  1.63198745E-03  1.60060809E-05
4.13531220E-02  1.63104616E-03  1.60019879E-05
4.16383060E-02  1.63718815E-03  1.56339301E-05
4.19234897E-02  1.61830622E-03  1.59460070E-05
4.22086733E-02  1.61421343E-03  1.57354582E-05
4.24938566E-02  1.58708503E-03  1.57272313E-05
4.27790397E-02  1.56840213E-03  1.55618192E-05
4.30642226E-02  1.56366762E-03  1.57905188E-05
4.33494053E-02  1.56478713E-03  1.55961266E-05
4.36345878E-02  1.55558480E-03  1.54633143E-05
4.39197701E-02  1.54771419E-03  1.54297825E-05
4.42049521E-02  1.50875450E-03  1.53686193E-05
4.44901340E-02  1.51458879E-03  1.54928984E-05
4.47753156E-02  1.48235114E-03  1.51722795E-05
4.50604969E-02  1.49822818E-03  1.53425286E-05
4.53456781E-02  1.44871419E-03  1.51878574E-05
4.56308591E-02  1.47370046E-03  1.51630696E-05
4.59160398E-02  1.45929506E-03  1.51705016E-05
4.62012203E-02  1.45075208E-03  1.49152961E-05
4.64864005E-02  1.43308897E-03  1.50021359E-05
4.67715805E-02  1.42760094E-03  1.50256987E-05
4.70567603E-02  1.42183209E-03  1.48601088E-05
4.73419399E-02  1.42090144E-03  1.49224381E-05
4.76271192E-02  1.42347232E-03  1.47892870E-05
4.79122983E-02  1.36869908E-03  1.48944230E-05
4.81974772E-02  1.33295448E-03  1.46708226E-05
4.84826558E-02  1.37023838E-03  1.49850966E-05
4.87678342E-02  1.35391807E-03  1.49379868E-05
4.90530123E-02  1.33682392E-03  1.52738716E-05
4.93381902E-02  1.33687050E-03  1.52791325E-05
4.96233678E-02  1.33123381E-03  1.55365784E-05
4.99085453E-02  1.31395565E-03  1.53496490E-05
5.01937224E-02  1.31543748E-03  1.55894511E-05
5.04788993E-02  1.29695210E-03  1.54695809E-05
5.07640760E-02  1.29239612E-03  1.56257269E-05
5.10492524E-02  1.26901112E-03  1.53166719E-05
5.13344285E-02  1.26566945E-03  1.54332879E-05
5.16196044E-02  1.24986814E-03  1.56596609E-05
5.19047801E-02  1.26536636E-03  1.55876072E-05
5.21899555E-02  1.24056659E-03  1.56435001E-05
5.24751306E-02  1.22263009E-03  1.55265563E-05
5.27603055E-02  1.21097789E-03  1.57265015E-05
5.30454801E-02  1.20720630E-03  1.54587166E-05
5.33306544E-02  1.17132730E-03  1.54423454E-05
5.36158285E-02  1.20249700E-03  1.56672950E-05
5.39010023E-02  1.17669608E-03  1.54038971E-05
5.41861759E-02  1.16719811E-03  1.55112754E-05
5.44713492E-02  1.15041691E-03  1.54068568E-05
5.47565222E-02  1.11328494E-03  1.54560170E-05
5.50416949E-02  1.11965456E-03  1.54728280E-05
5.53268674E-02  1.10578235E-03  1.54359094E-05
5.56120396E-02  1.09151152E-03  1.54723989E-05
5.58972115E-02  1.10323559E-03  1.52328657E-05
5.61823832E-02  1.06132016E-03  1.53549968E-05
5.64675545E-02  1.06151504E-03  1.53549638E-05
5.67527256E-02  1.05773667E-03  1.51880043E-05
5.70378964E-02  1.03066198E-03  1.54703272E-05
5.73230670E-02  1.03525700E-03  1.51749906E-05
5.76082372E-02  1.02040355E-03  1.52437686E-05
5.78934071E-02  1.04557303E-03  1.51301230E-05
5.81785768E-02  1.00675471E-03  1.50603780E-05
5.84637462E-02  1.01557106E-03  1.51072137E-05
5.87489153E-02  1.01503114E-03  1.52118030E-05
5.90340841E-02  9.85425519E-04  1.53674966E-05
5.93192526E-02  9.77291076E-04  1.49555032E-05
5.96044208E-02  9.86785158E-04  1.49744577E-05
5.98895887E-02  9.64766160E-04  1.51187194E-05
6.01747564E-02  9.81105249E-04  1.50804628E-05
6.04599237E-02  9.74860821E-04  1.51372395E-05
6.07450907E-02  9.30450927E-04  1.48539847E-05
6.10302575E-02  9.10212189E-04  1.51032897E-05
6.13154239E-02  9.18457692E-04  1.48296581E-05
6.16005900E-02  9.21174618E-04  1.47263268E-05
6.18857558E-02  9.04497801E-04  1.48546604E-05
6.21709213E-02  9.13231299E-04  1.48062572E-05
6.24560865E-02  8.98962150E-04  1.50821227E-05
6.27412514E-02  8.82345831E-04  1.47302190E-05
6.30264160E-02  9.00985503E-04  1.48536956E-05
6.33115803E-02  8.24335809E-04  1.45005177E-05
6.35967442E-02  8.79683778E-04  1.47474772E-05
6.38819079E-02  8.33254062E-04  1.47714793E-05
6.41670712E-02  8.18972271E-04  1.44768952E-05
6.44522342E-02  8.23341585E-04  1.46253588E-05
6.47373969E-02  8.16283860E-04  1.45024748E-05
6.50225593E-02  7.91654943E-04  1.45052950E-05
6.53077213E-02  8.00914188E-04  1.45776954E-05
6.55928831E-02  8.03893098E-04  1.44625784E-05
6.58780445E-02  7.59418536E-04  1.46194658E-05
6.61632055E-02  7.83175023E-04  1.42886639E-05
6.64483663E-02  8.00461746E-04  1.45061468E-05
6.67335267E-02  7.55632125E-04  1.44592070E-05
6.70186868E-02  7.69515435E-04  1.43851993E-05
6.73038466E-02  7.51412316E-04  1.48299014E-05
6.75890060E-02  7.52135886E-04  1.48209527E-05
6.78741651E-02  7.22394615E-04  1.52434572E-05
6.81593238E-02  7.44030030E-04  1.53687414E-05
6.84444823E-02  7.06622724E-04  1.49907900E-05
6.87296403E-02  7.23167613E-04  1.52848687E-05
6.90147981E-02  7.19090463E-04  1.52607311E-05
6.92999555E-02  7.09158849E-04  1.56034474E-05
6.95851125E-02  6.84297816E-04  1.56675166E-05
6.98702692E-02  6.71511723E-04  1.57351730E-05
7.01554256E-02  6.90381537E-04  1.58030012E-05
7.04405816E-02  6.70070637E-04  1.56629484E-05
7.07257373E-02  6.27450660E-04  1.60729675E-05
7.10108926E-02  6.60789681E-04  1.58625094E-05
7.12960476E-02  6.43145208E-04  1.58989566E-05
7.15812022E-02  6.24894021E-04  1.58011850E-05
7.18663565E-02  6.42723570E-04  1.58426108E-05
7.21515104E-02  6.36940191E-04  1.62332171E-05
7.24366639E-02  5.95551348E-04  1.53470523E-05
7.27218171E-02  5.80681713E-04  1.51121797E-05
7.30069699E-02  6.28973130E-04  1.51280454E-05
7.32921224E-02  6.01911480E-04  1.47502403E-05
7.35772745E-02  5.92232934E-04  1.47393609E-05
7.38624263E-02  5.96719779E-04  1.43903900E-05
7.41475776E-02  5.79416919E-04  1.44722601E-05
7.44327286E-02  5.59782168E-04  1.43514832E-05
7.47178793E-02  5.77433217E-04  1.40439650E-05
7.50030296E-02  5.56827291E-04  1.41683950E-05
7.52881795E-02  5.63244627E-04  1.41472227E-05
7.55733290E-02  5.39191578E-04  1.43392796E-05
7.58584781E-02  5.53980276E-04  1.40330860E-05
7.61436269E-02  5.34215598E-04  1.41756083E-05
7.64287753E-02  5.49076128E-04  1.40808354E-05
7.67139234E-02  5.40586290E-04  1.39932957E-05
7.69990710E-02  5.33874288E-04  1.40528971E-05
7.72842183E-02  5.01930381E-04  1.38444181E-05
7.75693651E-02  5.14361124E-04  1.38028051E-05
7.78545116E-02  5.11990896E-04  1.40128203E-05
7.81396578E-02  4.61363118E-04  1.38276747E-05
7.84248035E-02  5.15935899E-04  1.38608948E-05
7.87099488E-02  4.91598492E-04  1.37280464E-05
7.89950938E-02  4.65146316E-04  1.36997209E-05
7.92802383E-02  4.69361712E-04  1.38708961E-05
7.95653825E-02  4.77761226E-04  1.36427987E-05
7.98505263E-02  4.80581325E-04  1.36677742E-05
8.01356697E-02  4.62969957E-04  1.35158955E-05
8.04208126E-02  4.90414326E-04  1.37002945E-05
8.07059552E-02  4.45248348E-04  1.36642165E-05
8.09910974E-02  4.57101084E-04  1.34323622E-05
8.12762392E-02  4.52808798E-04  1.36285362E-05
8.15613806E-02  4.33256136E-04  1.34104366E-05
8.18465215E-02  4.16819151E-04  1.35249748E-05
8.21316621E-02  4.41109863E-04  1.34102279E-05
8.24168023E-02  4.40997279E-04  1.34714669E-05
8.27019420E-02  4.00348695E-04  1.34683831E-05
8.29870814E-02  4.32723957E-04  1.34035944E-05
8.32722203E-02  4.11354231E-04  1.34764994E-05
8.35573589E-02  3.97086129E-04  1.32262490E-05
8.38424970E-02  3.91881906E-04  1.34072930E-05
8.41276347E-02  3.93808890E-04  1.33667920E-05
8.44127720E-02  3.98532684E-04  1.33117804E-05
8.46979088E-02  4.04847291E-04  1.32871524E-05
8.49830453E-02  3.94950087E-04  1.30842092E-05
8.52681813E-02  3.86196642E-04  1.34401430E-05
8.55533169E-02  3.65225337E-04  1.31506209E-05
8.58384521E-02  3.68705706E-04  1.29306137E-05
8.61235868E-02  3.75454632E-04  1.28133574E-05
8.64087212E-02  3.52850925E-04  1.29427956E-05
8.66938551E-02  3.55008903E-04  1.31689671E-05
8.69789885E-02  3.51426810E-04  1.30166694E-05
8.72641216E-02  3.64277589E-04  1.28875398E-05
8.75492542E-02  3.46456203E-04  1.28467050E-05
8.78343864E-02  3.30110181E-04  1.28456588E-05
8.81195181E-02  3.28492335E-04  1.30071584E-05
8.84046494E-02  3.44548599E-04  1.27215745E-05
8.86897803E-02  3.36341598E-04  1.29421539E-05
8.89749107E-02  3.45662751E-04  1.28169122E-05
8.92600407E-02  3.18214746E-04  1.28563969E-05
8.95451703E-02  3.50293437E-04  1.28244315E-05
8.98302994E-02  3.14140878E-04  1.29071772E-05
9.01154281E-02  3.18574002E-04  1.27871425E-05
9.04005563E-02  3.11277783E-04  1.28742345E-05
9.06856840E-02  3.21014712E-04  1.27783440E-05
9.09708114E-02  3.02812950E-04  1.26957901E-05
9.12559382E-02  2.87393097E-04  1.28587179E-05
9.15410647E-02  3.07700340E-04  1.26699594E-05
9.18261906E-02  2.96569538E-04  1.26572723E-05
9.21113161E-02  3.02811597E-04  1.27482810E-05
9.23964412E-02  2.73549547E-04  1.25409922E-05
9.26815658E-02  2.88196667E-04  1.26318859E-05
9.29666899E-02  2.90615497E-04  1.25117053E-05
9.32518136E-02  2.79123490E-04  1.25049697E-05
9.35369368E-02  2.69672001E-04  1.26575814E-05
9.38220596E-02  2.73743953E-04  1.27103540E-05
9.41071819E-02  3.01025721E-04  1.25723156E-05
9.43923037E-02  2.67829043E-04  1.24404269E-05
9.46774251E-02  2.90089444E-04  1.26428107E-05
9.49625460E-02  2.64184754E-04  1.24994287E-05
9.52476664E-02  2.71838187E-04  1.24336104E-05
9.55327864E-02  2.71254070E-04  1.24762232E-05
9.58179058E-02  2.79705515E-04  1.25868150E-05
9.61030249E-02  2.68680926E-04  1.24706692E-05
9.63881434E-02  2.49352369E-04  1.24615630E-05
9.66732614E-02  2.44277251E-04  1.23779857E-05
9.69583790E-02  2.59519729E-04  1.25371861E-05
9.72434961E-02  2.40567943E-04  1.23220646E-05
9.75286127E-02  2.33645572E-04  1.25108330E-05
9.78137289E-02  2.51847628E-04  1.22940355E-05
9.80988445E-02  2.69112727E-04  1.24634308E-05
9.83839597E-02  2.32511939E-04  1.24145869E-05
9.86690744E-02  2.14018297E-04  1.24480483E-05
9.89541885E-02  2.40438531E-04  1.22574472E-05
9.92393022E-02  2.37658134E-04  1.21878862E-05
9.95244154E-02  2.47869893E-04  1.23861107E-05
9.98095282E-02  2.29839560E-04  1.22740431E-05
1.00094640E-01  2.20331858E-04  1.19538253E-05
1.00379752E-01  2.17276198E-04  1.18460092E-05
1.00664863E-01  2.06699580E-04  1.19888052E-05
1.00949974E-01  2.18252594E-04  1.20598358E-05
1.01235084E-01  2.28345925E-04  1.22303820E-05
1.01520194E-01  2.08589460E-04  1.19853779E-05
1.01805303E-01  2.13032942E-04  1.20878813E-05
1.02090412E-01  1.94843635E-04  1.20303398E-05
1.02375520E-01  2.38269590E-04  1.22114090E-05
1.02660628E-01  1.96458849E-04  1.20389026E-05
1.02945735E-01  1.97459945E-04  1.19885438E-05
1.03230842E-01  2.01249221E-04  1.19049392E-05
1.03515948E-01  2.14169371E-04  1.18076103E-05
1.03801054E-01  2.14167425E-04  1.18143685E-05
1.04086159E-01  1.88587872E-04  1.18311867E-05
1.04371264E-01  1.65185957E-04  1.18958599E-05
1.04656368E-01  1.92716721E-04  1.20420710E-05
1.04941471E-01  2.11351669E-04  1.16795607E-05
1.05226574E-01  2.04115980E-04  1.17765299E-05
1.05511677E-01  1.81164950E-04  1.17593589E-05
1.05796779E-01  1.99728956E-04  1.17745291E-05
1.06081881E-01  1.83576076E-04  1.19589562E-05
1.06366982E-01  2.08127555E-04  1.18136149E-05
1.06652082E-01  1.80775691E-04  1.18323511E-05
1.06937182E-01  1.92717986E-04  1.16903685E-05
1.07222281E-01  1.91791155E-04  1.17513255E-05
1.07507380E-01  1.88603760E-04  1.17445826E-05
1.07792479E-01  1.70308559E-04  1.18981163E-05
1.08077576E-01  1.77463369E-04  1.17862389E-05
1.08362674E-01  1.65452103E-04  1.18091886E-05
1.08647771E-01  1.69202109E-04  1.16102607E-05
1.08932867E-01  1.75775391E-04  1.16538680E-05
1.09217962E-01  1.81183767E-04  1.16915206E-05
1.09503058E-01  1.88136499E-04  1.18405582E-05
1.09788152E-01  1.66233005E-04  1.16661986E-05
1.10073246E-01  1.69433711E-04  1.16999432E-05
1.10358340E-01  1.58116737E-04  1.15926230E-05
1.10643433E-01  1.87804332E-04  1.17729379E-05
1.10928525E-01  1.56409220E-04  1.16246526E-05
1.11213617E-01  1.81445573E-04  1.15645406E-05
1.11498708E-01  1.75754541E-04  1.16306375E-05
1.11783799E-01  1.59983656E-04  1.15752681E-05
1.12068889E-01  1.54047640E-04  1.16383679E-05
1.12353979E-01  1.53568421E-04  1.15677433E-05
1.12639068E-01  1.47389781E-04  1.16489348E-05
1.12924157E-01  1.72799478E-04  1.16209247E-05
1.13209245E-01  1.47127342E-04  1.16313543E-05
1.13494332E-01  1.34521656E-04  1.16295451E-05
1.13779419E-01  1.54225176E-04  1.14542027E-05
1.14064505E-01  1.63781369E-04  1.15612456E-05
1.14349591E-01  1.58241315E-04  1.15972049E-05
1.14634676E-01  1.49389607E-04  1.14853352E-05
1.14919761E-01  1.47187541E-04  1.15911969E-05
1.15204845E-01  1.55538267E-04  1.14786910E-05
1.15489928E-01  1.35315595E-04  1.14871792E-05
1.15775011E-01  1.52106184E-04  1.15637238E-05
1.16060093E-01  1.65846069E-04  1.14071794E-05
1.16345175E-01  1.59069778E-04  1.14383100E-05
1.16630256E-01  1.50402318E-04  1.13582717E-05
1.16915337E-01  1.76977292E-04  1.16698859E-05
1.17200417E-01  1.17498450E-04  1.14326337E-05
1.17485496E-01  1.62217407E-04  1.14069850E-05
1.17770575E-01  1.36578405E-04  1.13800851E-05
1.18055654E-01  1.29854088E-04  1.13600602E-05
1.18340731E-01  1.53265900E-04  1.13706171E-05
1.18625808E-01  1.34975340E-04  1.12767938E-05
1.18910885E-01  1.52282563E-04  1.13640044E-05
1.19195961E-01  1.52471273E-04  1.13633764E-05
1.19481036E-01  1.20703868E-04  1.12862687E-05
1.19766111E-01  1.51087104E-04  1.13138324E-05
1.20051185E-01  1.32162607E-04  1.13220142E-05
1.20336259E-01  1.32652941E-04  1.14459138E-05
1.20621332E-01  1.30874776E-04  1.16878971E-05
1.20906404E-01  1.43361528E-04  1.18225413E-05
1.21191476E-01  1.20993267E-04  1.18247919E-05
1.21476547E-01  1.38965601E-04  1.18613038E-05
1.21761618E-01  1.34190806E-04  1.20898563E-05
1.22046688E-01  1.39785927E-04  1.21161944E-05
1.22331757E-01  1.43906064E-04  1.22015235E-05
1.22616826E-01  1.53213051E-04  1.19527583E-05
1.22901894E-01  1.19917851E-04  1.18607266E-05
1.23186961E-01  1.30721655E-04  1.18678022E-05
1.23472028E-01  1.29147623E-04  1.16303795E-05
1.23757095E-01  1.11399719E-04  1.17585334E-05
1.24042161E-01  1.19376285E-04  1.16787890E-05
1.24327226E-01  1.29456574E-04  1.15705348E-05
1.24612290E-01  1.23893472E-04  1.17244737E-05
1.24897354E-01  1.32897288E-04  1.14398125E-05
1.25182417E-01  1.47973575E-04  1.17070304E-05
1.25467480E-01  1.31922308E-04  1.16146787E-05
1.25752542E-01  1.18292695E-04  1.13773187E-05
1.26037603E-01  1.25789714E-04  1.14051161E-05
1.26322664E-01  1.20384228E-04  1.13889820E-05
1.26607724E-01  1.01818334E-04  1.14613327E-05
1.26892784E-01  1.07150625E-04  1.13553473E-05
1.27177843E-01  1.30138685E-04  1.13849933E-05
1.27462901E-01  1.27464932E-04  1.12682523E-05
1.27747959E-01  1.20675619E-04  1.14937264E-05
1.28033016E-01  1.21818716E-04  1.18786145E-05
1.28318072E-01  1.26479763E-04  1.19188377E-05
1.28603128E-01  1.42854992E-04  1.21860449E-05
1.28888183E-01  1.47339441E-04  1.21406833E-05
1.29173237E-01  1.40903989E-04  1.23066720E-05
1.29458291E-01  1.26250495E-04  1.22478458E-05
1.29743344E-01  9.72764061E-05  1.21054894E-05
1.30028397E-01  1.19288891E-04  1.23899479E-05
1.30313449E-01  1.19523171E-04  1.22350631E-05
1.30598500E-01  1.18642135E-04  1.22661281E-05
1.30883551E-01  1.19614574E-04  1.23493276E-05
1.31168601E-01  1.22363865E-04  1.22835713E-05
1.31453650E-01  1.19886747E-04  1.22916837E-05
1.31738699E-01  8.27120481E-05  1.22078353E-05
1.32023747E-01  1.20543933E-04  1.21738274E-05
1.32308794E-01  1.03002880E-04  1.22882045E-05
1.32593841E-01  1.22139765E-04  1.24068505E-05
1.32878887E-01  1.02783436E-04  1.19885894E-05
1.33163932E-01  1.21058527E-04  1.15029063E-05
1.33448977E-01  9.77066412E-05  1.15636344E-05
1.33734021E-01  1.14904895E-04  1.15577667E-05
1.34019064E-01  1.41494300E-04  1.13257313E-05
1.34304107E-01  1.16387908E-04  1.13545475E-05
1.34589149E-01  1.09928066E-04  1.13597788E-05
1.34874191E-01  1.11963023E-04  1.12481629E-05
1.35159231E-01  8.56963185E-05  1.11952252E-05
1.35444272E-01  1.11609274E-04  1.12141596E-05
1.35729311E-01  1.22723293E-04  1.12223256E-05
1.36014350E-01  1.15920732E-04  1.12398251E-05
1.36299388E-01  9.35939265E-05  1.13297522E-05
1.36584425E-01  1.06342828E-04  1.09754141E-05
1.36869462E-01  1.11649188E-04  1.11038961E-05
1.37154498E-01  1.07119310E-04  1.12004952E-05
1.37439533E-01  1.04810961E-04  1.10960443E-05
1.37724568E-01  1.01018962E-04  1.10685861E-05
1.38009602E-01  1.05658595E-04  1.09130640E-05
1.38294635E-01  1.23968248E-04  1.11377316E-05
1.38579668E-01  1.12282565E-04  1.10606540E-05
1.38864700E-01  1.09051212E-04  1.10324466E-05
1.39149731E-01  9.34413699E-05  1.09177646E-05
1.39434762E-01  8.92829163E-05  1.08820172E-05
1.39719792E-01  9.07585185E-05  1.07131423E-05
1.40004821E-01  8.77838067E-05  1.05970317E-05
1.40289849E-01  1.13830335E-04  1.07435582E-05
1.40574877E-01  1.07785842E-04  1.06453546E-05
1.40859904E-01  9.44357196E-05  1.07300106E-05
1.41144931E-01  1.04154019E-04  1.08427583E-05
1.41429957E-01  9.47725263E-05  1.06332128E-05
1.41714982E-01  1.00852730E-04  1.08793865E-05
1.42000006E-01  1.01602599E-04  1.07835679E-05
1.42285030E-01  9.86487711E-05  1.08388275E-05
1.42570053E-01  1.05191134E-04  1.07992346E-05
1.42855075E-01  1.02055724E-04  1.07252106E-05
1.43140096E-01  1.00198866E-04  1.08597229E-05
1.43425117E-01  1.09679986E-04  1.07636007E-05
1.43710137E-01  9.48077925E-05  1.07678641E-05
1.43995157E-01  1.13396090E-04  1.06592710E-05
1.44280175E-01  9.03744732E-05  1.06726812E-05
1.44565193E-01  1.08863855E-04  1.07294888E-05
1.44850210E-01  9.39209448E-05  1.06219566E-05
1.45135227E-01  1.17879492E-04  1.08176840E-05
1.45420243E-01  1.09062807E-04  1.06220252E-05
1.45705258E-01  1.02587866E-04  1.06699159E-05
1.45990272E-01  9.50823279E-05  1.05528552E-05
1.46275286E-01  1.00110743E-04  1.07101786E-05
1.46560299E-01  9.30207264E-05  1.06720745E-05
1.46845311E-01  9.54082827E-05  1.06080753E-05
1.47130323E-01  9.93943203E-05  1.05865553E-05
1.47415333E-01  8.83697556E-05  1.05914647E-05
1.47700343E-01  9.27023220E-05  1.05533946E-05
1.47985353E-01  7.63447473E-05  1.05777458E-05
1.48270361E-01  8.04661167E-05  1.06409260E-05
1.48555369E-01  7.12664850E-05  1.05583815E-05
1.48840376E-01  9.98088942E-05  1.05388823E-05
1.49125382E-01  9.00653052E-05  1.06119665E-05
1.49410388E-01  5.61024120E-05  1.05871795E-05
1.49695393E-01  9.02824566E-05  1.05346456E-05
1.49980397E-01  8.61645504E-05  1.05263690E-05
1.50265401E-01  8.53492521E-05  1.04356673E-05
1.50550403E-01  6.97727928E-05  1.05484293E-05
1.50835405E-01  9.67461459E-05  1.04695894E-05
1.51120406E-01  9.17441991E-05  1.04379481E-05
1.51405407E-01  8.77822137E-05  1.05061741E-05
1.51690406E-01  7.95358179E-05  1.03928605E-05
1.51975405E-01  7.89610326E-05  1.04935702E-05
1.52260403E-01  8.47989078E-05  1.03727407E-05
1.52545401E-01  9.67772958E-05  1.04410443E-05
1.52830398E-01  7.97482971E-05  1.04755701E-05
1.53115393E-01  7.37646813E-05  1.02901177E-05
1.53400389E-01  8.42083671E-05  1.04846235E-05
1.53685383E-01  9.63657423E-05  1.03451498E-05
1.53970377E-01  8.21391330E-05  1.04325362E-05
1.54255370E-01  7.09422690E-05  1.03941676E-05
1.54540362E-01  5.38215045E-05  1.03149872E-05
1.54825353E-01  7.90806459E-05  1.03781210E-05
1.55110344E-01  6.77100681E-05  1.03759308E-05
1.55395333E-01  8.53343874E-05  1.04311911E-05
1.55680322E-01  8.13022980E-05  1.03450717E-05
1.55965311E-01  6.57351366E-05  1.02774481E-05
1.56250298E-01  9.68406003E-05  1.04093044E-05
1.56535285E-01  8.41289313E-05  1.02844903E-05
1.56820271E-01  8.90188227E-05  1.03828062E-05
1.57105256E-01  7.15245750E-05  1.01382692E-05
1.57390241E-01  7.53660189E-05  1.01294375E-05
1.57675224E-01  7.41163425E-05  1.01979798E-05
1.57960207E-01  7.44564477E-05  1.01064250E-05
1.58245189E-01  6.78262734E-05  1.02104036E-05
1.58530170E-01  8.77077543E-05  1.01646705E-05
1.58815151E-01  5.75194578E-05  1.01686394E-05
1.59100131E-01  6.39040950E-05  1.01941924E-05
1.59385110E-01  5.97268227E-05  1.00874547E-05
1.59670088E-01  6.83561736E-05  1.01528733E-05
1.59955065E-01  7.48355679E-05  1.01479190E-05
1.60240042E-01  7.03214049E-05  1.01359171E-05
1.60525017E-01  5.74898790E-05  9.92220273E-06
1.60809992E-01  6.25283058E-05  9.87751680E-06
1.61094967E-01  5.36304543E-05  9.98906244E-06
1.61379940E-01  4.21592565E-05  9.93060111E-06
1.61664913E-01  7.09493973E-05  1.00312904E-05
1.61949884E-01  7.06062528E-05  9.94181034E-06
1.62234855E-01  7.83213549E-05  9.98517840E-06
1.62519826E-01  6.12104253E-05  1.00445958E-05
1.62804795E-01  5.95254612E-05  9.99072456E-06
1.63089764E-01  6.09185841E-05  1.00255063E-05
1.63374731E-01  6.38224350E-05  9.99961461E-06
1.63659698E-01  6.19429422E-05  1.00166865E-05
1.63944664E-01  7.75890288E-05  1.00819835E-05
1.64229630E-01  4.97860191E-05  1.00146126E-05
1.64514594E-01  6.11352048E-05  9.96793008E-06
1.64799558E-01  4.69141251E-05  9.96880683E-06
1.65084521E-01  6.18218751E-05  1.01095465E-05
1.65369483E-01  4.15048893E-05  9.99436059E-06
1.65654444E-01  6.46705488E-05  1.00042197E-05
1.65939405E-01  6.52081734E-05  9.95748471E-06
1.66224364E-01  5.28365673E-05  9.97872714E-06
1.66509323E-01  7.53603942E-05  1.00100233E-05
1.66794281E-01  5.04037053E-05  9.80293362E-06
1.67079238E-01  5.99531760E-05  9.95497221E-06
1.67364195E-01  5.57379984E-05  9.93216846E-06
1.67649150E-01  4.40493786E-05  1.00031833E-05
1.67934105E-01  6.00575949E-05  9.89976174E-06
1.68219059E-01  3.97264872E-05  9.75917496E-06
1.68504012E-01  7.35843963E-05  9.99859854E-06
1.68788964E-01  6.38718834E-05  9.89697132E-06
1.69073915E-01  7.40326674E-05  9.92163636E-06
1.69358866E-01  6.80906292E-05  9.84486249E-06
1.69643816E-01  6.92307498E-05  9.89353647E-06
1.69928765E-01  5.80507731E-05  9.86704245E-06
1.70213713E-01  5.23602069E-05  9.85275495E-06
1.70498660E-01  4.76323911E-05  9.81515418E-06
1.70783606E-01  4.45038690E-05  9.84155025E-06
1.71068552E-01  5.88747411E-05  9.79504503E-06
1.71353496E-01  5.91129837E-05  9.94723434E-06
1.71638440E-01  5.62429134E-05  9.82095243E-06
1.71923383E-01  4.32460125E-05  9.91412025E-06
1.72208325E-01  5.80416753E-05  9.83088270E-06
1.72493266E-01  5.19094566E-05  9.79164540E-06
1.72778207E-01  5.19133098E-05  9.74977641E-06
1.73063146E-01  5.68075062E-05  9.79691895E-06
1.73348085E-01  4.73064528E-05  9.78883944E-06
1.73633023E-01  5.95139415E-05  9.81111363E-06
1.73917960E-01  3.84597177E-05  9.71778141E-06
1.74202896E-01  5.12027232E-05  9.75395511E-06
1.74487831E-01  3.79086822E-05  9.54498621E-06
1.74772765E-01  6.02495409E-05  9.63201501E-06
1.75057699E-01  6.04574448E-05  9.55498890E-06
1.75342632E-01  4.54382451E-05  9.58916082E-06
1.75627563E-01  4.64201937E-05  9.55893051E-06
1.75912494E-01  5.19654261E-05  9.58180974E-06
1.76197424E-01  4.14143550E-05  9.63226767E-06
1.76482354E-01  6.34869462E-05  9.56521566E-06
1.76767282E-01  5.93160183E-05  9.59428191E-06
1.77052209E-01  4.38596262E-05  9.57927657E-06
1.77337136E-01  4.84164165E-05  9.57922665E-06
1.77622062E-01  5.07202137E-05  9.57850884E-06
1.77906986E-01  3.42718824E-05  9.56016717E-06
1.78191910E-01  4.49727630E-05  9.61806699E-06
1.78476833E-01  3.55754016E-05  9.61904436E-06
1.78761756E-01  2.32675649E-05  9.54642612E-06
1.79046677E-01  3.37504497E-05  9.50936517E-06
1.79331597E-01  4.12913334E-05  9.59179449E-06
1.79616517E-01  5.35644183E-05  9.62586501E-06
1.79901435E-01  3.81520464E-05  9.53104710E-06
1.80186353E-01  2.72992152E-05  9.59403507E-06
1.80471270E-01  5.36768517E-05  9.53006754E-06
1.80756186E-01  5.42663649E-05  9.60709107E-06
1.81041101E-01  4.15693326E-05  9.53837040E-06
1.81326015E-01  3.71717904E-05  9.50617770E-06
1.81610928E-01  6.05193756E-05  9.50523669E-06
1.81895841E-01  5.17338804E-05  9.57574395E-06
1.82180752E-01  3.17220246E-05  9.52471251E-06
1.82465663E-01  4.47357531E-05  9.55085493E-06
1.82750572E-01  4.12293105E-05  9.48887451E-06
1.83035481E-01  3.78944181E-05  9.53735763E-06
1.83320389E-01  3.82061427E-05  9.52890171E-06
1.83605296E-01  4.38852633E-05  9.59458842E-06
1.83890202E-01  4.03544706E-05  9.49519893E-06
1.84175107E-01  5.31229725E-05  9.47509446E-06
1.84460011E-01  2.90049036E-05  9.54336447E-06
1.84744915E-01  3.73957476E-05  9.46196115E-06
1.85029817E-01  3.31487301E-05  9.38463513E-06
1.85314719E-01  2.83057461E-05  9.52088322E-06
1.85599619E-01  3.81176424E-05  9.43701864E-06
1.85884519E-01  3.33325587E-05  9.47554428E-06
1.86169418E-01  3.67200462E-05  9.47530503E-06
1.86454316E-01  4.65170973E-05  9.45906375E-06
1.86739212E-01  2.76461834E-05  9.44677095E-06
1.87024108E-01  1.45663071E-05  9.40770534E-06
1.87309003E-01  4.86480312E-05  9.43393587E-06
1.87593898E-01  3.39863694E-05  9.47775357E-06
1.87878791E-01  3.16076502E-05  9.47732877E-06
1.88163683E-01  3.35091684E-05  9.63234264E-06
1.88448574E-01  4.44297486E-05  9.71051724E-06
1.88733465E-01  3.34753356E-05  9.84724524E-06
1.89018354E-01  3.14161521E-05  9.97861434E-06
1.89303243E-01  3.24091146E-05  1.00602190E-05
1.89588131E-01  2.55849116E-05  9.95111892E-06
1.89873017E-01  1.91154227E-05  9.98360322E-06
1.90157903E-01  3.84137214E-05  1.00613087E-05
1.90442788E-01  4.62038193E-05  1.01488386E-05
1.90727672E-01  2.07150944E-05  1.01247812E-05
1.91012555E-01  3.23991735E-05  1.00848788E-05
1.91297437E-01  2.35721414E-05  1.02313556E-05
1.91582318E-01  4.42128624E-05  1.00967179E-05
1.91867198E-01  2.79043686E-05  1.01681568E-05
1.92152077E-01  2.59631169E-05  9.93975819E-06
1.92436955E-01  2.74229722E-05  1.01111203E-05
1.92721832E-01  2.28194769E-05  1.01468300E-05
1.93006708E-01  2.00253629E-05  1.01873382E-05
1.93291584E-01  2.90043184E-05  9.78254244E-06
1.93576458E-01  3.02723343E-05  9.71242038E-06
1.93861332E-01  1.74066273E-05  9.67935189E-06
1.94146204E-01  2.27063628E-05  9.64129986E-06
1.94431076E-01  1.45460620E-05  9.54768495E-06
1.94715946E-01  2.04123061E-05  9.59166561E-06
1.95000816E-01  2.90885798E-05  9.52176456E-06
1.95285684E-01  3.55588419E-05  9.52568601E-06
1.95570552E-01  3.65341353E-05  9.56789571E-06
1.95855419E-01  2.72728082E-05  9.52443132E-06
1.96140284E-01  2.97123798E-05  9.52343523E-06
1.96425149E-01  4.43083221E-05  9.48267147E-06
1.96710013E-01  2.58326193E-05  9.50162493E-06
1.96994876E-01  2.21436212E-05  9.42818994E-06
1.97279738E-01  2.98160377E-05  9.46254828E-06
1.97564598E-01  2.56845197E-05  9.48257547E-06
1.97849458E-01  1.90873285E-05  9.40957653E-06
1.98134317E-01  3.73343391E-05  9.41277327E-06
1.98419175E-01  4.43072061E-05  9.31418700E-06
1.98704032E-01  1.93544800E-05  9.39812445E-06
1.98988888E-01  1.96751005E-05  9.36812040E-06
1.99273743E-01  2.44119781E-05  9.34368507E-06
1.99558597E-01  3.36684660E-05  9.44399292E-06
1.99843450E-01  2.95104271E-05  9.35508891E-06
2.00128302E-01  2.12967075E-05  9.44577966E-06
2.00413153E-01  1.44336329E-05  9.29155665E-06
2.00698003E-01  1.93499767E-05  9.34669584E-06
2.00982852E-01  4.67139855E-05  9.42476352E-06
2.01267700E-01  1.52762483E-05  9.27737778E-06
2.01552547E-01  2.12259922E-05  9.38285487E-06
2.01837393E-01  1.42934012E-05  9.27697461E-06
2.02122239E-01  1.44958175E-05  9.26025420E-06
2.02407083E-01  1.49941521E-05  9.37475865E-06
2.02691926E-01  2.04735481E-05  9.30632865E-06
2.02976768E-01  8.04221388E-06  9.34997268E-06
2.03261609E-01  8.81537484E-06  9.22227174E-06
2.03546449E-01  2.33691728E-05  9.31808937E-06
2.03831288E-01  2.16300763E-05  9.31532169E-06
2.04116126E-01  1.41369659E-05  9.24209628E-06
2.04400963E-01  2.20328367E-05  9.27552555E-06
2.04685799E-01  1.77803344E-05  9.22338720E-06
2.04970634E-01  3.04170489E-05  9.30119745E-06
2.05255468E-01  2.44570796E-05  9.17154444E-06
2.05540301E-01  7.94152587E-06  9.16833774E-06
2.05825133E-01  3.13304820E-05  9.18191112E-06
2.06109964E-01  1.73909033E-05  9.18848010E-06
2.06394794E-01  2.02752156E-05  9.20323782E-06
2.06679623E-01  2.13602647E-05  9.10289745E-06
2.06964451E-01  1.79459943E-05  9.25417497E-06
2.07249278E-01  2.78831667E-05  9.16208499E-06
2.07534104E-01  3.58286460E-05  9.22287252E-06
2.07818929E-01  2.61444123E-05  9.19163532E-06
2.08103752E-01  1.36855105E-05  9.11525715E-06
2.08388575E-01  1.91466944E-05  9.12914805E-06
2.08673397E-01  1.73435271E-05  9.17764551E-06
2.08958218E-01  1.37402098E-05  9.11091993E-06
2.09243037E-01  1.15329378E-05  9.01458147E-06
2.09527856E-01  3.33503283E-05  8.89040697E-06
2.09812674E-01  2.78365234E-05  9.01714278E-06
2.10097490E-01  2.17848575E-05  8.92784916E-06
2.10382306E-01  2.36917124E-05  9.03849564E-06
2.10667120E-01  2.52571245E-05  9.01804092E-06
2.10951934E-01  1.94681232E-05  9.03401583E-06
2.11236746E-01  1.66280356E-05  9.08433690E-06
2.11521558E-01  1.40453939E-05  8.99984013E-06
2.11806368E-01  1.52807666E-05  9.06721320E-06
2.12091177E-01  1.05484015E-05  8.98457973E-06
2.12375986E-01  3.84161529E-05  8.96314932E-06
2.12660793E-01  2.49598336E-05  9.01201335E-06
2.12945599E-01  1.85727050E-05  8.97123747E-06
2.13230404E-01  1.34895988E-05  9.07378824E-06
2.13515208E-01  2.36418235E-05  8.97214647E-06
2.13800011E-01  2.22253945E-05  8.94983559E-06
2.14084813E-01  6.04646478E-06  8.98690062E-06
2.14369614E-01  5.26115067E-06  8.94667041E-06
2.14654414E-01  2.27575468E-05  9.01778889E-06
2.14939213E-01  1.99949071E-05  8.95756740E-06
2.15224010E-01  2.03227614E-05  8.98207050E-06
2.15508807E-01  2.71096488E-05  9.01232811E-06
2.15793603E-01  1.58000953E-05  9.00432243E-06
2.16078397E-01  2.02404526E-05  9.00881385E-06
2.16363191E-01  7.94316672E-06  8.88452946E-06
2.16647983E-01  2.53783760E-06  8.91503937E-06
2.16932774E-01  2.31804690E-05  8.97208671E-06
2.17217565E-01  3.38765805E-05  8.94635124E-06
2.17502354E-01  2.01731081E-05  8.95721640E-06
2.17787142E-01  1.20137255E-05  8.91382410E-06
2.18071929E-01  2.93015322E-05  8.94643944E-06
2.18356715E-01  2.11665888E-05  8.98442556E-06
2.18641500E-01  3.13402293E-05  8.95252053E-06
2.18926283E-01  1.74364541E-05  8.89505274E-06
2.19211066E-01  1.49943258E-05  8.86680069E-06
2.19495848E-01  3.28758963E-06  8.98670523E-06
2.19780628E-01  2.65634363E-06  8.90137149E-06
2.20065408E-01  2.18241165E-06  8.95000800E-06
2.20350186E-01  1.59639494E-05  8.86939668E-06
2.20634963E-01  1.98656074E-05  8.87389278E-06
2.20919740E-01  1.86536224E-05  8.70207675E-06
2.21204515E-01  2.64644350E-05  8.68765893E-06
2.21489289E-01  1.34740108E-05  8.76081651E-06
2.21774062E-01  2.54272946E-05  8.75872152E-06
2.22058833E-01  1.16751393E-05  8.82458028E-06
2.22343604E-01  9.14390259E-06  8.78328087E-06
2.22628374E-01  9.01510305E-06  8.78969223E-06
2.22913142E-01  8.35683468E-06  8.82275697E-06
2.23197910E-01  1.64537277E-05  8.79006291E-06
2.23482676E-01  1.34717804E-05  8.81823495E-06
2.23767441E-01  1.45207549E-05  8.73777939E-06
2.24052205E-01  1.27128849E-05  8.81760837E-06
2.24336968E-01  1.08366369E-05  8.81531013E-06
2.24621730E-01  1.84358151E-05  8.70652386E-06
2.24906491E-01  2.15105150E-05  8.74660740E-06
2.25191251E-01  6.35327859E-06  8.69455632E-06
2.25476009E-01  1.44210092E-05  8.77971345E-06
2.25760767E-01  1.67937021E-05  8.80196028E-06
2.26045523E-01  2.04089064E-05  8.72123184E-06
2.26330278E-01  1.92834403E-05  8.68772766E-06
2.26615032E-01  1.89585090E-05  8.57892234E-06
2.26899785E-01  1.08169345E-05  8.63445660E-06
2.27184537E-01  2.09099992E-05  8.55449121E-06
2.27469288E-01  2.11561586E-05  8.58591414E-06
2.27754038E-01  2.83828725E-05  8.69497800E-06
2.28038786E-01  1.39486274E-05  8.61446337E-06
2.28323534E-01  1.65258737E-05  8.62821513E-06
2.28608280E-01  1.51979816E-05  8.62623225E-06
2.28893025E-01  1.37972062E-05  8.68958613E-06
2.29177769E-01  1.59234352E-05  8.74027437E-06
2.29462512E-01  1.99834803E-05  8.60109366E-06
2.29747254E-01  -1.77427111E-06  8.61098157E-06
2.30031994E-01  1.71840874E-05  8.58450120E-06
2.30316734E-01  1.92763177E-05  8.66299707E-06
2.30601472E-01  -4.27887813E-06  8.63078901E-06
2.30886209E-01  8.27296488E-06  8.63067144E-06
2.31170945E-01  9.90056490E-06  8.65191495E-06
2.31455680E-01  1.63068446E-05  8.57206551E-06
2.31740414E-01  1.08639491E-05  8.62211913E-06
2.32025146E-01  7.43301177E-06  8.61549609E-06
2.32309878E-01  2.70197386E-05  8.60605659E-06
2.32594608E-01  1.44852266E-05  8.67952062E-06
2.32879337E-01  1.20695380E-06  8.58340242E-06
2.33164065E-01  2.42690253E-05  8.57975319E-06
2.33448792E-01  1.42203676E-05  8.61671754E-06
2.33733518E-01  1.07583237E-05  8.57736972E-06
2.34018243E-01  1.61637851E-06  8.61898077E-06
2.34302966E-01  6.28075752E-06  8.59029411E-06
2.34587688E-01  9.86815299E-06  8.63077635E-06
2.34872409E-01  6.10983960E-06  8.61254583E-06
2.35157129E-01  2.07087253E-05  8.65431309E-06
2.35441848E-01  1.86063414E-05  8.57070132E-06
2.35726566E-01  1.16911247E-05  8.64399939E-06
2.36011282E-01  1.59387553E-05  8.58931815E-06
2.36295997E-01  -1.58727987E-06  8.56437384E-06
2.36580712E-01  1.46563374E-06  8.63412852E-06
2.36865425E-01  1.00492595E-05  8.49538746E-06
2.37150136E-01  1.89191405E-05  8.61320289E-06
2.37434847E-01  2.42202315E-05  8.57742936E-06
2.37719556E-01  2.24771947E-05  8.50096791E-06
2.38004265E-01  1.13174062E-05  8.59361070E-06
2.38288972E-01  6.73379775E-06  8.49156216E-06
2.38573678E-01  1.07043797E-05  8.58983265E-06
2.38858382E-01  1.00563801E-05  8.54161452E-06
2.39143086E-01  2.35570839E-05  8.51452656E-06
2.39427788E-01  5.77305699E-06  8.56633905E-06
2.39712490E-01  3.15624459E-05  8.48380062E-06
2.39997190E-01  5.96037369E-06  8.55506661E-06
2.40281888E-01  -2.08071471E-06  8.45567949E-06
2.40566586E-01  -4.08454884E-06  8.52085515E-06
2.40851283E-01  1.52960170E-05  8.51576322E-06
2.41135978E-01  1.48465175E-05  8.49177465E-06
2.41420672E-01  1.53228734E-05  8.54711046E-06
2.41705365E-01  1.42563223E-05  8.51191149E-06
2.41990056E-01  1.46071358E-05  8.53030188E-06
2.42274747E-01  4.87425561E-06  8.44463541E-06
2.42559436E-01  1.09755937E-05  8.45422125E-06
2.42844124E-01  4.50400362E-06  8.50369761E-06
2.43128811E-01  1.91297539E-05  8.44997826E-06
2.43413497E-01  1.48326508E-05  8.47669638E-06
2.43698182E-01  6.60270765E-06  8.42948145E-06
2.43982865E-01  1.19395946E-05  8.38079520E-06
2.44267547E-01  6.14735553E-06  8.35273335E-06
2.44552228E-01  1.18494513E-05  8.32873656E-06
2.44836908E-01  1.77148205E-05  8.40775098E-06
2.45121586E-01  7.97480475E-06  8.32725807E-06
2.45406263E-01  1.12452176E-05  8.38017123E-06
2.45690939E-01  -1.68165699E-07  8.42359143E-06
2.45975614E-01  -1.07084133E-05  8.32556988E-06
2.46260288E-01  1.68588992E-05  8.39330754E-06
2.46544960E-01  1.83565599E-05  8.33233899E-06
2.46829632E-01  2.46095370E-05  8.34462786E-06
2.47114302E-01  1.94550261E-06  8.39414289E-06
2.47398970E-01  1.81411792E-05  8.30502183E-06
2.47683638E-01  6.82036056E-06  8.33766288E-06
2.47968304E-01  3.48538938E-06  8.30465577E-06
2.48252969E-01  4.23941985E-06  8.41226337E-06
2.48537633E-01  1.01444616E-05  8.30087280E-06
2.48822296E-01  1.29945904E-05  8.45481951E-06
2.49106957E-01  2.88859233E-05  8.64592302E-06
2.49391617E-01  6.91500978E-06  8.68563084E-06
2.49676276E-01  4.66983783E-06  8.76310005E-06
2.49960934E-01  8.31696594E-06  8.74537299E-06
2.50245591E-01  2.00571650E-05  8.81223807E-06
2.50530246E-01  4.38990288E-06  8.81374590E-06
2.50814900E-01  1.16025567E-05  8.93670357E-06
2.51099553E-01  1.01942074E-05  8.89428855E-06
2.51384204E-01  1.81421932E-05  8.84541246E-06
2.51668855E-01  2.69996601E-05  8.98260117E-06
2.51953504E-01  5.64191343E-06  8.97893733E-06
2.52238152E-01  1.94294015E-05  9.04033212E-06
2.52522798E-01  1.66740301E-05  8.94144564E-06
2.52807443E-01  3.19657854E-05  8.99205252E-06
2.53092088E-01  1.05079053E-05  9.02556303E-06
2.53376730E-01  2.68314936E-05  8.98092414E-06
2.53661372E-01  1.39097547E-05  9.04030998E-06
2.53946012E-01  4.51450632E-06  9.10436943E-06
2.54230651E-01  -3.41117103E-06  9.05308074E-06
2.54515289E-01  -2.47343787E-06  9.18836310E-06
2.54799926E-01  2.79076739E-05  8.99841984E-06
2.55084561E-01  2.01203130E-05  9.11699097E-06
2.55369195E-01  -4.20558180E-06  9.08533611E-06
2.55653828E-01  2.60293521E-06  9.18377394E-06
2.55938460E-01  4.58253714E-08  9.18141444E-06
2.56223090E-01  1.58261622E-05  9.04741443E-06
2.56507719E-01  1.71251895E-05  9.17300370E-06
2.56792347E-01  1.22930696E-05  9.12454965E-06
2.57076973E-01  9.99443739E-06  9.17514585E-06
2.57361598E-01  8.14382475E-06  9.19014198E-06
2.57646222E-01  1.79534598E-05  9.09054378E-06
2.57930845E-01  1.78396936E-05  9.28245459E-06
2.58215466E-01  1.15408488E-05  9.25516695E-06
2.58500087E-01  1.28905515E-05  9.14625135E-06
2.58784705E-01  1.38074931E-06  9.27054966E-06
2.59069323E-01  4.65015663E-07  9.21690543E-06
2.59353939E-01  2.17646652E-05  9.34922247E-06
2.59638554E-01  1.53651579E-05  9.12318987E-06
2.59923168E-01  2.03671665E-05  9.30458211E-06
2.60207780E-01  -2.43194672E-06  9.30423717E-06
2.60492392E-01  1.16616603E-05  9.26531625E-06
2.60777002E-01  -2.49824400E-06  9.30497118E-06
2.61061610E-01  1.33722858E-07  9.13560162E-06
2.61346217E-01  1.98670757E-05  9.48337878E-06
2.61630823E-01  1.27937969E-05  9.48819084E-06
2.61915428E-01  2.77022926E-05  9.66957597E-06
2.62200032E-01  1.83319177E-05  9.81536445E-06
2.62484634E-01  2.50474973E-05  9.93886803E-06
2.62769235E-01  6.69654564E-06  1.01203192E-05
2.63053834E-01  -1.92831219E-07  1.01434544E-05
2.63338433E-01  2.07361452E-05  1.01985877E-05
2.63623029E-01  2.68954305E-05  1.02877963E-05
2.63907625E-01  6.16200900E-06  1.03600608E-05
2.64192220E-01  -7.16868111E-06  1.05219576E-05
2.64476813E-01  2.66481707E-05  1.05190168E-05
2.64761404E-01  1.44736981E-05  1.07001911E-05
2.65045995E-01  2.15671175E-05  1.07337434E-05
2.65330584E-01  8.94089295E-07  1.08241952E-05
2.65615172E-01  6.84274014E-06  1.08728857E-05
2.65899758E-01  1.44127528E-05  1.08598261E-05
2.66184343E-01  1.94132717E-05  1.10154801E-05
2.66468927E-01  -5.32933437E-06  1.10572413E-05
2.66753510E-01  8.42527779E-06  1.11455369E-05
2.67038091E-01  1.94027746E-05  1.10405099E-05
2.67322671E-01  1.01935010E-05  1.12092103E-05
2.67607250E-01  1.26694599E-05  1.12713162E-05
2.67891827E-01  2.10590891E-05  1.13012602E-05
2.68176403E-01  7.08669966E-06  1.13455205E-05
2.68460978E-01  2.98707940E-06  1.11862429E-05
2.68745551E-01  1.63798285E-05  1.13776480E-05
2.69030123E-01  2.82902550E-05  1.14669500E-05
2.69314694E-01  3.50281950E-05  1.12678983E-05
2.69599263E-01  1.31230181E-05  1.15891862E-05
2.69883831E-01  2.20927270E-05  1.15088015E-05
2.70168398E-01  6.78959022E-06  1.16132286E-05
2.70452963E-01  2.64634297E-05  1.14685550E-05
2.70737527E-01  4.27121655E-05  1.14738290E-05
2.71022090E-01  2.72317509E-05  1.15928850E-05
2.71306651E-01  1.03810846E-05  1.16557847E-05
2.71591212E-01  1.19290498E-05  1.16803122E-05
2.71875770E-01  9.87539553E-06  1.15301269E-05
2.72160328E-01  1.93034158E-05  1.17638190E-05
2.72444884E-01  8.21577183E-06  1.18083071E-05
2.72729438E-01  1.53651588E-05  1.17133013E-05
2.73013992E-01  1.93376423E-05  1.18508931E-05
2.73298544E-01  9.29840055E-06  1.18163703E-05
2.73583094E-01  8.46391098E-06  1.18805671E-05
2.73867643E-01  3.12329664E-06  1.19343505E-05
2.74152191E-01  1.71913782E-05  1.17843569E-05
2.74436738E-01  1.40343425E-05  1.19862384E-05
2.74721283E-01  2.20761471E-05  1.19097251E-05
2.75005827E-01  6.75271926E-06  1.21958515E-05
2.75290370E-01  6.63497493E-06  1.20281945E-05
2.75574911E-01  7.06521297E-06  1.20604341E-05
2.75859451E-01  -7.30677603E-06  1.23073438E-05
2.76143989E-01  3.64638723E-06  1.22093541E-05
2.76428526E-01  -4.99705047E-06  1.22783752E-05
2.76713062E-01  7.86101685E-06  1.22177363E-05
2.76997596E-01  2.57782564E-05  1.22398164E-05
2.77282129E-01  1.09204007E-05  1.25937577E-05
2.77566661E-01  -5.94460893E-06  1.21995566E-05
2.77851191E-01  4.01531541E-06  1.23950447E-05
2.78135720E-01  2.72852067E-05  1.23495736E-05
2.78420247E-01  2.59126661E-05  1.24409558E-05
2.78704773E-01  1.62438062E-05  1.24580156E-05
2.78989298E-01  -1.34237846E-05  1.23564244E-05
2.79273822E-01  1.25875864E-05  1.24878362E-05
2.79558344E-01  8.70050388E-06  1.24467919E-05
2.79842864E-01  1.38657769E-05  1.26460292E-05
2.80127383E-01  1.54993906E-05  1.25237504E-05
2.80411901E-01  5.37810567E-06  1.26347517E-05
2.80696418E-01  2.12654563E-05  1.28479531E-05
2.80980933E-01  1.46012083E-05  1.26059807E-05
2.81265447E-01  3.70375056E-05  1.28586563E-05
2.81549959E-01  2.76543454E-05  1.27294951E-05
2.81834470E-01  1.23766762E-05  1.29748462E-05
2.82118979E-01  2.27433125E-05  1.28912668E-05
2.82403488E-01  1.11063588E-05  1.28649948E-05
2.82687994E-01  2.48963798E-05  1.29398466E-05
2.82972500E-01  2.04079837E-05  1.29284587E-05
2.83257004E-01  2.79920609E-05  1.30527439E-05
2.83541506E-01  4.06236360E-05  1.29880819E-05
2.83826008E-01  1.92476239E-05  1.30941509E-05
2.84110507E-01  9.05706762E-06  1.33596739E-05
2.84395006E-01  -1.13448989E-05  1.30359955E-05
2.84679503E-01  3.10415328E-06  1.32548304E-05
2.84963998E-01  1.88064719E-05  1.31391158E-05
2.85248492E-01  9.89027424E-06  1.33198127E-05
2.85532985E-01  2.97905029E-05  1.34731983E-05
2.85817477E-01  3.57451005E-06  1.31662984E-05
2.86101967E-01  3.25482744E-05  1.35521151E-05
2.86386455E-01  1.57266764E-05  1.32588265E-05
2.86670942E-01  2.42620214E-05  1.35472283E-05
2.86955428E-01  3.90924072E-05  1.35560382E-05
2.87239912E-01  4.14257364E-06  1.34519223E-05
2.87524395E-01  8.65727481E-06  1.36454231E-05
2.87808877E-01  2.92393163E-05  1.34971131E-05
2.88093357E-01  -1.14530778E-05  1.37075498E-05
2.88377835E-01  1.02556439E-05  1.37262598E-05
2.88662313E-01  2.35526976E-05  1.37462177E-05
2.88946788E-01  1.98644795E-05  1.39415315E-05
2.89231263E-01  -5.75847852E-06  1.36229434E-05
2.89515736E-01  1.89568429E-05  1.40006273E-05
2.89800207E-01  1.75281198E-05  1.37487431E-05
2.90084677E-01  1.65239012E-05  1.39005316E-05
2.90369146E-01  2.78725745E-05  1.40964756E-05
2.90653613E-01  -2.35006521E-06  1.39306271E-05
2.90938079E-01  1.37092879E-05  1.42538743E-05
2.91222543E-01  -9.48764679E-07  1.39043783E-05
2.91507006E-01  4.44670899E-06  1.40277611E-05
2.91791468E-01  -6.54787392E-06  1.41219892E-05
2.92075928E-01  1.39574056E-05  1.39773219E-05
2.92360386E-01  1.47837928E-05  1.42342571E-05
2.92644843E-01  2.89176231E-06  1.41353845E-05
2.92929299E-01  5.79613503E-06  1.41663422E-05
2.93213753E-01  -3.34963446E-05  1.38757656E-05
2.93498206E-01  2.82006633E-05  1.42355694E-05
2.93782658E-01  -2.91363622E-06  1.42155234E-05
2.94067108E-01  3.32715258E-05  1.41537902E-05
2.94351556E-01  -7.15210977E-06  1.41698487E-05
2.94636003E-01  2.77072772E-05  1.42566914E-05
2.94920449E-01  2.45611497E-05  1.45640366E-05
2.95204893E-01  2.02610726E-05  1.43334925E-05
2.95489336E-01  8.96144802E-06  1.44814414E-05
2.95773777E-01  9.94612431E-06  1.47498421E-05
2.96058217E-01  2.47113677E-05  1.44317853E-05
2.96342655E-01  1.08967670E-05  1.47438277E-05
2.96627092E-01  2.76793477E-05  1.45517464E-05
2.96911527E-01  8.39216295E-06  1.47189565E-05
2.97195961E-01  1.26647102E-05  1.48529899E-05
2.97480393E-01  1.14184833E-05  1.46306459E-05
2.97764824E-01  5.52518958E-06  1.49892255E-05
2.98049254E-01  3.27871053E-05  1.47271140E-05
2.98333682E-01  2.47940729E-05  1.49354301E-05
2.98618109E-01  1.43605693E-05  1.48362799E-05
2.98902534E-01  8.91868134E-06  1.48719761E-05
2.99186957E-01  1.11553576E-05  1.49681903E-05
2.99471380E-01  2.90386850E-06  1.48195278E-05
2.99755800E-01  -5.84457825E-06  1.53539785E-05
3.00040219E-01  1.03923006E-05  1.50365072E-05
3.00324637E-01  3.60076317E-05  1.52137495E-05
3.00609053E-01  1.30836689E-05  1.53847633E-05
3.00893468E-01  2.70938911E-05  1.49917209E-05
3.01177882E-01  1.28460084E-05  1.55200299E-05
3.01462293E-01  3.57948000E-05  1.52429445E-05
3.01746704E-01  1.38397441E-05  1.56818002E-05
3.02031113E-01  2.03375237E-05  1.53321071E-05
3.02315520E-01  -2.75785597E-05  1.53985081E-05
3.02599926E-01  3.65024583E-06  1.56972108E-05
3.02884330E-01  1.82984194E-05  1.54590440E-05
3.03168733E-01  -2.19786331E-05  1.57247697E-05
3.03453134E-01  5.27596755E-06  1.58073129E-05
3.03737534E-01  9.71690892E-06  1.57795814E-05
3.04021933E-01  2.86058497E-05  1.61242255E-05
3.04306330E-01  1.96429572E-05  1.55687964E-05
3.04590725E-01  -1.31155165E-05  1.60091530E-05
3.04875119E-01  2.08119905E-05  1.60389410E-05
3.05159511E-01  1.04883890E-05  1.59601289E-05
3.05443902E-01  1.26971529E-05  1.63759225E-05
3.05728292E-01  1.67021511E-05  1.57695215E-05
3.06012679E-01  1.62290597E-05  1.62154622E-05
3.06297066E-01  3.15263826E-05  1.60435373E-05
3.06581451E-01  2.26789840E-05  1.66253689E-05
3.06865834E-01  2.93898208E-05  1.63373112E-05
3.07150216E-01  4.65134505E-06  1.64390993E-05
3.07434596E-01  1.36229699E-05  1.65570664E-05
3.07718975E-01  2.04635593E-05  1.64481970E-05
3.08003352E-01  3.30771768E-05  1.69668136E-05
3.08287728E-01  -3.45347388E-07  1.63400413E-05
3.08572102E-01  2.70124712E-05  1.68731420E-05
3.08856475E-01  1.16784049E-05  1.69894445E-05
3.09140846E-01  2.32396058E-05  1.64418349E-05
3.09425216E-01  1.52843320E-05  1.71338779E-05
3.09709584E-01  -5.60782815E-06  1.69371483E-05
3.09993951E-01  9.79277268E-07  1.70937391E-05
3.10278316E-01  -7.65441879E-06  1.72374524E-05
3.10562679E-01  1.05661453E-05  1.72158867E-05
3.10847042E-01  2.57823360E-05  1.74991584E-05
3.11131402E-01  9.49576191E-06  1.70063786E-05
3.11415761E-01  2.62296797E-05  1.73237245E-05
3.11700119E-01  4.61094975E-06  1.73876815E-05
3.11984474E-01  1.62514466E-05  1.74812007E-05
3.12268829E-01  -7.64223681E-06  1.74898727E-05
3.12553182E-01  1.66059681E-05  1.70610424E-05
3.12837533E-01  8.19044574E-07  1.77950331E-05
3.13121883E-01  5.28951912E-05  1.74068232E-05
3.13406231E-01  2.18712563E-06  1.78206030E-05
3.13690578E-01  5.21432172E-05  1.80245584E-05
3.13974923E-01  4.17971139E-05  1.75137433E-05
3.14259266E-01  3.33218427E-05  1.83642910E-05
3.14543608E-01  2.18766458E-05  1.73959388E-05
3.14827949E-01  2.80090595E-05  1.81811642E-05
3.15112288E-01  2.00259666E-05  1.81931032E-05
3.15396625E-01  1.47372078E-05  1.81531375E-05
3.15680961E-01  4.15697031E-06  1.85977380E-05
3.15965295E-01  -3.84577803E-08  1.79457551E-05
3.16249628E-01  3.35265288E-05  1.87332587E-05
3.16533959E-01  -8.33587164E-06  1.83650692E-05
3.16818289E-01  2.29729206E-05  1.85069937E-05
3.17102617E-01  2.38628023E-06  1.90705582E-05
3.17386944E-01  3.03766323E-05  1.82802436E-05
3.17671268E-01  9.49020285E-06  1.89853009E-05
3.17955592E-01  1.73105858E-05  1.87135197E-05
3.18239914E-01  2.61773192E-05  1.89772535E-05
3.18524234E-01  3.37021464E-05  1.89895059E-05
3.18808553E-01  3.53648919E-05  1.89724250E-05
3.19092870E-01  -5.81325993E-06  1.94626164E-05
3.19377185E-01  -9.74635200E-07  1.92107394E-05
3.19661499E-01  -2.37959037E-06  1.92703903E-05
3.19945811E-01  2.30269177E-05  1.92166787E-05
3.20230122E-01  4.62295641E-05  1.95885810E-05
3.20514432E-01  1.75077866E-05  2.00940089E-05
3.20798739E-01  1.10955602E-05  1.94416023E-05
3.21083045E-01  -4.09318926E-05  1.95430449E-05
3.21367350E-01  -3.10075053E-05  1.91827546E-05
3.21651653E-01  3.90320967E-05  1.98369565E-05
3.21935954E-01  -8.02236738E-06  2.02224353E-05
3.22220254E-01  -1.49059499E-05  1.97460244E-05
3.22504552E-01  3.20278380E-05  2.03855023E-05
3.22788848E-01  2.03697666E-05  1.95448256E-05
3.23073143E-01  -2.22268510E-05  2.01978711E-05
3.23357437E-01  -2.82968905E-06  1.98030041E-05
3.23641729E-01  -1.59481198E-05  1.99040641E-05
3.23926019E-01  4.72002693E-05  2.05196596E-05
3.24210307E-01  4.08270801E-06  1.94133794E-05
3.24494594E-01  3.98776278E-06  2.02168780E-05
3.24778880E-01  -1.52612690E-05  1.95538351E-05
3.25063164E-01  -6.08717187E-06  2.03494582E-05
3.25347446E-01  1.93522157E-05  2.07340129E-05
3.25631726E-01  -7.90946718E-06  1.95546915E-05
3.25916005E-01  -9.61512537E-06  2.08401984E-05
3.26200283E-01  -5.58970656E-06  2.00202201E-05
3.26484558E-01  2.36287277E-05  2.05763642E-05
3.26768833E-01  1.27744831E-05  2.06614808E-05
3.27053105E-01  4.10574366E-05  2.06233402E-05
3.27337376E-01  -1.32656011E-06  2.11923124E-05
3.27621646E-01  -1.15250234E-05  2.02196075E-05
3.27905913E-01  -2.83428211E-06  2.12859907E-05
3.28190179E-01  -5.62601946E-06  2.07980621E-05
3.28474444E-01  5.59493367E-05  2.15135241E-05
3.28758707E-01  2.26654820E-05  2.21544655E-05
3.29042968E-01  -6.22487793E-06  2.04840972E-05
3.29327228E-01  3.31608606E-05  2.21048073E-05
3.29611486E-01  4.30545240E-05  2.09269015E-05
3.29895742E-01  5.31890019E-05  2.18280815E-05
3.30179997E-01  -4.85225781E-06  2.18937199E-05
3.30464250E-01  1.26901551E-05  2.14432709E-05
3.30748502E-01  6.38023314E-06  2.26779966E-05
3.31032752E-01  1.52776711E-05  2.15538229E-05
3.31317000E-01  1.54995646E-05  2.27280722E-05
3.31601246E-01  2.68443857E-05  2.21383239E-05
3.31885492E-01  1.39909142E-05  2.24994379E-05
3.32169735E-01  2.27082918E-05  2.32318766E-05
3.32453977E-01  -2.50337114E-05  2.22223801E-05
3.32738217E-01  2.40677707E-05  2.32544582E-05
3.33022455E-01  3.15360813E-05  2.27327966E-05
3.33306692E-01  3.84923061E-05  2.30824148E-05
3.33590927E-01  2.33648933E-05  2.37903796E-05
3.33875161E-01  -3.63924612E-06  2.23134367E-05
3.34159393E-01  5.02658250E-05  2.44307717E-05
3.34443623E-01  1.89962776E-05  2.34285335E-05
3.34727852E-01  -3.84317166E-06  2.40505469E-05
3.35012078E-01  3.65640945E-05  2.40551515E-05
3.35296304E-01  9.83589249E-07  2.35764639E-05
3.35580527E-01  -2.03612614E-05  2.50051377E-05
3.35864749E-01  2.29762013E-05  2.35384684E-05
3.36148970E-01  2.44815695E-05  2.50923406E-05
3.36433189E-01  -2.46506746E-06  2.35511216E-05
3.36717406E-01  9.07051296E-07  2.49896747E-05
3.37001621E-01  5.92301640E-05  2.65134193E-05
3.37285835E-01  -1.32504393E-05  2.43317356E-05
3.37570047E-01  2.18987248E-05  2.63624755E-05
3.37854257E-01  3.08301909E-06  2.53155479E-05
3.38138466E-01  1.55982485E-05  2.56437813E-05
3.38422673E-01  5.41337826E-05  2.60910530E-05
3.38706878E-01  5.36320134E-05  2.58562011E-05
3.38991082E-01  -3.27383256E-06  2.70447751E-05
3.39275284E-01  8.69060007E-07  2.53671502E-05
3.39559485E-01  2.50279603E-05  2.73004560E-05
3.39843683E-01  2.93841776E-06  2.62077020E-05
3.40127881E-01  4.62313986E-05  2.64769617E-05
3.40412076E-01  6.89027526E-05  2.81215554E-05
3.40696270E-01  2.54459362E-06  2.60357919E-05
3.40980462E-01  -1.79260081E-05  2.83596981E-05
3.41264652E-01  2.45099479E-06  2.64419058E-05
3.41548841E-01  -1.08007837E-05  2.82204464E-05
3.41833028E-01  2.21206169E-05  2.89768036E-05
3.42117213E-01  -4.72269048E-06  2.75736975E-05
3.42401397E-01  2.99672751E-05  2.99833427E-05
3.42685579E-01  2.46007076E-05  2.75855582E-05
3.42969759E-01  2.69443454E-05  3.03899472E-05
3.43253938E-01  5.95111047E-05  2.94651720E-05
3.43538114E-01  1.18229911E-05  2.95050701E-05
3.43822290E-01  -3.40483272E-05  3.20159244E-05
3.44106463E-01  -1.49311805E-05  2.84659089E-05
3.44390635E-01  -1.37775614E-06  3.16175187E-05
3.44674805E-01  7.49085036E-06  2.98113699E-05
3.44958974E-01  5.15278635E-05  3.14046720E-05
3.45243140E-01  2.50668667E-05  3.31160739E-05
3.45527305E-01  7.54842441E-05  2.92544091E-05
3.45811469E-01  6.52550166E-06  3.35706213E-05
3.46095630E-01  1.33675197E-05  3.02938269E-05
3.46379790E-01  4.28675055E-05  3.43925301E-05
3.46663948E-01  1.89004422E-05  3.27927720E-05
3.46948105E-01  7.31682177E-05  3.29997882E-05
3.47232260E-01  -3.52107504E-05  3.50384616E-05
3.47516413E-01  5.53131792E-06  3.15668550E-05
3.47800564E-01  1.27083030E-05  3.51016026E-05
3.48084714E-01  3.95180091E-05  3.34595934E-05
3.48368862E-01  -1.04764645E-05  3.59625639E-05
3.48653008E-01  3.73206231E-05  3.76822167E-05
3.48937153E-01  4.03501620E-05  3.30044910E-05
3.49221296E-01  -1.52408944E-05  3.82579887E-05
3.49505437E-01  -4.40255715E-05  3.51478332E-05
3.49789576E-01  1.34021315E-05  3.84954873E-05
3.50073714E-01  1.80983713E-05  3.78075507E-05
3.50357850E-01  5.75430249E-05  3.68539539E-05
3.50641984E-01  2.61104209E-05  4.08242262E-05
3.50926116E-01  1.47339645E-05  3.77101014E-05
3.51210247E-01  -2.61181470E-05  4.06630977E-05
3.51494376E-01  -3.72579876E-05  4.05902370E-05
3.51778503E-01  2.78619591E-05  4.10393121E-05
3.52062629E-01  3.24313278E-05  4.47886842E-05
3.52346753E-01  4.18141635E-05  4.07828808E-05
3.52630875E-01  -2.55387395E-05  4.56191931E-05
3.52914995E-01  1.17361118E-04  4.34377962E-05
3.53199114E-01  1.03555003E-05  4.50185796E-05
3.53483231E-01  -8.63779029E-06  4.95570930E-05
3.53767346E-01  -3.85614885E-05  4.48573887E-05
3.54051460E-01  -1.76625741E-04  4.80358227E-05
3.54335571E-01  -1.17216326E-04  5.01070068E-05
3.54619681E-01  -3.10981110E-05  4.87514847E-05


### HEADER:
#
#{
#    "MW": "", 
#    "Notes": "", 
#    "analysis": {
#        "GNOM": {
#            "Dmax": "104", 
#            "Real_Space_I0": 0.9017, 
#            "Real_Space_I0_Err": 0.001517, 
#            "Real_Space_Rg": 29.99, 
#            "Real_Space_Rg_Err": 0.08736, 
#            "Total_Estimate": 0.7809, 
#            "qEnd": 0.3546196811541502, 
#            "qStart": 0.004277982565662648
#        }, 
#        "guinier": {
#            "I0": "0.901682335466", 
#            "I0_autorg_err": "1.314E-04", 
#            "I0_err": 0.0014633644299138129, 
#            "I0_est_err": -1, 
#            "I0_fit_err": 0.0014633644299138129, 
#            "Rg": "29.8901469464", 
#            "Rg_autorg_err": "0.0257", 
#            "Rg_err": 0.08933899992046984, 
#            "Rg_est_err": -1, 
#            "Rg_fit_err": 0.08933899992046984, 
#            "nEnd": 133, 
#            "nStart": 0, 
#            "qEnd": "0.04221", 
#            "qRg_max": "1.2616234468849696", 
#            "qRg_min": "0.12786952752197844", 
#            "qStart": "0.00428", 
#            "rsq": "0.9920175973522096"
#        }, 
#        "molecularWeight": {
#            "Absolute": {
#                "MW": ""
#            }, 
#            "I(0)Concentration": {
#                "MW": ""
#            }, 
#            "PorodVolume": {
#                "MW": "59.158095344953054", 
#                "VPorod": "117741.08854208874", 
#                "VPorod_Corrected": "71274.81366861814"
#            }, 
#            "VolumeOfCorrelation": {
#                "MW": "48.88523368610545", 
#                "Type": "Protein", 
#                "Vcor": "424.1133071991664"
#            }
#        }
#    }, 
#    "calibration_params": {
#        "Beam_Center_X": 916.815334881, 
#        "Beam_Center_Y": 873.645529801, 
#        "Detector_Pixel_Size": 0.172, 
#        "Radial_Average_Method": "RAW", 
#        "Sample-to-detector distance (mm)": 3667.54452034, 
#        "Wavelength (A)": 1.03320164497
#    }, 
#    "config_file": "/home/biocat/.RAW/backup.cfg", 
#    "counters": {
#        "Coflow_on": "True", 
#        "D_hutch_shutter_open": "True", 
#        "Date": "2019-10-19 21:51:21.200898", 
#        "Exposure time/frame (s)": "0.5", 
#        "Exposure_period/frame_s": "1.0", 
#        "File_prefix": "NN8_012", 
#        "Flow rate (ml/min)": "0.7", 
#        "Front_end_shutter_open": "True", 
#        "I0_gain": "1e+05", 
#        "I1_gain": "1e+06", 
#        "I2_gain": "1e+03", 
#        "I3_gain": "1e+03", 
#        "Instrument": "BioCAT (Sector 18, APS)", 
#        "Number_of_frames": "1900", 
#        "Outlet_flow_rate_mL/min": "1.4", 
#        "Save_directory": "/nas_data/2019_Run3/20191015Hopkins/Noinaj/NN8", 
#        "Sheath_excess_ratio": "2.1", 
#        "Sheath_inlet_flow_rate_including_excess_mL/min": "1.47", 
#        "Sheath_ratio": "0.5", 
#        "Wait_for_trigger": "False"
#    }, 
#    "filename": "NN8_alt.dat", 
#    "history": {
#        "subtraction": {
#            "initial_file": [
#                "A_NN8_012_1284.tif", 
#                {
#                    "averaged_files": [
#                        [
#                            "NN8_012_1284.tif"
#                        ], 
#                        [
#                            "NN8_012_1285.tif"
#                        ], 
#                        [
#                            "NN8_012_1286.tif"
#                        ], 
#                        [
#                            "NN8_012_1287.tif"
#                        ], 
#                        [
#                            "NN8_012_1288.tif"
#                        ], 
#                        [
#                            "NN8_012_1289.tif"
#                        ], 
#                        [
#                            "NN8_012_1290.tif"
#                        ], 
#                        [
#                            "NN8_012_1291.tif"
#                        ], 
#                        [
#                            "NN8_012_1292.tif"
#                        ], 
#                        [
#                            "NN8_012_1293.tif"
#                        ], 
#                        [
#                            "NN8_012_1294.tif"
#                        ], 
#                        [
#                            "NN8_012_1295.tif"
#                        ], 
#                        [
#                            "NN8_012_1296.tif"
#                        ], 
#                        [
#                            "NN8_012_1297.tif"
#                        ], 
#                        [
#                            "NN8_012_1298.tif"
#                        ], 
#                        [
#                            "NN8_012_1299.tif"
#                        ], 
#                        [
#                            "NN8_012_1300.tif"
#                        ], 
#                        [
#                            "NN8_012_1301.tif"
#                        ]
#                    ]
#                }
#            ], 
#            "subtracted_file": [
#                "A_NN8_012_1117.tif", 
#                {
#                    "averaged_files": [
#                        [
#                            "NN8_012_1117.tif"
#                        ], 
#                        [
#                            "NN8_012_1118.tif"
#                        ], 
#                        [
#                            "NN8_012_1119.tif"
#                        ], 
#                        [
#                            "NN8_012_1120.tif"
#                        ], 
#                        [
#                            "NN8_012_1121.tif"
#                        ], 
#                        [
#                            "NN8_012_1122.tif"
#                        ], 
#                        [
#                            "NN8_012_1123.tif"
#                        ], 
#                        [
#                            "NN8_012_1124.tif"
#                        ], 
#                        [
#                            "NN8_012_1125.tif"
#                        ], 
#                        [
#                            "NN8_012_1126.tif"
#                        ], 
#                        [
#                            "NN8_012_1127.tif"
#                        ], 
#                        [
#                            "NN8_012_1128.tif"
#                        ], 
#                        [
#                            "NN8_012_1129.tif"
#                        ], 
#                        [
#                            "NN8_012_1130.tif"
#                        ], 
#                        [
#                            "NN8_012_1131.tif"
#                        ], 
#                        [
#                            "NN8_012_1132.tif"
#                        ], 
#                        [
#                            "NN8_012_1133.tif"
#                        ], 
#                        [
#                            "NN8_012_1134.tif"
#                        ], 
#                        [
#                            "NN8_012_1135.tif"
#                        ], 
#                        [
#                            "NN8_012_1136.tif"
#                        ], 
#                        [
#                            "NN8_012_1137.tif"
#                        ], 
#                        [
#                            "NN8_012_1138.tif"
#                        ], 
#                        [
#                            "NN8_012_1139.tif"
#                        ], 
#                        [
#                            "NN8_012_1140.tif"
#                        ], 
#                        [
#                            "NN8_012_1141.tif"
#                        ], 
#                        [
#                            "NN8_012_1142.tif"
#                        ], 
#                        [
#                            "NN8_012_1143.tif"
#                        ], 
#                        [
#                            "NN8_012_1144.tif"
#                        ], 
#                        [
#                            "NN8_012_1145.tif"
#                        ], 
#                        [
#                            "NN8_012_1146.tif"
#                        ], 
#                        [
#                            "NN8_012_1147.tif"
#                        ], 
#                        [
#                            "NN8_012_1148.tif"
#                        ], 
#                        [
#                            "NN8_012_1149.tif"
#                        ], 
#                        [
#                            "NN8_012_1150.tif"
#                        ], 
#                        [
#                            "NN8_012_1151.tif"
#                        ]
#                    ]
#                }
#            ]
#        }
#    }, 
#    "imageHeader": {
#        "Count_cutoff": "1157021 counts", 
#        "Excluded_pixels": "badpix_mask.tif", 
#        "Exposure_period": "1.0025000 s", 
#        "Exposure_time": "1.0000000 s", 
#        "Flat_field": "FF_p10-0130_E12000_T6000_vrf_m0p100.tif", 
#        "Gain_setting": "autog (vrf = 1.000)", 
#        "Image_path": "/ramdisk/Noinaj/NN8/", 
#        "N_excluded_pixels": "35", 
#        "Pixel_size": "172e-6 m x 172e-6 m", 
#        "Ratecorr_lut_directory": "ContinuousStandard_v1.1", 
#        "Retrigger_mode": "1", 
#        "Silicon": "sensor, thickness 0.000450 m", 
#        "Tau": "0 s", 
#        "Threshold_setting": "6000 eV", 
#        "Trim_file": "p10-0130_E12000_T6000.bin"
#    }, 
#    "metadata": {
#        "Detector": "Pilatus3 X 1M"
#    }, 
#    "normalizations": {
#        "Counter_norms": [
#            [
#                "/", 
#                "I0/1e5"
#            ]
#        ], 
#        "Solid_Angle_Correction": "On"
#    }, 
#    "raw_version": "1.6.0"
#}

