         Dro:  0.012 Rg: 33.19 Vol: 101381. Chi^2: 1.520
  9.724850e-03   2.199819e+00   2.850627e-02   2.122929e+00
  1.029690e-02   2.132085e+00   2.472889e-02   2.114016e+00
  1.086895e-02   2.115792e+00   2.267632e-02   2.103113e+00
  1.144099e-02   2.130086e+00   2.182601e-02   2.092210e+00
  1.201304e-02   2.093469e+00   1.904496e-02   2.081307e+00
  1.258509e-02   2.112705e+00   1.946032e-02   2.070404e+00
  1.315713e-02   2.071193e+00   1.804679e-02   2.059501e+00
  1.372918e-02   2.062584e+00   1.835595e-02   2.048598e+00
  1.430123e-02   2.038537e+00   1.719101e-02   2.037695e+00
  1.487327e-02   2.015828e+00   1.797605e-02   2.026792e+00
  1.544532e-02   2.035085e+00   1.915011e-02   2.013084e+00
  1.601736e-02   2.040598e+00   1.666281e-02   1.998577e+00
  1.658940e-02   1.986440e+00   1.664559e-02   1.984070e+00
  1.716145e-02   1.994022e+00   1.609123e-02   1.969564e+00
  1.773349e-02   1.946922e+00   1.592486e-02   1.955057e+00
  1.830553e-02   1.946437e+00   1.617472e-02   1.940550e+00
  1.887758e-02   1.932934e+00   1.653711e-02   1.926044e+00
  1.944962e-02   1.929533e+00   1.450106e-02   1.911537e+00
  2.002166e-02   1.893974e+00   1.525086e-02   1.896920e+00
  2.059370e-02   1.867244e+00   1.437536e-02   1.879502e+00
  2.116574e-02   1.868269e+00   1.409644e-02   1.862083e+00
  2.173778e-02   1.837062e+00   1.284953e-02   1.844665e+00
  2.230981e-02   1.827286e+00   1.357284e-02   1.827246e+00
  2.288185e-02   1.825434e+00   1.380680e-02   1.809828e+00
  2.345389e-02   1.775237e+00   1.338055e-02   1.792409e+00
  2.402593e-02   1.784497e+00   1.294886e-02   1.774991e+00
  2.459796e-02   1.728286e+00   1.228591e-02   1.757572e+00
  2.517000e-02   1.721910e+00   1.312799e-02   1.739527e+00
  2.574203e-02   1.714524e+00   1.220876e-02   1.720000e+00
  2.631406e-02   1.707637e+00   1.200452e-02   1.700472e+00
  2.688610e-02   1.681099e+00   1.241952e-02   1.680944e+00
  2.745813e-02   1.664807e+00   1.207221e-02   1.661417e+00
  2.803016e-02   1.639066e+00   1.156197e-02   1.641889e+00
  2.860219e-02   1.623717e+00   1.067867e-02   1.622361e+00
  2.917422e-02   1.627454e+00   1.033043e-02   1.602834e+00
  2.974625e-02   1.585124e+00   1.009709e-02   1.583306e+00
  3.031827e-02   1.564071e+00   1.011769e-02   1.563083e+00
  3.089030e-02   1.546774e+00   1.074831e-02   1.542305e+00
  3.146233e-02   1.526134e+00   9.886495e-03   1.521527e+00
  3.203435e-02   1.498500e+00   1.014119e-02   1.500749e+00
  3.260638e-02   1.465081e+00   1.011470e-02   1.479971e+00
  3.317840e-02   1.458681e+00   1.042328e-02   1.459193e+00
  3.375042e-02   1.454667e+00   1.002976e-02   1.438415e+00
  3.432244e-02   1.423485e+00   9.967295e-03   1.417637e+00
  3.489446e-02   1.396908e+00   9.526464e-03   1.396860e+00
  3.546648e-02   1.367852e+00   9.583814e-03   1.375762e+00
  3.603850e-02   1.353990e+00   9.973987e-03   1.354592e+00
  3.661052e-02   1.340115e+00   9.562640e-03   1.333423e+00
  3.718253e-02   1.312359e+00   9.288277e-03   1.312253e+00
  3.775455e-02   1.289481e+00   9.501208e-03   1.291083e+00
  3.832656e-02   1.265027e+00   9.045103e-03   1.269914e+00
  3.889857e-02   1.248076e+00   8.530419e-03   1.248744e+00
  3.947058e-02   1.224195e+00   8.876446e-03   1.227575e+00
  4.004259e-02   1.212200e+00   9.186790e-03   1.206436e+00
  4.061460e-02   1.190379e+00   9.410748e-03   1.185679e+00
  4.118661e-02   1.175022e+00   8.455338e-03   1.164923e+00
  4.175862e-02   1.140582e+00   8.518962e-03   1.144167e+00
  4.233062e-02   1.114147e+00   8.425657e-03   1.123411e+00
  4.290263e-02   1.097864e+00   8.630898e-03   1.102655e+00
  4.347463e-02   1.092800e+00   8.076253e-03   1.081899e+00
  4.404663e-02   1.072517e+00   8.005335e-03   1.061143e+00
  4.461863e-02   1.047660e+00   8.252085e-03   1.040387e+00
  4.519063e-02   1.006297e+00   8.312755e-03   1.020004e+00
  4.576263e-02   1.008330e+00   7.791562e-03   1.000366e+00
  4.633463e-02   9.863511e-01   7.719702e-03   9.807294e-01
  4.690662e-02   9.558752e-01   7.756389e-03   9.610924e-01
  4.747861e-02   9.474781e-01   7.633041e-03   9.414554e-01
  4.805061e-02   9.201911e-01   7.281258e-03   9.218185e-01
  4.862260e-02   8.995122e-01   7.338165e-03   9.021816e-01
  4.919459e-02   8.754847e-01   7.351272e-03   8.825448e-01
  4.976657e-02   8.726275e-01   7.372970e-03   8.629081e-01
  5.033856e-02   8.566444e-01   7.534882e-03   8.442712e-01
  5.091055e-02   8.136905e-01   6.912261e-03   8.263237e-01
  5.148253e-02   8.063917e-01   7.076802e-03   8.083763e-01
  5.205451e-02   7.839026e-01   6.952056e-03   7.904289e-01
  5.262649e-02   7.833682e-01   6.823673e-03   7.724816e-01
  5.319847e-02   7.530179e-01   6.727038e-03   7.545343e-01
  5.377045e-02   7.245765e-01   6.596477e-03   7.365870e-01
  5.434242e-02   7.218256e-01   6.614364e-03   7.186398e-01
  5.491440e-02   7.063819e-01   6.489815e-03   7.006927e-01
  5.548637e-02   6.812269e-01   6.433068e-03   6.845324e-01
  5.605834e-02   6.533365e-01   6.319337e-03   6.686866e-01
  5.663031e-02   6.480679e-01   6.364055e-03   6.528409e-01
  5.720228e-02   6.334233e-01   6.164095e-03   6.369952e-01
  5.777424e-02   6.145948e-01   5.920729e-03   6.211496e-01
  5.834621e-02   6.019806e-01   6.165442e-03   6.053040e-01
  5.891817e-02   5.762463e-01   6.054253e-03   5.894584e-01
  5.949013e-02   5.747465e-01   5.796182e-03   5.736130e-01
  6.006209e-02   5.602031e-01   5.915075e-03   5.580221e-01
  6.063405e-02   5.503950e-01   5.837094e-03   5.445224e-01
  6.120600e-02   5.344134e-01   5.837682e-03   5.310226e-01
  6.177796e-02   5.167770e-01   5.823812e-03   5.175229e-01
  6.234991e-02   5.107141e-01   5.799411e-03   5.040233e-01
  6.292186e-02   4.844495e-01   5.633981e-03   4.905236e-01
  6.349381e-02   4.773006e-01   5.461836e-03   4.770241e-01
  6.406575e-02   4.651216e-01   5.108689e-03   4.635246e-01
  6.463770e-02   4.525467e-01   5.046770e-03   4.500251e-01
  6.520964e-02   4.416799e-01   5.120230e-03   4.374149e-01
  6.578158e-02   4.301132e-01   5.225219e-03   4.263416e-01
  6.635352e-02   4.226376e-01   5.273012e-03   4.152684e-01
  6.692546e-02   4.021511e-01   5.139988e-03   4.041952e-01
  6.749739e-02   3.881964e-01   5.146854e-03   3.931220e-01
  6.806933e-02   3.752679e-01   5.152175e-03   3.820489e-01
  6.864126e-02   3.671181e-01   5.107001e-03   3.709758e-01
  6.921319e-02   3.594435e-01   5.013334e-03   3.599028e-01
  6.978511e-02   3.476302e-01   4.959382e-03   3.488298e-01
  7.035704e-02   3.453441e-01   4.817823e-03   3.392292e-01
  7.092896e-02   3.392492e-01   4.989615e-03   3.305148e-01
  7.150088e-02   3.106363e-01   4.757997e-03   3.218004e-01
  7.207280e-02   3.115010e-01   4.968355e-03   3.130860e-01
  7.264472e-02   3.091725e-01   4.694385e-03   3.043717e-01
  7.321663e-02   2.975069e-01   4.703770e-03   2.956574e-01
  7.378854e-02   2.848514e-01   4.749630e-03   2.869431e-01
  7.436045e-02   2.756327e-01   4.590040e-03   2.782289e-01
  7.493236e-02   2.661741e-01   4.668803e-03   2.695147e-01
  7.550426e-02   2.666398e-01   4.567612e-03   2.627121e-01
  7.607617e-02   2.499330e-01   4.550778e-03   2.561659e-01
  7.664807e-02   2.535964e-01   4.574055e-03   2.496198e-01
  7.721997e-02   2.377896e-01   4.500749e-03   2.430736e-01
  7.779186e-02   2.298630e-01   4.508884e-03   2.365275e-01
  7.836376e-02   2.250177e-01   4.545481e-03   2.299815e-01
  7.893565e-02   2.236104e-01   4.553257e-03   2.234354e-01
  7.950754e-02   2.161713e-01   4.520284e-03   2.168894e-01
  8.007943e-02   2.128751e-01   4.346635e-03   2.106053e-01
  8.065131e-02   2.103613e-01   4.494123e-03   2.059452e-01
  8.122320e-02   2.042006e-01   4.368490e-03   2.012852e-01
  8.179508e-02   1.953019e-01   4.403231e-03   1.966252e-01
  8.236695e-02   1.902303e-01   4.363108e-03   1.919652e-01
  8.293883e-02   1.857440e-01   4.305021e-03   1.873052e-01
  8.351070e-02   1.764847e-01   4.300492e-03   1.826452e-01
  8.408257e-02   1.788928e-01   4.330778e-03   1.779853e-01
  8.465444e-02   1.718162e-01   4.093146e-03   1.733253e-01
  8.522631e-02   1.755057e-01   4.207240e-03   1.692776e-01
  8.579817e-02   1.605128e-01   4.141736e-03   1.661646e-01
  8.637003e-02   1.589841e-01   4.217894e-03   1.630516e-01
  8.694189e-02   1.669289e-01   4.160237e-03   1.599386e-01
  8.751374e-02   1.534421e-01   4.106652e-03   1.568257e-01
  8.808560e-02   1.479358e-01   4.091726e-03   1.537127e-01
  8.865745e-02   1.554212e-01   4.113614e-03   1.505998e-01
  8.922930e-02   1.487047e-01   3.978543e-03   1.474869e-01
  8.980114e-02   1.448905e-01   3.894424e-03   1.443740e-01
  9.037298e-02   1.392343e-01   4.076558e-03   1.420340e-01
  9.094482e-02   1.351523e-01   4.053712e-03   1.401062e-01
  9.151666e-02   1.439938e-01   4.063229e-03   1.381784e-01
  9.208849e-02   1.352391e-01   3.856290e-03   1.362506e-01
  9.266033e-02   1.321220e-01   3.989987e-03   1.343228e-01
  9.323216e-02   1.298104e-01   4.052550e-03   1.323950e-01
  9.380398e-02   1.317136e-01   4.054837e-03   1.304673e-01
  9.437581e-02   1.225177e-01   4.022818e-03   1.285395e-01
  9.494763e-02   1.251151e-01   3.915989e-03   1.266118e-01
  9.551944e-02   1.211516e-01   3.968387e-03   1.254393e-01
  9.609126e-02   1.246762e-01   4.013887e-03   1.243429e-01
  9.666307e-02   1.228398e-01   3.960578e-03   1.232466e-01
  9.723488e-02   1.215315e-01   3.909242e-03   1.221502e-01
  9.780669e-02   1.175010e-01   4.001292e-03   1.210539e-01
  9.837849e-02   1.138742e-01   3.812247e-03   1.199575e-01
  9.895029e-02   1.081413e-01   3.647233e-03   1.188612e-01
  9.952209e-02   1.147544e-01   3.720297e-03   1.177649e-01
  1.000939e-01   1.160598e-01   3.803957e-03   1.167525e-01
  1.006657e-01   1.185801e-01   3.869058e-03   1.161675e-01
  1.012375e-01   1.172273e-01   3.816087e-03   1.155825e-01
  1.018093e-01   1.071416e-01   3.828474e-03   1.149975e-01
  1.023810e-01   1.152667e-01   3.832651e-03   1.144124e-01
  1.029528e-01   1.096183e-01   3.877724e-03   1.138274e-01
  1.035246e-01   1.100491e-01   3.924647e-03   1.132424e-01
  1.040964e-01   1.114222e-01   3.810755e-03   1.126574e-01
  1.046681e-01   1.093671e-01   3.816218e-03   1.120724e-01
  1.052399e-01   1.033159e-01   3.972382e-03   1.115894e-01
  1.058117e-01   1.045612e-01   3.870022e-03   1.112476e-01
  1.063834e-01   1.074227e-01   3.907686e-03   1.109057e-01
  1.069552e-01   1.116310e-01   3.752388e-03   1.105639e-01
  1.075269e-01   1.077261e-01   3.935394e-03   1.102220e-01
  1.080987e-01   1.041183e-01   3.942626e-03   1.098802e-01
  1.086705e-01   9.864744e-02   3.931938e-03   1.095384e-01
  1.092422e-01   1.011614e-01   3.821508e-03   1.091965e-01
  1.098139e-01   1.113824e-01   3.966105e-03   1.088547e-01
  1.103857e-01   1.071294e-01   3.931457e-03   1.085384e-01
  1.109574e-01   1.038467e-01   3.939813e-03   1.082343e-01
  1.115291e-01   1.049220e-01   3.858866e-03   1.079303e-01
  1.121009e-01   9.687437e-02   3.848530e-03   1.076262e-01
  1.126726e-01   1.017312e-01   3.821571e-03   1.073222e-01
  1.132443e-01   1.035835e-01   3.924473e-03   1.070182e-01
  1.138161e-01   1.073410e-01   3.878800e-03   1.067141e-01
  1.143878e-01   9.969389e-02   3.914085e-03   1.064101e-01
  1.149595e-01   1.039808e-01   3.996875e-03   1.061061e-01
  1.155312e-01   9.950975e-02   4.018507e-03   1.057076e-01
  1.161029e-01   1.047632e-01   3.855299e-03   1.053020e-01
  1.166746e-01   9.965230e-02   3.929909e-03   1.048964e-01
  1.172463e-01   1.048851e-01   3.868068e-03   1.044908e-01
  1.178180e-01   9.748314e-02   4.012955e-03   1.040851e-01
  1.183897e-01   1.001890e-01   3.948612e-03   1.036795e-01
  1.189614e-01   9.576925e-02   3.956743e-03   1.032739e-01
  1.195331e-01   9.690017e-02   3.954067e-03   1.028683e-01
  1.201047e-01   9.852091e-02   3.935476e-03   1.024300e-01
  1.206764e-01   9.512318e-02   3.857634e-03   1.018462e-01
  1.212481e-01   9.111553e-02   3.992329e-03   1.012623e-01
  1.218198e-01   8.925170e-02   3.943979e-03   1.006784e-01
  1.223914e-01   9.492012e-02   3.953522e-03   1.000946e-01
  1.229631e-01   9.805201e-02   4.035727e-03   9.951069e-02
  1.235348e-01   9.607419e-02   3.929316e-03   9.892683e-02
  1.241064e-01   9.256563e-02   3.959857e-03   9.834297e-02
  1.246781e-01   1.027863e-01   3.919006e-03   9.775912e-02
  1.252497e-01   9.222464e-02   3.951436e-03   9.708757e-02
  1.258214e-01   9.490110e-02   3.909341e-03   9.630297e-02
  1.263930e-01   8.930543e-02   3.975442e-03   9.551838e-02
  1.269647e-01   9.356070e-02   3.878716e-03   9.473379e-02
  1.275363e-01   9.375959e-02   3.912644e-03   9.394921e-02
  1.281079e-01   8.988186e-02   3.944695e-03   9.316464e-02
  1.286795e-01   8.024162e-02   3.973172e-03   9.238007e-02
  1.292512e-01   9.575645e-02   3.903930e-03   9.159550e-02
  1.298228e-01   8.415368e-02   4.004240e-03   9.081094e-02
  1.303944e-01   8.787420e-02   3.843683e-03   8.990152e-02
  1.309660e-01   8.586839e-02   3.891201e-03   8.893601e-02
  1.315376e-01   7.885519e-02   4.035039e-03   8.797051e-02
  1.321092e-01   8.184648e-02   3.966891e-03   8.700501e-02
  1.326808e-01   8.953455e-02   3.926367e-03   8.603952e-02
  1.332524e-01   8.081406e-02   3.787073e-03   8.507403e-02
  1.338240e-01   8.476511e-02   3.556314e-03   8.410856e-02
  1.343956e-01   8.283983e-02   3.609251e-03   8.314308e-02
  1.349672e-01   8.353882e-02   3.719676e-03   8.217762e-02
  1.355388e-01   8.058903e-02   3.775391e-03   8.108730e-02
  1.361104e-01   7.570996e-02   3.807527e-03   7.998939e-02
  1.366819e-01   7.764819e-02   3.766718e-03   7.889148e-02
  1.372535e-01   7.414127e-02   3.815852e-03   7.779358e-02
  1.378251e-01   7.684765e-02   3.709672e-03   7.669569e-02
  1.383966e-01   7.570984e-02   3.748043e-03   7.559781e-02
  1.389682e-01   7.250446e-02   3.862299e-03   7.449993e-02
  1.395397e-01   7.478450e-02   3.797990e-03   7.340207e-02
  1.401113e-01   7.249564e-02   3.836955e-03   7.229082e-02
  1.406828e-01   7.147688e-02   3.805338e-03   7.112420e-02
  1.412544e-01   6.544865e-02   3.833624e-03   6.995759e-02
  1.418259e-01   6.974170e-02   3.850334e-03   6.879099e-02
  1.423974e-01   7.304422e-02   3.797963e-03   6.762440e-02
  1.429690e-01   6.621269e-02   3.792952e-03   6.645781e-02
  1.435405e-01   7.135098e-02   3.943170e-03   6.529124e-02
  1.441120e-01   6.428977e-02   3.785311e-03   6.412467e-02
  1.446835e-01   6.371269e-02   3.797552e-03   6.295812e-02
  1.452550e-01   5.690805e-02   3.862751e-03   6.179072e-02
  1.458266e-01   6.442282e-02   3.797497e-03   6.062227e-02
  1.463981e-01   6.053944e-02   3.884162e-03   5.945383e-02
  1.469696e-01   6.118601e-02   3.843849e-03   5.828539e-02
  1.475410e-01   5.869244e-02   3.886673e-03   5.711697e-02
  1.481125e-01   6.045355e-02   3.834756e-03   5.594855e-02
  1.486840e-01   5.466003e-02   3.908208e-03   5.478015e-02
  1.492555e-01   5.952279e-02   3.996328e-03   5.361175e-02
  1.498270e-01   5.534259e-02   3.815805e-03   5.244336e-02
  1.503985e-01   5.165727e-02   3.881087e-03   5.131580e-02
  1.509699e-01   5.403688e-02   3.953888e-03   5.020596e-02
  1.515414e-01   5.587408e-02   3.840496e-03   4.909613e-02
  1.521128e-01   5.771045e-02   3.860421e-03   4.798631e-02
  1.526843e-01   4.939246e-02   3.872631e-03   4.687651e-02
  1.532558e-01   4.747012e-02   3.797899e-03   4.576670e-02
  1.538272e-01   5.178958e-02   3.885252e-03   4.465691e-02
  1.543986e-01   4.712682e-02   3.905254e-03   4.354713e-02
  1.549701e-01   4.464147e-02   3.793755e-03   4.243735e-02
  1.555415e-01   4.465101e-02   3.812686e-03   4.142805e-02
  1.561129e-01   4.679491e-02   3.839028e-03   4.042431e-02
  1.566844e-01   4.151045e-02   3.900302e-03   3.942058e-02
  1.572558e-01   4.148243e-02   3.861779e-03   3.841686e-02
  1.578272e-01   3.479608e-02   3.881650e-03   3.741314e-02
  1.583986e-01   4.144587e-02   3.733988e-03   3.640944e-02
  1.589700e-01   3.850848e-02   3.784662e-03   3.540574e-02
  1.595414e-01   3.931152e-02   3.803290e-03   3.440204e-02
  1.601128e-01   3.727564e-02   3.855681e-03   3.342543e-02
  1.606842e-01   3.313130e-02   3.724117e-03   3.255889e-02
  1.612556e-01   3.923825e-02   3.868909e-03   3.169235e-02
  1.618270e-01   3.980231e-02   3.781406e-03   3.082582e-02
  1.623983e-01   2.947317e-02   3.767044e-03   2.995930e-02
  1.629697e-01   2.798601e-02   3.832123e-03   2.909279e-02
  1.635411e-01   3.491061e-02   3.897530e-03   2.822628e-02
  1.641124e-01   2.483057e-02   3.862679e-03   2.735978e-02
  1.646838e-01   3.102748e-02   3.829435e-03   2.649328e-02
  1.652551e-01   3.225112e-02   3.708690e-03   2.569438e-02
  1.658265e-01   3.110312e-02   3.782079e-03   2.497922e-02
  1.663978e-01   3.305289e-02   3.787846e-03   2.426408e-02
  1.669692e-01   2.990837e-02   3.838490e-03   2.354894e-02
  1.675405e-01   3.135324e-02   3.819182e-03   2.283381e-02
  1.681118e-01   2.580931e-02   3.671540e-03   2.211868e-02
  1.686832e-01   2.427931e-02   3.491087e-03   2.140356e-02
  1.692545e-01   2.469347e-02   3.404417e-03   2.068845e-02
  1.698258e-01   2.706636e-02   3.635541e-03   1.997334e-02
  1.703971e-01   1.828357e-02   3.678567e-03   1.936276e-02
  1.709684e-01   2.503901e-02   3.623371e-03   1.879805e-02
  1.715397e-01   2.176034e-02   3.640251e-03   1.823334e-02
  1.721110e-01   2.828090e-02   3.682114e-03   1.766863e-02
  1.726823e-01   3.015563e-02   3.639639e-03   1.710393e-02
  1.732536e-01   1.969065e-02   3.693125e-03   1.653923e-02
  1.738248e-01   2.066924e-02   3.677157e-03   1.597454e-02
  1.743961e-01   2.292633e-02   3.700176e-03   1.540986e-02
  1.749674e-01   2.273891e-02   3.701983e-03   1.484517e-02
  1.755386e-01   1.846112e-02   3.632005e-03   1.441028e-02
  1.761099e-01   2.126695e-02   3.576142e-03   1.398324e-02
  1.766812e-01   2.027584e-02   3.634471e-03   1.355621e-02
  1.772524e-01   1.302285e-02   3.720758e-03   1.312918e-02
  1.778236e-01   2.030618e-02   3.649048e-03   1.270215e-02
  1.783949e-01   1.377552e-02   3.790886e-03   1.227513e-02
  1.789661e-01   1.058254e-02   3.724953e-03   1.184811e-02
  1.795373e-01   1.648620e-02   3.752987e-03   1.142110e-02
  1.801086e-01   1.411109e-02   3.803252e-03   1.101637e-02
  1.806798e-01   1.687239e-02   3.784423e-03   1.070661e-02
  1.812510e-01   1.480198e-02   3.730989e-03   1.039686e-02
  1.818222e-01   1.172075e-02   3.795684e-03   1.008711e-02
  1.823934e-01   1.812420e-02   3.762910e-03   9.777360e-03
  1.829646e-01   1.796405e-02   3.783685e-03   9.467613e-03
  1.835358e-01   1.575018e-02   3.778062e-03   9.157871e-03
  1.841070e-01   1.517432e-02   3.812252e-03   8.848130e-03
  1.846781e-01   1.570924e-02   3.718431e-03   8.538393e-03
  1.852493e-01   1.110611e-02   3.714841e-03   8.269450e-03
  1.858205e-01   1.733957e-02   3.738066e-03   8.053170e-03
  1.863916e-01   1.738599e-02   3.767188e-03   7.836892e-03
  1.869628e-01   9.358088e-03   3.731324e-03   7.620616e-03
  1.875340e-01   5.250102e-03   3.719074e-03   7.404341e-03
  1.881051e-01   8.132197e-03   3.809255e-03   7.188069e-03
  1.886762e-01   1.005833e-02   3.761084e-03   6.971800e-03
  1.892474e-01   8.109742e-03   3.807368e-03   6.755532e-03
  1.898185e-01   1.567657e-02   3.854394e-03   6.539266e-03
  1.903896e-01   9.918569e-03   3.693980e-03   6.370731e-03
  1.909607e-01   1.072535e-02   3.637434e-03   6.224429e-03
  1.915319e-01   4.033764e-03   3.779741e-03   6.078130e-03
  1.921030e-01   1.355008e-02   3.758876e-03   5.931832e-03
  1.926741e-01   1.297862e-02   3.763897e-03   5.785535e-03
  1.932452e-01   8.022392e-03   3.764811e-03   5.639240e-03
  1.938163e-01   7.742346e-03   3.729287e-03   5.492946e-03
  1.943873e-01   1.062308e-02   3.796805e-03   5.346653e-03
  1.949584e-01   1.319547e-02   3.765921e-03   5.200362e-03
  1.955295e-01   9.536871e-03   3.682970e-03   5.100042e-03
  1.961006e-01   4.573323e-03   3.693294e-03   5.003332e-03
  1.966716e-01   3.581681e-03   3.801726e-03   4.906624e-03
  1.972427e-01   7.110407e-03   3.718752e-03   4.809916e-03
  1.978137e-01   8.914444e-03   3.797009e-03   4.713209e-03
  1.983848e-01   8.256825e-03   3.763770e-03   4.616504e-03
  1.989558e-01   4.393895e-03   3.746479e-03   4.519799e-03
  1.995268e-01   1.241303e-02   3.739278e-03   4.423096e-03
  2.000979e-01   1.083343e-02   3.748588e-03   4.332219e-03
  2.006689e-01   7.059741e-03   3.767447e-03   4.269512e-03
  2.012399e-01   8.506044e-03   3.758728e-03   4.206806e-03
  2.018109e-01   3.558218e-03   3.737123e-03   4.144101e-03
  2.023819e-01   7.368822e-03   3.730382e-03   4.081396e-03
  2.029529e-01   1.225261e-02   3.557439e-03   4.018691e-03
  2.035239e-01   6.860572e-03   3.394117e-03   3.955988e-03
  2.040949e-01   8.845969e-03   3.390065e-03   3.893285e-03
  2.046659e-01   1.461945e-02   3.573420e-03   3.830583e-03
  2.052368e-01   1.140980e-02   3.544335e-03   3.777746e-03
  2.058078e-01   8.009678e-03   3.588762e-03   3.738829e-03
  2.063788e-01   3.284535e-03   3.617316e-03   3.699911e-03
  2.069497e-01   1.388602e-02   3.554481e-03   3.660994e-03
  2.075207e-01   4.991889e-03   3.617146e-03   3.622078e-03
  2.080916e-01   6.931305e-03   3.590602e-03   3.583162e-03
  2.086625e-01   2.982059e-03   3.631074e-03   3.544246e-03
  2.092335e-01   3.054001e-03   3.587660e-03   3.505331e-03
  2.098044e-01   6.477066e-04   3.743056e-03   3.466417e-03
  2.103753e-01   7.033429e-03   3.750212e-03   3.439704e-03
  2.109462e-01   8.047652e-03   3.743093e-03   3.419352e-03
  2.115171e-01   9.235487e-03   3.693963e-03   3.398999e-03
  2.120880e-01   8.367016e-03   3.738602e-03   3.378647e-03
  2.126589e-01   5.608792e-03   3.754004e-03   3.358295e-03
  2.132298e-01   5.063883e-03   3.724020e-03   3.337943e-03
  2.138007e-01   8.287229e-03   3.606636e-03   3.317591e-03
  2.143716e-01   2.939086e-03   3.743375e-03   3.297240e-03
  2.149424e-01   2.068386e-03   3.721614e-03   3.276889e-03
  2.155133e-01  -8.507880e-04   3.718146e-03   3.272049e-03
  2.160842e-01   1.252667e-02   3.761447e-03   3.268949e-03
  2.166550e-01   7.572372e-03   3.781559e-03   3.265848e-03
  2.172259e-01   6.379410e-03   3.728226e-03   3.262748e-03
  2.177967e-01  -1.075806e-03   3.748355e-03   3.259648e-03
  2.183675e-01   7.576757e-03   3.791089e-03   3.256548e-03
  2.189384e-01   6.154417e-03   3.661920e-03   3.253447e-03
  2.195092e-01   9.894904e-03   3.727065e-03   3.250347e-03
  2.200800e-01   5.089174e-03   3.684889e-03   3.249824e-03
  2.206508e-01   2.802639e-03   3.783774e-03   3.265116e-03
  2.212216e-01   1.205574e-02   3.714120e-03   3.280408e-03
  2.217924e-01   6.203260e-03   3.711699e-03   3.295700e-03
  2.223632e-01   3.211137e-03   3.753116e-03   3.310991e-03
  2.229339e-01   2.341878e-03   3.710733e-03   3.326282e-03
  2.235047e-01   1.064687e-02   3.638197e-03   3.341573e-03
  2.240755e-01   3.876575e-03   3.716942e-03   3.356864e-03
  2.246462e-01   7.950135e-03   3.745181e-03   3.372155e-03
  2.252170e-01   1.310759e-02   3.774809e-03   3.395222e-03
  2.257877e-01   5.511232e-03   3.754013e-03   3.430967e-03
  2.263585e-01   3.456298e-03   3.691273e-03   3.466712e-03
  2.269292e-01   3.493789e-03   3.741277e-03   3.502456e-03
  2.274999e-01   5.218939e-03   3.695131e-03   3.538200e-03
  2.280707e-01   2.612296e-03   3.695445e-03   3.573943e-03
  2.286414e-01   2.861325e-03   3.712413e-03   3.609686e-03
  2.292121e-01   6.556920e-03   3.708736e-03   3.645428e-03
  2.297828e-01   1.270340e-02   3.717411e-03   3.681170e-03
  2.303535e-01   5.228197e-04   3.726520e-03   3.730597e-03
  2.309242e-01  -7.575742e-03   3.742396e-03   3.788434e-03
  2.314948e-01   1.228696e-02   3.702753e-03   3.846269e-03
  2.320655e-01   6.780355e-03   3.747337e-03   3.904104e-03
  2.326362e-01   2.688478e-03   3.754919e-03   3.961938e-03
  2.332068e-01   1.238469e-02   3.667869e-03   4.019772e-03
  2.337775e-01   3.894982e-03   3.795948e-03   4.077605e-03
  2.343481e-01   1.123266e-02   3.742942e-03   4.135437e-03
  2.349188e-01   8.163032e-03   3.713349e-03   4.193268e-03
  2.354894e-01   5.130146e-03   3.752158e-03   4.270260e-03
  2.360600e-01   1.994643e-03   3.685711e-03   4.350432e-03
  2.366307e-01   1.634457e-03   3.739037e-03   4.430602e-03
  2.372013e-01   9.492056e-03   3.774008e-03   4.510771e-03
  2.377719e-01   6.364292e-03   3.546140e-03   4.590939e-03
  2.383425e-01   6.853513e-03   3.303441e-03   4.671107e-03
  2.389131e-01   2.530179e-03   3.323706e-03   4.751273e-03
  2.394836e-01   5.064763e-03   3.458480e-03   4.831438e-03
  2.400542e-01  -4.565884e-03   3.527554e-03   4.913567e-03
