### DATA:

         Q               I              Error
468
9.82007901E-03 4.36468797E-02 1.43234930E-03
1.03977289E-02 4.63529782E-02 1.31219852E-03
1.09753785E-02 4.44626683E-02 1.28551654E-03
1.15530278E-02 4.44023849E-02 1.15973933E-03
1.21306768E-02 4.36916433E-02 1.21428187E-03
1.27083254E-02 4.57812619E-02 9.75085883E-04
1.32859736E-02 4.50961338E-02 1.01621329E-03
1.38636214E-02 4.53463624E-02 9.38536262E-04
1.44412688E-02 4.45501641E-02 9.67047098E-04
1.50189158E-02 4.45886235E-02 1.01688175E-03
1.55965624E-02 4.42582137E-02 8.00478610E-04
1.61742085E-02 4.46426442E-02 8.85607505E-04
1.67518541E-02 4.47963210E-02 8.14015470E-04
1.73294992E-02 4.29725912E-02 8.31423804E-04
1.79071438E-02 4.58823961E-02 8.27116727E-04
1.84847879E-02 4.56235534E-02 7.58370994E-04
1.90624314E-02 4.37503927E-02 8.46951004E-04
1.96400744E-02 4.25626251E-02 7.15674100E-04
2.02177168E-02 4.41856989E-02 7.49904731E-04
2.07953586E-02 4.45149775E-02 7.38940977E-04
2.13729997E-02 4.27754009E-02 6.88128276E-04
2.19506403E-02 4.33366461E-02 6.85066787E-04
2.25282802E-02 4.37984375E-02 6.34110581E-04
2.31059194E-02 4.40062985E-02 6.25567982E-04
2.36835580E-02 4.40822723E-02 6.18896155E-04
2.42611959E-02 4.42817061E-02 6.24186337E-04
2.48388330E-02 4.25921406E-02 6.11683151E-04
2.54164694E-02 4.34554092E-02 5.81258109E-04
2.59941051E-02 4.25735955E-02 5.86588126E-04
2.65717400E-02 4.26927424E-02 5.95869691E-04
2.71493741E-02 4.29203537E-02 5.58600293E-04
2.77270074E-02 4.34457414E-02 5.52411454E-04
2.83046399E-02 4.31230234E-02 5.54960199E-04
2.88822716E-02 4.29963878E-02 5.41327751E-04
2.94599024E-02 4.23483731E-02 4.92186822E-04
3.00375324E-02 4.27608392E-02 5.05939417E-04
3.06151614E-02 4.30371931E-02 5.02118069E-04
3.11927896E-02 4.27177018E-02 4.91935300E-04
3.17704168E-02 4.28647687E-02 4.97902693E-04
3.23480431E-02 4.28597710E-02 4.78892450E-04
3.29256685E-02 4.26416546E-02 4.92796369E-04
3.35032928E-02 4.31905362E-02 4.86438333E-04
3.40809162E-02 4.26324932E-02 4.75567466E-04
3.46585386E-02 4.18159692E-02 4.53524116E-04
3.52361600E-02 4.13019623E-02 4.54315536E-04
3.58137803E-02 4.19090523E-02 4.56787837E-04
3.63913996E-02 4.22574046E-02 4.51177983E-04
3.69690178E-02 4.18790753E-02 4.55665007E-04
3.75466349E-02 4.23642625E-02 4.45587644E-04
3.81242509E-02 4.16761057E-02 4.33008287E-04
3.87018658E-02 4.14215550E-02 4.50261222E-04
3.92794795E-02 4.13789936E-02 4.33495753E-04
3.98570921E-02 4.06087116E-02 4.38379032E-04
4.04347035E-02 4.09457885E-02 4.21290665E-04
4.10123137E-02 4.07694857E-02 4.29598079E-04
4.15899227E-02 4.05702024E-02 4.24990915E-04
4.21675305E-02 4.05880849E-02 4.13499068E-04
4.27451370E-02 4.06565025E-02 4.15897049E-04
4.33227423E-02 4.11143981E-02 4.11616244E-04
4.39003463E-02 4.01804478E-02 4.13520118E-04
4.44779490E-02 3.99290315E-02 4.04417677E-04
4.50555504E-02 4.03100622E-02 4.02171136E-04
4.56331505E-02 3.93611609E-02 4.09189076E-04
4.62107492E-02 4.00120389E-02 3.98289233E-04
4.67883465E-02 4.00028817E-02 3.98007856E-04
4.73659425E-02 3.96235176E-02 3.96822349E-04
4.79435371E-02 3.90876274E-02 3.85071758E-04
4.85211303E-02 3.87152113E-02 3.83649949E-04
4.90987220E-02 3.88471286E-02 3.84099060E-04
4.96763123E-02 3.82384913E-02 3.94911976E-04
5.02539011E-02 3.89164236E-02 3.75539188E-04
5.08314885E-02 3.88032799E-02 3.84868614E-04
5.14090743E-02 3.78735030E-02 3.78477939E-04
5.19866587E-02 3.85030603E-02 3.70392329E-04
5.25642415E-02 3.85118080E-02 3.71900037E-04
5.31418227E-02 3.73517071E-02 3.69778717E-04
5.37194024E-02 3.74434092E-02 3.67757655E-04
5.42969805E-02 3.73206242E-02 3.64074289E-04
5.48745570E-02 3.80380472E-02 3.71072971E-04
5.54521319E-02 3.69235812E-02 3.62334728E-04
5.60297052E-02 3.77125295E-02 3.65215383E-04
5.66072768E-02 3.76103591E-02 3.81458018E-04
5.71848467E-02 3.73107679E-02 3.81089171E-04
5.77624149E-02 3.70276520E-02 3.90509355E-04
5.83399815E-02 3.67937230E-02 3.82851414E-04
5.89175463E-02 3.66609915E-02 3.88507409E-04
5.94951094E-02 3.62690597E-02 3.99835757E-04
6.00726707E-02 3.61655719E-02 3.86745203E-04
6.06502303E-02 3.56352420E-02 3.99497840E-04
6.12277881E-02 3.58857834E-02 3.98049881E-04
6.18053441E-02 3.54227101E-02 4.04118244E-04
6.23828982E-02 3.59969165E-02 4.01778703E-04
6.29604505E-02 3.51583927E-02 3.91770267E-04
6.35380010E-02 3.58531550E-02 4.11419119E-04
6.41155496E-02 3.48584922E-02 3.98716510E-04
6.46930963E-02 3.50081680E-02 4.10508717E-04
6.52706411E-02 3.33682071E-02 4.01117475E-04
6.58481839E-02 3.44286308E-02 3.99190326E-04
6.64257248E-02 3.34053899E-02 4.23086794E-04
6.70032638E-02 3.46288786E-02 3.95784317E-04
6.75808008E-02 3.33964914E-02 4.17359583E-04
6.81583358E-02 3.41790075E-02 4.08016258E-04
6.87358688E-02 3.33333238E-02 4.12496375E-04
6.93133998E-02 3.41128602E-02 4.06185529E-04
6.98909287E-02 3.31761999E-02 3.70281165E-04
7.04684556E-02 3.31004591E-02 4.03718170E-04
7.10459804E-02 3.24282067E-02 3.95735855E-04
7.16235031E-02 3.24102717E-02 3.91538492E-04
7.22010236E-02 3.21760405E-02 4.16499698E-04
7.27785421E-02 3.23321807E-02 3.91805658E-04
7.33560584E-02 3.22026714E-02 4.22575093E-04
7.39335726E-02 3.16807273E-02 3.95279171E-04
7.45110845E-02 3.19776042E-02 4.07264096E-04
7.50885943E-02 3.19057706E-02 4.01134080E-04
7.56661019E-02 3.15552954E-02 4.08562898E-04
7.62436072E-02 3.15012327E-02 4.11662661E-04
7.68211103E-02 3.13449822E-02 3.82333026E-04
7.73986111E-02 3.07336042E-02 4.18894182E-04
7.79761097E-02 3.06398610E-02 3.94516124E-04
7.85536059E-02 2.94747045E-02 4.04890265E-04
7.91310999E-02 3.07035256E-02 4.05886201E-04
7.97085915E-02 2.97552504E-02 3.92584790E-04
8.02860807E-02 2.99408148E-02 4.02986721E-04
8.08635676E-02 3.00629677E-02 4.10345870E-04
8.14410521E-02 2.99993383E-02 4.00632261E-04
8.20185342E-02 2.97708544E-02 4.08732719E-04
8.25960139E-02 2.87070941E-02 4.11590172E-04
8.31734912E-02 2.89791329E-02 4.12712853E-04
8.37509660E-02 2.84887718E-02 3.95786242E-04
8.43284383E-02 2.83710144E-02 3.98234025E-04
8.49059082E-02 2.80262209E-02 4.06093772E-04
8.54833755E-02 2.77025240E-02 3.95220830E-04
8.60608403E-02 2.80102129E-02 4.09456522E-04
8.66383026E-02 2.72389213E-02 4.05703288E-04
8.72157624E-02 2.78580883E-02 3.97033537E-04
8.77932196E-02 2.73940163E-02 4.16204457E-04
8.83706742E-02 2.68531144E-02 4.00460845E-04
8.89481261E-02 2.70666907E-02 3.94471469E-04
8.95255755E-02 2.69007766E-02 4.02686793E-04
9.01030222E-02 2.62803704E-02 4.09082387E-04
9.06804663E-02 2.69453776E-02 4.05893311E-04
9.12579077E-02 2.66818360E-02 4.02613329E-04
9.18353464E-02 2.64099880E-02 3.97140932E-04
9.24127824E-02 2.62700926E-02 4.01239581E-04
9.29902157E-02 2.49056458E-02 3.99441730E-04
9.35676462E-02 2.56262413E-02 4.01158716E-04
9.41450740E-02 2.44231570E-02 4.05164019E-04
9.47224991E-02 2.49365626E-02 4.02150097E-04
9.52999213E-02 2.48887046E-02 4.08306534E-04
9.58773407E-02 2.42056507E-02 4.04383686E-04
9.64547573E-02 2.49560551E-02 4.06695130E-04
9.70321710E-02 2.45289451E-02 4.01740333E-04
9.76095819E-02 2.37432202E-02 4.00317856E-04
9.81869899E-02 2.34342781E-02 4.15478107E-04
9.87643951E-02 2.33931980E-02 3.98931017E-04
9.93417973E-02 2.34121839E-02 3.91820905E-04
9.99191966E-02 2.28087105E-02 3.98147802E-04
1.00496593E-01 2.32474183E-02 4.02200903E-04
1.01073986E-01 2.24865721E-02 4.06925412E-04
1.01651377E-01 2.24809516E-02 4.03319983E-04
1.02228764E-01 2.25012417E-02 4.03685348E-04
1.02806149E-01 2.24061111E-02 3.97685015E-04
1.03383530E-01 2.22993206E-02 3.96685055E-04
1.03960908E-01 2.09073736E-02 4.03340374E-04
1.04538283E-01 2.16740430E-02 3.90915757E-04
1.05115656E-01 2.12461803E-02 3.69052241E-04
1.05693025E-01 2.07424904E-02 3.59305187E-04
1.06270391E-01 2.11197239E-02 3.71780266E-04
1.06847754E-01 2.12941570E-02 3.78710498E-04
1.07425113E-01 2.08667431E-02 3.86567368E-04
1.08002470E-01 1.98414893E-02 3.98041730E-04
1.08579823E-01 2.02781483E-02 3.75168775E-04
1.09157173E-01 2.03855048E-02 3.79948392E-04
1.09734520E-01 1.97497562E-02 3.89992837E-04
1.10311864E-01 1.99903280E-02 3.92491445E-04
1.10889204E-01 1.96876837E-02 3.89599682E-04
1.11466542E-01 1.95673066E-02 3.87614616E-04
1.12043876E-01 1.91309586E-02 3.87697822E-04
1.12621206E-01 1.89460203E-02 3.89203978E-04
1.13198533E-01 1.85991354E-02 3.82835478E-04
1.13775857E-01 1.83171846E-02 3.80857761E-04
1.14353178E-01 1.84826256E-02 3.88978273E-04
1.14930495E-01 1.87985540E-02 3.94812802E-04
1.15507809E-01 1.79688946E-02 3.87376807E-04
1.16085120E-01 1.79643888E-02 3.76874207E-04
1.16662427E-01 1.72983447E-02 3.86647284E-04
1.17239730E-01 1.72709046E-02 3.89075740E-04
1.17817030E-01 1.73721831E-02 3.93315666E-04
1.18394327E-01 1.69793142E-02 3.79720231E-04
1.18971620E-01 1.76164616E-02 3.90423898E-04
1.19548910E-01 1.76970539E-02 3.83275262E-04
1.20126196E-01 1.66307632E-02 3.90006542E-04
1.20703479E-01 1.70708692E-02 3.86244620E-04
1.21280758E-01 1.70264464E-02 3.87745835E-04
1.21858033E-01 1.56171713E-02 3.87233732E-04
1.22435305E-01 1.63022306E-02 3.75491500E-04
1.23012574E-01 1.66324458E-02 3.74651534E-04
1.23589838E-01 1.58070917E-02 3.83152798E-04
1.24167099E-01 1.52755689E-02 3.86530402E-04
1.24744357E-01 1.53177114E-02 3.89652114E-04
1.25321610E-01 1.50725712E-02 3.81473498E-04
1.25898860E-01 1.52048217E-02 3.80334512E-04
1.26476107E-01 1.47769034E-02 3.76325558E-04
1.27053349E-01 1.54541033E-02 3.78983670E-04
1.27630588E-01 1.44370964E-02 3.82188567E-04
1.28207823E-01 1.45800603E-02 3.79780003E-04
1.28785055E-01 1.44469826E-02 3.79087384E-04
1.29362282E-01 1.41454868E-02 3.87172216E-04
1.29939506E-01 1.37951022E-02 3.74524994E-04
1.30516726E-01 1.35849004E-02 3.83375171E-04
1.31093942E-01 1.35858729E-02 3.77388904E-04
1.31671154E-01 1.29046008E-02 3.84825514E-04
1.32248362E-01 1.36456830E-02 3.75810662E-04
1.32825567E-01 1.35646892E-02 3.84253675E-04
1.33402767E-01 1.27368140E-02 3.75407825E-04
1.33979964E-01 1.30671701E-02 3.75296676E-04
1.34557157E-01 1.27721385E-02 3.74208206E-04
1.35134345E-01 1.32059825E-02 3.72953489E-04
1.35711530E-01 1.22915781E-02 3.89090161E-04
1.36288711E-01 1.32896356E-02 3.72352225E-04
1.36865887E-01 1.15792374E-02 3.80497965E-04
1.37443060E-01 1.23234288E-02 3.76391598E-04
1.38020229E-01 1.12052389E-02 3.87081031E-04
1.38597393E-01 1.12647347E-02 3.72098898E-04
1.39174554E-01 1.19327469E-02 3.73564790E-04
1.39751710E-01 1.04901245E-02 3.57585816E-04
1.40328862E-01 1.14952424E-02 3.44780888E-04
1.40906010E-01 1.12071492E-02 3.37116378E-04
1.41483154E-01 1.08826787E-02 3.51871446E-04
1.42060294E-01 1.11091794E-02 3.54465517E-04
1.42637430E-01 1.00547640E-02 3.64252789E-04
1.43214561E-01 9.95944713E-03 3.64056078E-04
1.43791689E-01 1.10773206E-02 3.60035211E-04
1.44368812E-01 1.04862061E-02 3.47827938E-04
1.44945930E-01 1.05123659E-02 3.58592247E-04
1.45523045E-01 9.77052068E-03 3.62159292E-04
1.46100155E-01 9.71125450E-03 3.64600235E-04
1.46677261E-01 9.79606880E-03 3.46089270E-04
1.47254363E-01 9.69703303E-03 3.54979628E-04
1.47831460E-01 9.30315400E-03 3.53929078E-04
1.48408553E-01 9.66294398E-03 3.59739839E-04
1.48985641E-01 9.28727937E-03 3.57639555E-04
1.49562725E-01 9.32178485E-03 3.52645122E-04
1.50139805E-01 9.55824916E-03 3.54582818E-04
1.50716880E-01 8.27792561E-03 3.68180800E-04
1.51293951E-01 8.48631584E-03 3.55132437E-04
1.51871018E-01 9.12584922E-03 3.60207920E-04
1.52448080E-01 8.39401394E-03 3.70613965E-04
1.53025137E-01 8.69984006E-03 3.61307761E-04
1.53602190E-01 8.40534617E-03 3.62977578E-04
1.54179239E-01 8.41874415E-03 3.60864423E-04
1.54756282E-01 8.57107838E-03 3.60166919E-04
1.55333322E-01 7.78996444E-03 3.58051911E-04
1.55910357E-01 8.81961996E-03 3.61945474E-04
1.56487387E-01 7.91891298E-03 3.58933614E-04
1.57064412E-01 7.62015315E-03 3.66849829E-04
1.57641433E-01 7.42590193E-03 3.54745869E-04
1.58218450E-01 7.54325958E-03 3.51378850E-04
1.58795461E-01 7.50496893E-03 3.53390978E-04
1.59372468E-01 7.35860282E-03 3.58413583E-04
1.59949471E-01 7.09372638E-03 3.62465757E-04
1.60526468E-01 7.48837441E-03 3.65203270E-04
1.61103461E-01 6.77815103E-03 3.60189115E-04
1.61680449E-01 6.87641639E-03 3.57770612E-04
1.62257433E-01 6.81140216E-03 3.55755289E-04
1.62834411E-01 7.19218375E-03 3.48511511E-04
1.63411385E-01 6.37539152E-03 3.56918742E-04
1.63988354E-01 6.70643225E-03 3.55715676E-04
1.64565318E-01 6.00506476E-03 3.57522936E-04
1.65142278E-01 6.83631584E-03 3.59927292E-04
1.65719232E-01 6.58033847E-03 3.54065648E-04
1.66296182E-01 6.56109910E-03 3.57813351E-04
1.66873127E-01 6.31659729E-03 3.49269912E-04
1.67450066E-01 5.97175028E-03 3.48385527E-04
1.68027001E-01 6.12871708E-03 3.65107152E-04
1.68603931E-01 5.99334720E-03 3.62699908E-04
1.69180856E-01 5.93702618E-03 3.49667907E-04
1.69757776E-01 5.36353496E-03 3.61469044E-04
1.70334691E-01 4.58710645E-03 3.53326447E-04
1.70911601E-01 5.50979713E-03 3.56945733E-04
1.71488506E-01 5.02634948E-03 3.47352967E-04
1.72065406E-01 5.28547990E-03 3.59875392E-04
1.72642301E-01 5.51953046E-03 3.47815288E-04
1.73219191E-01 5.63833043E-03 3.50085632E-04
1.73796075E-01 4.96666995E-03 3.49914247E-04
1.74372955E-01 5.01725979E-03 3.41543899E-04
1.74949829E-01 5.50256627E-03 3.34841170E-04
1.75526699E-01 5.34100458E-03 3.20348746E-04
1.76103563E-01 4.74675457E-03 3.25677802E-04
1.76680422E-01 5.15473783E-03 3.34070222E-04
1.77257276E-01 4.85728894E-03 3.30462564E-04
1.77834124E-01 4.70048780E-03 3.42985641E-04
1.78410967E-01 4.65369890E-03 3.37474453E-04
1.78987806E-01 4.23117468E-03 3.42122617E-04
1.79564638E-01 4.18432686E-03 3.35735277E-04
1.80141466E-01 4.23685233E-03 3.39298477E-04
1.80718288E-01 4.08908766E-03 3.43400790E-04
1.81295105E-01 4.45885438E-03 3.38026227E-04
1.81871917E-01 4.55436423E-03 3.39393501E-04
1.82448723E-01 4.76910929E-03 3.34458902E-04
1.83025524E-01 4.15498740E-03 3.39812857E-04
1.83602319E-01 3.97359339E-03 3.40826887E-04
1.84179109E-01 3.91449659E-03 3.51343421E-04
1.84755894E-01 3.75177620E-03 3.47233643E-04
1.85332673E-01 4.03928475E-03 3.40283443E-04
1.85909447E-01 3.98231896E-03 3.46658040E-04
1.86486215E-01 4.01933183E-03 3.49446437E-04
1.87062978E-01 3.47215687E-03 3.43411384E-04
1.87639735E-01 3.53032791E-03 3.50413125E-04
1.88216487E-01 3.50081008E-03 3.43873519E-04
1.88793234E-01 3.96819639E-03 3.44281138E-04
1.89369974E-01 3.43399567E-03 3.49152164E-04
1.89946709E-01 3.36403696E-03 3.46041758E-04
1.90523439E-01 3.49832610E-03 3.40341350E-04
1.91100163E-01 3.00502997E-03 3.45265233E-04
1.91676881E-01 2.81148118E-03 3.44598890E-04
1.92253594E-01 3.07364737E-03 3.38215708E-04
1.92830301E-01 2.95505819E-03 3.40236500E-04
1.93407003E-01 3.24231671E-03 3.49073568E-04
1.93983698E-01 2.75267337E-03 3.46061788E-04
1.94560388E-01 3.30550768E-03 3.42014620E-04
1.95137073E-01 3.13455739E-03 3.48672278E-04
1.95713751E-01 2.95406049E-03 3.35244434E-04
1.96290424E-01 3.09055364E-03 3.41655455E-04
1.96867091E-01 2.84651834E-03 3.40389784E-04
1.97443752E-01 2.78475977E-03 3.48227589E-04
1.98020408E-01 2.96430677E-03 3.47691223E-04
1.98597057E-01 2.62474267E-03 3.42143780E-04
1.99173701E-01 2.57642033E-03 3.47822086E-04
1.99750339E-01 2.75099887E-03 3.46936517E-04
2.00326971E-01 1.98648186E-03 3.33806129E-04
2.00903597E-01 2.44324063E-03 3.45738506E-04
2.01480217E-01 2.98143904E-03 3.45660979E-04
2.02056832E-01 2.52658605E-03 3.41486881E-04
2.02633440E-01 1.93930264E-03 3.49592525E-04
2.03210043E-01 2.25653475E-03 3.49281636E-04
2.03786639E-01 2.82338902E-03 3.44613809E-04
2.04363229E-01 2.13188922E-03 3.45613359E-04
2.04939814E-01 2.27860772E-03 3.46812164E-04
2.05516392E-01 2.56144945E-03 3.33703103E-04
2.06092965E-01 2.09157494E-03 3.39723083E-04
2.06669531E-01 1.89179177E-03 3.41558387E-04
2.07246091E-01 2.11089198E-03 3.46136843E-04
2.07822646E-01 1.81829540E-03 3.34895355E-04
2.08399194E-01 2.49754601E-03 3.51796480E-04
2.08975736E-01 1.73136695E-03 3.41403303E-04
2.09552271E-01 1.89346428E-03 3.38513403E-04
2.10128801E-01 1.79090839E-03 3.27064865E-04
2.10705325E-01 1.98952832E-03 3.13148122E-04
2.11281842E-01 1.96385046E-03 3.07547301E-04
2.11858353E-01 2.60767940E-03 3.13627771E-04
2.12434858E-01 2.51723078E-03 3.25958083E-04
2.13011356E-01 1.13189327E-03 3.19700368E-04
2.13587849E-01 1.53822017E-03 3.28931025E-04
2.14164335E-01 1.99434070E-03 3.25429574E-04
2.14740815E-01 2.12927819E-03 3.26514125E-04
2.15317288E-01 1.96217388E-03 3.18275994E-04
2.15893755E-01 1.58889427E-03 3.30934196E-04
2.16470216E-01 1.73996083E-03 3.30928315E-04
2.17046670E-01 1.63569932E-03 3.29294343E-04
2.17623118E-01 1.77478205E-03 3.39959123E-04
2.18199560E-01 1.95422639E-03 3.38769203E-04
2.18775995E-01 1.69678468E-03 3.41345390E-04
2.19352424E-01 1.56963788E-03 3.35164394E-04
2.19928847E-01 2.05166000E-03 3.41924422E-04
2.20505263E-01 9.46721626E-04 3.40008455E-04
2.21081672E-01 9.94547254E-04 3.38997578E-04
2.21658075E-01 1.23790847E-03 3.38473453E-04
2.22234471E-01 1.39071740E-03 3.43138926E-04
2.22810861E-01 1.68288690E-03 3.35772952E-04
2.23387245E-01 1.17978181E-03 3.43795517E-04
2.23963621E-01 2.20574832E-03 3.47029230E-04
2.24539992E-01 1.05281776E-03 3.41713779E-04
2.25116355E-01 1.75699689E-03 3.39474774E-04
2.25692712E-01 1.84533205E-03 3.35641526E-04
2.26269063E-01 1.81793403E-03 3.43848749E-04
2.26845406E-01 1.09320476E-03 3.42030303E-04
2.27421744E-01 1.48491885E-03 3.51231793E-04
2.27998074E-01 1.68738627E-03 3.26000288E-04
2.28574398E-01 1.27180089E-03 3.36104843E-04
2.29150715E-01 1.22299542E-03 3.38797106E-04
2.29727025E-01 1.14218512E-03 3.34211883E-04
2.30303328E-01 1.56278684E-03 3.39927282E-04
2.30879625E-01 1.09191063E-03 3.40499010E-04
2.31455915E-01 1.63481610E-03 3.32279799E-04
2.32032198E-01 1.29883345E-03 3.34275453E-04
2.32608475E-01 1.45783995E-03 3.40975882E-04
2.33184744E-01 7.18658695E-04 3.43551958E-04
2.33761007E-01 1.70716075E-03 3.36520958E-04
2.34337263E-01 1.02029943E-03 3.40678997E-04
2.34913512E-01 7.11605747E-04 3.40320031E-04
2.35489754E-01 8.88949728E-04 3.41879833E-04
2.36065989E-01 1.51940096E-03 3.36007463E-04
2.36642217E-01 1.49613379E-03 3.32958083E-04
2.37218438E-01 7.44467597E-04 3.42851012E-04
2.37794652E-01 1.43197865E-03 3.44774863E-04
2.38370860E-01 1.05113591E-03 3.35553396E-04
2.38947060E-01 6.19527149E-04 3.30569422E-04
2.39523253E-01 1.25267984E-03 3.33154152E-04
2.40099440E-01 1.09088090E-03 3.42948100E-04
2.40675619E-01 9.43531732E-04 3.34698926E-04
2.41251791E-01 1.34678160E-03 3.33591217E-04
2.41827956E-01 6.97386685E-04 3.40195546E-04
2.42404114E-01 7.20426082E-04 3.37350725E-04
2.42980265E-01 3.56854864E-04 3.35526300E-04
2.43556408E-01 7.78332570E-04 3.33422500E-04
2.44132545E-01 9.82806746E-04 3.28491727E-04
2.44708674E-01 1.40212615E-03 3.34323927E-04
2.45284796E-01 1.09891166E-03 3.21883383E-04
2.45860911E-01 6.11042620E-04 3.04275414E-04
2.46437019E-01 4.90836014E-04 2.98889569E-04
2.47013120E-01 1.08853666E-03 3.17917712E-04
2.47589213E-01 1.37564453E-03 3.18506355E-04
2.48165299E-01 1.52041570E-03 3.19288058E-04
2.48741378E-01 1.31322072E-03 3.20164319E-04
2.49317449E-01 1.08756047E-03 3.23616898E-04
2.49893513E-01 7.01245229E-04 3.28816806E-04
2.50469570E-01 8.18612083E-04 3.21043817E-04
2.51045620E-01 1.24353765E-03 3.29716634E-04
2.51621662E-01 1.47781093E-03 3.20341793E-04
2.52197696E-01 1.20403138E-03 3.31242130E-04
2.52773724E-01 3.32866371E-04 3.33068256E-04
2.53349744E-01 5.88805457E-04 3.38648967E-04
2.53925756E-01 7.83111705E-04 3.42136767E-04
2.54501761E-01 1.08850853E-03 3.38641468E-04
2.55077759E-01 7.74860208E-04 3.29456388E-04
2.55653749E-01 9.39610855E-04 3.36198125E-04
2.56229731E-01 1.01865651E-03 3.33918732E-04
2.56805706E-01 1.50205028E-03 3.32302098E-04
2.57381674E-01 1.07862225E-03 3.32337575E-04
2.57957634E-01 1.31047836E-03 3.33264307E-04
2.58533586E-01 8.09041703E-04 3.33690308E-04
2.59109531E-01 7.18873710E-04 3.38940976E-04
2.59685468E-01 7.50292179E-04 3.29536078E-04
2.60261397E-01 6.34726466E-04 3.46694650E-04
2.60837319E-01 1.15377631E-03 3.33249778E-04
2.61413234E-01 9.57784201E-04 3.36010494E-04
2.61989140E-01 6.14150808E-04 3.30192888E-04
2.62565039E-01 1.36275947E-03 3.34998222E-04
2.63140930E-01 5.16175859E-04 3.33271223E-04
2.63716814E-01 5.26918704E-04 3.27747996E-04
2.64292689E-01 2.96607593E-04 3.38475561E-04
2.64868557E-01 7.00398117E-04 3.33974007E-04
2.65444418E-01 1.29835444E-03 3.37121899E-04
2.66020270E-01 3.28129862E-04 3.37338503E-04
2.66596115E-01 4.30782868E-04 3.33411938E-04
2.67171952E-01 1.10126626E-03 3.34900922E-04
2.67747781E-01 2.58929279E-04 3.30990926E-04
2.68323602E-01 1.37686534E-03 3.37923279E-04
2.68899415E-01 7.84091688E-04 3.27292100E-04
2.69475220E-01 6.40631242E-04 3.31986903E-04
2.70051018E-01 8.17024729E-04 3.34109661E-04
2.70626807E-01 9.48515408E-04 3.37660535E-04
2.71202589E-01 8.60601989E-04 3.29517000E-04
2.71778363E-01 1.01060820E-03 3.42122605E-04
2.72354128E-01 1.19839344E-03 3.32704050E-04
2.72929886E-01 1.01552701E-03 3.33260974E-04
2.73505636E-01 2.92242960E-04 3.37227099E-04
2.74081377E-01 3.99416002E-04 3.30975082E-04
2.74657111E-01 1.02773229E-03 3.45660145E-04
2.75232837E-01 6.05967668E-04 3.33225533E-04
2.75808554E-01 7.38429931E-04 3.40676617E-04
2.76384263E-01 6.88316370E-04 3.31931317E-04
2.76959965E-01 9.99823459E-04 3.32803583E-04
2.77535658E-01 8.68338164E-04 3.31827885E-04
2.78111343E-01 6.26649871E-04 3.34912716E-04
2.78687020E-01 1.04053557E-03 3.33489362E-04
2.79262689E-01 1.31722366E-03 3.27598048E-04


### HEADER:

{
    "Conc": 4.27, 
    "MW": "14.2", 
    "Notes": "", 
    "analysis": {
        "guinier": {
            "Conc": 0, 
            "I0": "0.04546", 
            "MM": "0", 
            "Rg": "13.95402", 
            "nEnd": 144, 
            "nStart": 0, 
            "qEnd": "0.09299", 
            "qRg_max": "1.28953", 
            "qRg_min": "0.13703", 
            "qStart": "0.00982", 
            "rsq": "0.99288"
        }, 
        "molecularWeight": {
            "Absolute": {
                "MW": "14.7"
            }, 
            "I(0)Concentration": {
                "MW": "14.2"
            }, 
            "PorodVolume": {
                "MW": "8.9", 
                "VPorod": "25477.2", 
                "VPorod_Corrected": "10751.6"
            }, 
            "VolumeOfCorrelation": {
                "MW": "11.2", 
                "Type": "Protein", 
                "Vcor": "138.5"
            }
        }
    }, 
    "config_file": "/Users/jbh246/Desktop/Example_Data/standards_data/SAXS.cfg", 
    "counters": {
        "Epoch": "2", 
        "I1": "94956", 
        "I3": "1151", 
        "Seconds": "1", 
        "Time": "5.0067902e-06", 
        "date": "Sat Nov 14 14:53:27 2015", 
        "diode": "39684", 
        "gdoor": "1188", 
        "hep": "0", 
        "hepstat": "1087"
    }, 
    "filename": "t_dat.dat", 
    "history": {
        "subtraction": {
            "initial_file": [
                "A_lys2_A9_17_001_0000", 
                {
                    "averaged_files": [
                        [
                            "lys2_A9_17_001_0000.tiff"
                        ], 
                        [
                            "lys2_A9_17_001_0001.tiff"
                        ], 
                        [
                            "lys2_A9_17_001_0002.tiff"
                        ], 
                        [
                            "lys2_A9_17_001_0003.tiff"
                        ], 
                        [
                            "lys2_A9_17_001_0004.tiff"
                        ], 
                        [
                            "lys2_A9_17_001_0005.tiff"
                        ], 
                        [
                            "lys2_A9_17_001_0006.tiff"
                        ], 
                        [
                            "lys2_A9_17_001_0007.tiff"
                        ], 
                        [
                            "lys2_A9_17_001_0008.tiff"
                        ], 
                        [
                            "lys2_A9_17_001_0009.tiff"
                        ]
                    ]
                }
            ], 
            "subtracted_file": [
                "A_lysbuf2_A9_16_001_0000", 
                {
                    "averaged_files": [
                        [
                            "lysbuf2_A9_16_001_0000.tiff"
                        ], 
                        [
                            "lysbuf2_A9_16_001_0001.tiff"
                        ], 
                        [
                            "lysbuf2_A9_16_001_0002.tiff"
                        ], 
                        [
                            "lysbuf2_A9_16_001_0003.tiff"
                        ], 
                        [
                            "lysbuf2_A9_16_001_0004.tiff"
                        ], 
                        [
                            "lysbuf2_A9_16_001_0005.tiff"
                        ], 
                        [
                            "lysbuf2_A9_16_001_0006.tiff"
                        ], 
                        [
                            "lysbuf2_A9_16_001_0007.tiff"
                        ], 
                        [
                            "lysbuf2_A9_16_001_0008.tiff"
                        ], 
                        [
                            "lysbuf2_A9_16_001_0009.tiff"
                        ]
                    ]
                }
            ]
        }
    }, 
    "imageHeader": {
        "Exposure_date": "2015:11:14 13:52:47", 
        "Exposure_time": 1.0
    }, 
    "load_path": "/Users/jbh246/Desktop/Example_Data/standards_data/lys2_A9_17_001_0000.tiff", 
    "normalizations": [
        [
            "/", 
            "diode/259139"
        ]
    ]
}

