 Ense  Average  Volume               =  104319.94
 Ense  Average  Volume               =  103750.49
 Pool  Average  Volume               =  102299.48
 Pool Histogram Volume               =  101725.39
     Volume    Pool freq.    Sel. freq.
    93674.32  0.0000000000  0.0000000000
    94821.08  0.0085520000  0.0022556391
    95967.84  0.0555720000  0.0486842105
    97114.60  0.1210280000  0.1325187970
    98261.36  0.1270680000  0.1347744361
    99408.11  0.1266240000  0.1347744361
   100554.87  0.1195920000  0.1330827068
   101701.63  0.0813640000  0.0875939850
   102848.39  0.0456280000  0.0231203008
   103995.14  0.0660120000  0.0379699248
   105141.90  0.0686120000  0.0398496241
   106288.66  0.0675960000  0.0392857143
   107435.42  0.0588040000  0.0383458647
   108582.18  0.0290840000  0.0189849624
   109728.93  0.0026600000  0.0018796992
   110875.69  0.0000160000  0.0000000000
   112022.45  0.0000000000  0.0000000000
   113169.21  0.0000000000  0.0000000000
   114315.96  0.0000000000  0.0000000000
   115462.72  0.0000000000  0.0000000000
   116609.48  0.0000000000  0.0000000000
   117756.24  0.0000000000  0.0000000000
   118903.00  0.0000080000  0.0000000000
   120049.75  0.0000880000  0.0000000000
   121196.51  0.0003680000  0.0028195489
   122343.27  0.0013960000  0.0069548872
   123490.03  0.0028080000  0.0144736842
   124636.79  0.0039880000  0.0223684211
   125783.54  0.0041520000  0.0251879699
   126930.30  0.0038880000  0.0225563910
   128077.06  0.0028600000  0.0184210526
   129223.82  0.0014480000  0.0109022556
   130370.57  0.0002600000  0.0030075188
   131517.33  0.0000160000  0.0001879699
   132664.09  0.0000000000  0.0000000000
   133810.85  0.0000000000  0.0000000000
   134957.61  0.0000000000  0.0000000000
   136104.36  0.0000000000  0.0000000000
   137251.12  0.0000000000  0.0000000000
   138397.88  0.0000000000  0.0000000000
   139544.64  0.0000000000  0.0000000000
   140691.39  0.0000000000  0.0000000000
   141838.15  0.0000000000  0.0000000000
   142984.91  0.0000000000  0.0000000000
   144131.67  0.0000000000  0.0000000000
   145278.43  0.0000000000  0.0000000000
   146425.18  0.0000000000  0.0000000000
   147571.94  0.0000000000  0.0000000000
   148718.70  0.0000000000  0.0000000000
   149865.46  0.0000040000  0.0000000000
   151012.21  0.0000040000  0.0000000000
   152158.97  0.0000040000  0.0000000000
   153305.73  0.0000040000  0.0000000000
   154452.49  0.0000000000  0.0000000000
