### DATA:
#
# 404
#      Q             I(Q)           Error     
9.72485000E-03  2.12292900E+00  2.85062700E-02
1.02969000E-02  2.11401600E+00  2.47288900E-02
1.08689500E-02  2.10311300E+00  2.26763200E-02
1.14409900E-02  2.09221000E+00  2.18260100E-02
1.20130400E-02  2.08130700E+00  1.90449600E-02
1.25850900E-02  2.07040400E+00  1.94603200E-02
1.31571300E-02  2.05950100E+00  1.80467900E-02
1.37291800E-02  2.04859800E+00  1.83559500E-02
1.43012300E-02  2.03769500E+00  1.71910100E-02
1.48732700E-02  2.02679200E+00  1.79760500E-02
1.54453200E-02  2.01308400E+00  1.91501100E-02
1.60173600E-02  1.99857700E+00  1.66628100E-02
1.65894000E-02  1.98407000E+00  1.66455900E-02
1.71614500E-02  1.96956400E+00  1.60912300E-02
1.77334900E-02  1.95505700E+00  1.59248600E-02
1.83055300E-02  1.94055000E+00  1.61747200E-02
1.88775800E-02  1.92604400E+00  1.65371100E-02
1.94496200E-02  1.91153700E+00  1.45010600E-02
2.00216600E-02  1.89692000E+00  1.52508600E-02
2.05937000E-02  1.87950200E+00  1.43753600E-02
2.11657400E-02  1.86208300E+00  1.40964400E-02
2.17377800E-02  1.84466500E+00  1.28495300E-02
2.23098100E-02  1.82724600E+00  1.35728400E-02
2.28818500E-02  1.80982800E+00  1.38068000E-02
2.34538900E-02  1.79240900E+00  1.33805500E-02
2.40259300E-02  1.77499100E+00  1.29488600E-02
2.45979600E-02  1.75757200E+00  1.22859100E-02
2.51700000E-02  1.73952700E+00  1.31279900E-02
2.57420300E-02  1.72000000E+00  1.22087600E-02
2.63140600E-02  1.70047200E+00  1.20045200E-02
2.68861000E-02  1.68094400E+00  1.24195200E-02
2.74581300E-02  1.66141700E+00  1.20722100E-02
2.80301600E-02  1.64188900E+00  1.15619700E-02
2.86021900E-02  1.62236100E+00  1.06786700E-02
2.91742200E-02  1.60283400E+00  1.03304300E-02
2.97462500E-02  1.58330600E+00  1.00970900E-02
3.03182700E-02  1.56308300E+00  1.01176900E-02
3.08903000E-02  1.54230500E+00  1.07483100E-02
3.14623300E-02  1.52152700E+00  9.88649500E-03
3.20343500E-02  1.50074900E+00  1.01411900E-02
3.26063800E-02  1.47997100E+00  1.01147000E-02
3.31784000E-02  1.45919300E+00  1.04232800E-02
3.37504200E-02  1.43841500E+00  1.00297600E-02
3.43224400E-02  1.41763700E+00  9.96729500E-03
3.48944600E-02  1.39686000E+00  9.52646400E-03
3.54664800E-02  1.37576200E+00  9.58381400E-03
3.60385000E-02  1.35459200E+00  9.97398700E-03
3.66105200E-02  1.33342300E+00  9.56264000E-03
3.71825300E-02  1.31225300E+00  9.28827700E-03
3.77545500E-02  1.29108300E+00  9.50120800E-03
3.83265600E-02  1.26991400E+00  9.04510300E-03
3.88985700E-02  1.24874400E+00  8.53041900E-03
3.94705800E-02  1.22757500E+00  8.87644600E-03
4.00425900E-02  1.20643600E+00  9.18679000E-03
4.06146000E-02  1.18567900E+00  9.41074800E-03
4.11866100E-02  1.16492300E+00  8.45533800E-03
4.17586200E-02  1.14416700E+00  8.51896200E-03
4.23306200E-02  1.12341100E+00  8.42565700E-03
4.29026300E-02  1.10265500E+00  8.63089800E-03
4.34746300E-02  1.08189900E+00  8.07625300E-03
4.40466300E-02  1.06114300E+00  8.00533500E-03
4.46186300E-02  1.04038700E+00  8.25208500E-03
4.51906300E-02  1.02000400E+00  8.31275500E-03
4.57626300E-02  1.00036600E+00  7.79156200E-03
4.63346300E-02  9.80729400E-01  7.71970200E-03
4.69066200E-02  9.61092400E-01  7.75638900E-03
4.74786100E-02  9.41455400E-01  7.63304100E-03
4.80506100E-02  9.21818500E-01  7.28125800E-03
4.86226000E-02  9.02181600E-01  7.33816500E-03
4.91945900E-02  8.82544800E-01  7.35127200E-03
4.97665700E-02  8.62908100E-01  7.37297000E-03
5.03385600E-02  8.44271200E-01  7.53488200E-03
5.09105500E-02  8.26323700E-01  6.91226100E-03
5.14825300E-02  8.08376300E-01  7.07680200E-03
5.20545100E-02  7.90428900E-01  6.95205600E-03
5.26264900E-02  7.72481600E-01  6.82367300E-03
5.31984700E-02  7.54534300E-01  6.72703800E-03
5.37704500E-02  7.36587000E-01  6.59647700E-03
5.43424200E-02  7.18639800E-01  6.61436400E-03
5.49144000E-02  7.00692700E-01  6.48981500E-03
5.54863700E-02  6.84532400E-01  6.43306800E-03
5.60583400E-02  6.68686600E-01  6.31933700E-03
5.66303100E-02  6.52840900E-01  6.36405500E-03
5.72022800E-02  6.36995200E-01  6.16409500E-03
5.77742400E-02  6.21149600E-01  5.92072900E-03
5.83462100E-02  6.05304000E-01  6.16544200E-03
5.89181700E-02  5.89458400E-01  6.05425300E-03
5.94901300E-02  5.73613000E-01  5.79618200E-03
6.00620900E-02  5.58022100E-01  5.91507500E-03
6.06340500E-02  5.44522400E-01  5.83709400E-03
6.12060000E-02  5.31022600E-01  5.83768200E-03
6.17779600E-02  5.17522900E-01  5.82381200E-03
6.23499100E-02  5.04023300E-01  5.79941100E-03
6.29218600E-02  4.90523600E-01  5.63398100E-03
6.34938100E-02  4.77024100E-01  5.46183600E-03
6.40657500E-02  4.63524600E-01  5.10868900E-03
6.46377000E-02  4.50025100E-01  5.04677000E-03
6.52096400E-02  4.37414900E-01  5.12023000E-03
6.57815800E-02  4.26341600E-01  5.22521900E-03
6.63535200E-02  4.15268400E-01  5.27301200E-03
6.69254600E-02  4.04195200E-01  5.13998800E-03
6.74973900E-02  3.93122000E-01  5.14685400E-03
6.80693300E-02  3.82048900E-01  5.15217500E-03
6.86412600E-02  3.70975800E-01  5.10700100E-03
6.92131900E-02  3.59902800E-01  5.01333400E-03
6.97851100E-02  3.48829800E-01  4.95938200E-03
7.03570400E-02  3.39229200E-01  4.81782300E-03
7.09289600E-02  3.30514800E-01  4.98961500E-03
7.15008800E-02  3.21800400E-01  4.75799700E-03
7.20728000E-02  3.13086000E-01  4.96835500E-03
7.26447200E-02  3.04371700E-01  4.69438500E-03
7.32166300E-02  2.95657400E-01  4.70377000E-03
7.37885400E-02  2.86943100E-01  4.74963000E-03
7.43604500E-02  2.78228900E-01  4.59004000E-03
7.49323600E-02  2.69514700E-01  4.66880300E-03
7.55042600E-02  2.62712100E-01  4.56761200E-03
7.60761700E-02  2.56165900E-01  4.55077800E-03
7.66480700E-02  2.49619800E-01  4.57405500E-03
7.72199700E-02  2.43073600E-01  4.50074900E-03
7.77918600E-02  2.36527500E-01  4.50888400E-03
7.83637600E-02  2.29981500E-01  4.54548100E-03
7.89356500E-02  2.23435400E-01  4.55325700E-03
7.95075400E-02  2.16889400E-01  4.52028400E-03
8.00794300E-02  2.10605300E-01  4.34663500E-03
8.06513100E-02  2.05945200E-01  4.49412300E-03
8.12232000E-02  2.01285200E-01  4.36849000E-03
8.17950800E-02  1.96625200E-01  4.40323100E-03
8.23669500E-02  1.91965200E-01  4.36310800E-03
8.29388300E-02  1.87305200E-01  4.30502100E-03
8.35107000E-02  1.82645200E-01  4.30049200E-03
8.40825700E-02  1.77985300E-01  4.33077800E-03
8.46544400E-02  1.73325300E-01  4.09314600E-03
8.52263100E-02  1.69277600E-01  4.20724000E-03
8.57981700E-02  1.66164600E-01  4.14173600E-03
8.63700300E-02  1.63051600E-01  4.21789400E-03
8.69418900E-02  1.59938600E-01  4.16023700E-03
8.75137400E-02  1.56825700E-01  4.10665200E-03
8.80856000E-02  1.53712700E-01  4.09172600E-03
8.86574500E-02  1.50599800E-01  4.11361400E-03
8.92293000E-02  1.47486900E-01  3.97854300E-03
8.98011400E-02  1.44374000E-01  3.89442400E-03
9.03729800E-02  1.42034000E-01  4.07655800E-03
9.09448200E-02  1.40106200E-01  4.05371200E-03
9.15166600E-02  1.38178400E-01  4.06322900E-03
9.20884900E-02  1.36250600E-01  3.85629000E-03
9.26603300E-02  1.34322800E-01  3.98998700E-03
9.32321600E-02  1.32395000E-01  4.05255000E-03
9.38039800E-02  1.30467300E-01  4.05483700E-03
9.43758100E-02  1.28539500E-01  4.02281800E-03
9.49476300E-02  1.26611800E-01  3.91598900E-03
9.55194400E-02  1.25439300E-01  3.96838700E-03
9.60912600E-02  1.24342900E-01  4.01388700E-03
9.66630700E-02  1.23246600E-01  3.96057800E-03
9.72348800E-02  1.22150200E-01  3.90924200E-03
9.78066900E-02  1.21053900E-01  4.00129200E-03
9.83784900E-02  1.19957500E-01  3.81224700E-03
9.89502900E-02  1.18861200E-01  3.64723300E-03
9.95220900E-02  1.17764900E-01  3.72029700E-03
1.00093900E-01  1.16752500E-01  3.80395700E-03
1.00665700E-01  1.16167500E-01  3.86905800E-03
1.01237500E-01  1.15582500E-01  3.81608700E-03
1.01809300E-01  1.14997500E-01  3.82847400E-03
1.02381000E-01  1.14412400E-01  3.83265100E-03
1.02952800E-01  1.13827400E-01  3.87772400E-03
1.03524600E-01  1.13242400E-01  3.92464700E-03
1.04096400E-01  1.12657400E-01  3.81075500E-03
1.04668100E-01  1.12072400E-01  3.81621800E-03
1.05239900E-01  1.11589400E-01  3.97238200E-03
1.05811700E-01  1.11247600E-01  3.87002200E-03
1.06383400E-01  1.10905700E-01  3.90768600E-03
1.06955200E-01  1.10563900E-01  3.75238800E-03
1.07526900E-01  1.10222000E-01  3.93539400E-03
1.08098700E-01  1.09880200E-01  3.94262600E-03
1.08670500E-01  1.09538400E-01  3.93193800E-03
1.09242200E-01  1.09196500E-01  3.82150800E-03
1.09813900E-01  1.08854700E-01  3.96610500E-03
1.10385700E-01  1.08538400E-01  3.93145700E-03
1.10957400E-01  1.08234300E-01  3.93981300E-03
1.11529100E-01  1.07930300E-01  3.85886600E-03
1.12100900E-01  1.07626200E-01  3.84853000E-03
1.12672600E-01  1.07322200E-01  3.82157100E-03
1.13244300E-01  1.07018200E-01  3.92447300E-03
1.13816100E-01  1.06714100E-01  3.87880000E-03
1.14387800E-01  1.06410100E-01  3.91408500E-03
1.14959500E-01  1.06106100E-01  3.99687500E-03
1.15531200E-01  1.05707600E-01  4.01850700E-03
1.16102900E-01  1.05302000E-01  3.85529900E-03
1.16674600E-01  1.04896400E-01  3.92990900E-03
1.17246300E-01  1.04490800E-01  3.86806800E-03
1.17818000E-01  1.04085100E-01  4.01295500E-03
1.18389700E-01  1.03679500E-01  3.94861200E-03
1.18961400E-01  1.03273900E-01  3.95674300E-03
1.19533100E-01  1.02868300E-01  3.95406700E-03
1.20104700E-01  1.02430000E-01  3.93547600E-03
1.20676400E-01  1.01846200E-01  3.85763400E-03
1.21248100E-01  1.01262300E-01  3.99232900E-03
1.21819800E-01  1.00678400E-01  3.94397900E-03
1.22391400E-01  1.00094600E-01  3.95352200E-03
1.22963100E-01  9.95106900E-02  4.03572700E-03
1.23534800E-01  9.89268300E-02  3.92931600E-03
1.24106400E-01  9.83429700E-02  3.95985700E-03
1.24678100E-01  9.77591200E-02  3.91900600E-03
1.25249700E-01  9.70875700E-02  3.95143600E-03
1.25821400E-01  9.63029700E-02  3.90934100E-03
1.26393000E-01  9.55183800E-02  3.97544200E-03
1.26964700E-01  9.47337900E-02  3.87871600E-03
1.27536300E-01  9.39492100E-02  3.91264400E-03
1.28107900E-01  9.31646400E-02  3.94469500E-03
1.28679500E-01  9.23800700E-02  3.97317200E-03
1.29251200E-01  9.15955000E-02  3.90393000E-03
1.29822800E-01  9.08109400E-02  4.00424000E-03
1.30394400E-01  8.99015200E-02  3.84368300E-03
1.30966000E-01  8.89360100E-02  3.89120100E-03
1.31537600E-01  8.79705100E-02  4.03503900E-03
1.32109200E-01  8.70050100E-02  3.96689100E-03
1.32680800E-01  8.60395200E-02  3.92636700E-03
1.33252400E-01  8.50740300E-02  3.78707300E-03
1.33824000E-01  8.41085600E-02  3.55631400E-03
1.34395600E-01  8.31430800E-02  3.60925100E-03
1.34967200E-01  8.21776200E-02  3.71967600E-03
1.35538800E-01  8.10873000E-02  3.77539100E-03
1.36110400E-01  7.99893900E-02  3.80752700E-03
1.36681900E-01  7.88914800E-02  3.76671800E-03
1.37253500E-01  7.77935800E-02  3.81585200E-03
1.37825100E-01  7.66956900E-02  3.70967200E-03
1.38396600E-01  7.55978100E-02  3.74804300E-03
1.38968200E-01  7.44999300E-02  3.86229900E-03
1.39539700E-01  7.34020700E-02  3.79799000E-03
1.40111300E-01  7.22908200E-02  3.83695500E-03
1.40682800E-01  7.11242000E-02  3.80533800E-03
1.41254400E-01  6.99575900E-02  3.83362400E-03
1.41825900E-01  6.87909900E-02  3.85033400E-03
1.42397400E-01  6.76244000E-02  3.79796300E-03
1.42969000E-01  6.64578100E-02  3.79295200E-03
1.43540500E-01  6.52912400E-02  3.94317000E-03
1.44112000E-01  6.41246700E-02  3.78531100E-03
1.44683500E-01  6.29581200E-02  3.79755200E-03
1.45255000E-01  6.17907200E-02  3.86275100E-03
1.45826600E-01  6.06222700E-02  3.79749700E-03
1.46398100E-01  5.94538300E-02  3.88416200E-03
1.46969600E-01  5.82853900E-02  3.84384900E-03
1.47541000E-01  5.71169700E-02  3.88667300E-03
1.48112500E-01  5.59485500E-02  3.83475600E-03
1.48684000E-01  5.47801500E-02  3.90820800E-03
1.49255500E-01  5.36117500E-02  3.99632800E-03
1.49827000E-01  5.24433600E-02  3.81580500E-03
1.50398500E-01  5.13158000E-02  3.88108700E-03
1.50969900E-01  5.02059600E-02  3.95388800E-03
1.51541400E-01  4.90961300E-02  3.84049600E-03
1.52112800E-01  4.79863100E-02  3.86042100E-03
1.52684300E-01  4.68765100E-02  3.87263100E-03
1.53255800E-01  4.57667000E-02  3.79789900E-03
1.53827200E-01  4.46569100E-02  3.88525200E-03
1.54398600E-01  4.35471300E-02  3.90525400E-03
1.54970100E-01  4.24373500E-02  3.79375500E-03
1.55541500E-01  4.14280500E-02  3.81268600E-03
1.56112900E-01  4.04243100E-02  3.83902800E-03
1.56684400E-01  3.94205800E-02  3.90030200E-03
1.57255800E-01  3.84168600E-02  3.86177900E-03
1.57827200E-01  3.74131400E-02  3.88165000E-03
1.58398600E-01  3.64094400E-02  3.73398800E-03
1.58970000E-01  3.54057400E-02  3.78466200E-03
1.59541400E-01  3.44020400E-02  3.80329000E-03
1.60112800E-01  3.34254300E-02  3.85568100E-03
1.60684200E-01  3.25588900E-02  3.72411700E-03
1.61255600E-01  3.16923500E-02  3.86890900E-03
1.61827000E-01  3.08258200E-02  3.78140600E-03
1.62398300E-01  2.99593000E-02  3.76704400E-03
1.62969700E-01  2.90927900E-02  3.83212300E-03
1.63541100E-01  2.82262800E-02  3.89753000E-03
1.64112400E-01  2.73597800E-02  3.86267900E-03
1.64683800E-01  2.64932800E-02  3.82943500E-03
1.65255100E-01  2.56943800E-02  3.70869000E-03
1.65826500E-01  2.49792200E-02  3.78207900E-03
1.66397800E-01  2.42640800E-02  3.78784600E-03
1.66969200E-01  2.35489400E-02  3.83849000E-03
1.67540500E-01  2.28338100E-02  3.81918200E-03
1.68111800E-01  2.21186800E-02  3.67154000E-03
1.68683200E-01  2.14035600E-02  3.49108700E-03
1.69254500E-01  2.06884500E-02  3.40441700E-03
1.69825800E-01  1.99733400E-02  3.63554100E-03
1.70397100E-01  1.93627600E-02  3.67856700E-03
1.70968400E-01  1.87980500E-02  3.62337100E-03
1.71539700E-01  1.82333400E-02  3.64025100E-03
1.72111000E-01  1.76686300E-02  3.68211400E-03
1.72682300E-01  1.71039300E-02  3.63963900E-03
1.73253600E-01  1.65392300E-02  3.69312500E-03
1.73824800E-01  1.59745400E-02  3.67715700E-03
1.74396100E-01  1.54098600E-02  3.70017600E-03
1.74967400E-01  1.48451700E-02  3.70198300E-03
1.75538600E-01  1.44102800E-02  3.63200500E-03
1.76109900E-01  1.39832400E-02  3.57614200E-03
1.76681200E-01  1.35562100E-02  3.63447100E-03
1.77252400E-01  1.31291800E-02  3.72075800E-03
1.77823600E-01  1.27021500E-02  3.64904800E-03
1.78394900E-01  1.22751300E-02  3.79088600E-03
1.78966100E-01  1.18481100E-02  3.72495300E-03
1.79537300E-01  1.14211000E-02  3.75298700E-03
1.80108600E-01  1.10163700E-02  3.80325200E-03
1.80679800E-01  1.07066100E-02  3.78442300E-03
1.81251000E-01  1.03968600E-02  3.73098900E-03
1.81822200E-01  1.00871100E-02  3.79568400E-03
1.82393400E-01  9.77736000E-03  3.76291000E-03
1.82964600E-01  9.46761300E-03  3.78368500E-03
1.83535800E-01  9.15787100E-03  3.77806200E-03
1.84107000E-01  8.84813000E-03  3.81225200E-03
1.84678100E-01  8.53839300E-03  3.71843100E-03
1.85249300E-01  8.26945000E-03  3.71484100E-03
1.85820500E-01  8.05317000E-03  3.73806600E-03
1.86391600E-01  7.83689200E-03  3.76718800E-03
1.86962800E-01  7.62061600E-03  3.73132400E-03
1.87534000E-01  7.40434100E-03  3.71907400E-03
1.88105100E-01  7.18806900E-03  3.80925500E-03
1.88676200E-01  6.97180000E-03  3.76108400E-03
1.89247400E-01  6.75553200E-03  3.80736800E-03
1.89818500E-01  6.53926600E-03  3.85439400E-03
1.90389600E-01  6.37073100E-03  3.69398000E-03
1.90960700E-01  6.22442900E-03  3.63743400E-03
1.91531900E-01  6.07813000E-03  3.77974100E-03
1.92103000E-01  5.93183200E-03  3.75887600E-03
1.92674100E-01  5.78553500E-03  3.76389700E-03
1.93245200E-01  5.63924000E-03  3.76481100E-03
1.93816300E-01  5.49294600E-03  3.72928700E-03
1.94387300E-01  5.34665300E-03  3.79680500E-03
1.94958400E-01  5.20036200E-03  3.76592100E-03
1.95529500E-01  5.10004200E-03  3.68297000E-03
1.96100600E-01  5.00333200E-03  3.69329400E-03
1.96671600E-01  4.90662400E-03  3.80172600E-03
1.97242700E-01  4.80991600E-03  3.71875200E-03
1.97813700E-01  4.71320900E-03  3.79700900E-03
1.98384800E-01  4.61650400E-03  3.76377000E-03
1.98955800E-01  4.51979900E-03  3.74647900E-03
1.99526800E-01  4.42309600E-03  3.73927800E-03
2.00097900E-01  4.33221900E-03  3.74858800E-03
2.00668900E-01  4.26951200E-03  3.76744700E-03
2.01239900E-01  4.20680600E-03  3.75872800E-03
2.01810900E-01  4.14410100E-03  3.73712300E-03
2.02381900E-01  4.08139600E-03  3.73038200E-03
2.02952900E-01  4.01869100E-03  3.55743900E-03
2.03523900E-01  3.95598800E-03  3.39411700E-03
2.04094900E-01  3.89328500E-03  3.39006500E-03
2.04665900E-01  3.83058300E-03  3.57342000E-03
2.05236800E-01  3.77774600E-03  3.54433500E-03
2.05807800E-01  3.73882900E-03  3.58876200E-03
2.06378800E-01  3.69991100E-03  3.61731600E-03
2.06949700E-01  3.66099400E-03  3.55448100E-03
2.07520700E-01  3.62207800E-03  3.61714600E-03
2.08091600E-01  3.58316200E-03  3.59060200E-03
2.08662500E-01  3.54424600E-03  3.63107400E-03
2.09233500E-01  3.50533100E-03  3.58766000E-03
2.09804400E-01  3.46641700E-03  3.74305600E-03
2.10375300E-01  3.43970400E-03  3.75021200E-03
2.10946200E-01  3.41935200E-03  3.74309300E-03
2.11517100E-01  3.39899900E-03  3.69396300E-03
2.12088000E-01  3.37864700E-03  3.73860200E-03
2.12658900E-01  3.35829500E-03  3.75400400E-03
2.13229800E-01  3.33794300E-03  3.72402000E-03
2.13800700E-01  3.31759100E-03  3.60663600E-03
2.14371600E-01  3.29724000E-03  3.74337500E-03
2.14942400E-01  3.27688900E-03  3.72161400E-03
2.15513300E-01  3.27204900E-03  3.71814600E-03
2.16084200E-01  3.26894900E-03  3.76144700E-03
2.16655000E-01  3.26584800E-03  3.78155900E-03
2.17225900E-01  3.26274800E-03  3.72822600E-03
2.17796700E-01  3.25964800E-03  3.74835500E-03
2.18367500E-01  3.25654800E-03  3.79108900E-03
2.18938400E-01  3.25344700E-03  3.66192000E-03
2.19509200E-01  3.25034700E-03  3.72706500E-03
2.20080000E-01  3.24982400E-03  3.68488900E-03
2.20650800E-01  3.26511600E-03  3.78377400E-03
2.21221600E-01  3.28040800E-03  3.71412000E-03
2.21792400E-01  3.29570000E-03  3.71169900E-03
2.22363200E-01  3.31099100E-03  3.75311600E-03
2.22933900E-01  3.32628200E-03  3.71073300E-03
2.23504700E-01  3.34157300E-03  3.63819700E-03
2.24075500E-01  3.35686400E-03  3.71694200E-03
2.24646200E-01  3.37215500E-03  3.74518100E-03
2.25217000E-01  3.39522200E-03  3.77480900E-03
2.25787700E-01  3.43096700E-03  3.75401300E-03
2.26358500E-01  3.46671200E-03  3.69127300E-03
2.26929200E-01  3.50245600E-03  3.74127700E-03
2.27499900E-01  3.53820000E-03  3.69513100E-03
2.28070700E-01  3.57394300E-03  3.69544500E-03
2.28641400E-01  3.60968600E-03  3.71241300E-03
2.29212100E-01  3.64542800E-03  3.70873600E-03
2.29782800E-01  3.68117000E-03  3.71741100E-03
2.30353500E-01  3.73059700E-03  3.72652000E-03
2.30924200E-01  3.78843400E-03  3.74239600E-03
2.31494800E-01  3.84626900E-03  3.70275300E-03
2.32065500E-01  3.90410400E-03  3.74733700E-03
2.32636200E-01  3.96193800E-03  3.75491900E-03
2.33206800E-01  4.01977200E-03  3.66786900E-03
2.33777500E-01  4.07760500E-03  3.79594800E-03
2.34348100E-01  4.13543700E-03  3.74294200E-03
2.34918800E-01  4.19326800E-03  3.71334900E-03
2.35489400E-01  4.27026000E-03  3.75215800E-03
2.36060000E-01  4.35043200E-03  3.68571100E-03
2.36630700E-01  4.43060200E-03  3.73903700E-03
2.37201300E-01  4.51077100E-03  3.77400800E-03
2.37771900E-01  4.59093900E-03  3.54614000E-03
2.38342500E-01  4.67110700E-03  3.30344100E-03
2.38913100E-01  4.75127300E-03  3.32370600E-03
2.39483600E-01  4.83143800E-03  3.45848000E-03
2.40054200E-01  4.91356700E-03  3.52755400E-03


### HEADER:
#
#{
#    "analysis": {},
#    "counters": {},
#    "filename": "2POL_polymerase_FIT",
#    "history": {}
#}

