CYCLE:   37  Chi^2: 1.027  GENER.:1000  ENSEMBLES: 50  CURVES: 11
  4.277983e-03   2.881454e-03   1.213836e-04   2.686503e-03
  4.563181e-03   2.832705e-03   1.069299e-04   2.684163e-03
  4.848380e-03   2.698467e-03   9.640170e-05   2.681824e-03
  5.133579e-03   2.824092e-03   7.987539e-05   2.679484e-03
  5.418777e-03   2.688634e-03   6.232563e-05   2.677144e-03
  5.703976e-03   2.667000e-03   5.667993e-05   2.674805e-03
  5.989175e-03   2.724808e-03   5.233606e-05   2.672465e-03
  6.274373e-03   2.698294e-03   4.801934e-05   2.670126e-03
  6.559572e-03   2.671361e-03   4.460095e-05   2.667786e-03
  6.844770e-03   2.646525e-03   4.383483e-05   2.665447e-03
  7.129969e-03   2.611308e-03   4.366157e-05   2.663107e-03
  7.415167e-03   2.742420e-03   4.221265e-05   2.660768e-03
  7.700365e-03   2.733959e-03   4.148742e-05   2.658428e-03
  7.985564e-03   2.639945e-03   4.212313e-05   2.656088e-03
  8.270762e-03   2.667042e-03   4.059989e-05   2.653749e-03
  8.555960e-03   2.670834e-03   3.917173e-05   2.651409e-03
  8.841159e-03   2.704903e-03   3.863089e-05   2.649070e-03
  9.126357e-03   2.638912e-03   3.742928e-05   2.646730e-03
  9.411555e-03   2.656288e-03   3.850770e-05   2.644391e-03
  9.696753e-03   2.688370e-03   3.749556e-05   2.642051e-03
  9.981951e-03   2.685005e-03   3.702903e-05   2.639712e-03
  1.026715e-02   2.619254e-03   3.543320e-05   2.633413e-03
  1.055235e-02   2.600081e-03   3.591588e-05   2.626847e-03
  1.083754e-02   2.639947e-03   3.507456e-05   2.620281e-03
  1.112274e-02   2.586271e-03   3.394308e-05   2.613715e-03
  1.140794e-02   2.641357e-03   3.589410e-05   2.607149e-03
  1.169314e-02   2.587550e-03   3.369046e-05   2.600583e-03
  1.197834e-02   2.582299e-03   3.203139e-05   2.594017e-03
  1.226353e-02   2.572941e-03   3.044967e-05   2.587451e-03
  1.254873e-02   2.634745e-03   3.005045e-05   2.580885e-03
  1.283393e-02   2.613326e-03   2.909518e-05   2.574319e-03
  1.311913e-02   2.573568e-03   2.844707e-05   2.567753e-03
  1.340432e-02   2.538722e-03   2.775300e-05   2.561187e-03
  1.368952e-02   2.600036e-03   2.738418e-05   2.554621e-03
  1.397472e-02   2.575618e-03   2.783456e-05   2.548055e-03
  1.425992e-02   2.562994e-03   2.662043e-05   2.541489e-03
  1.454511e-02   2.600663e-03   2.632580e-05   2.534923e-03
  1.483031e-02   2.540483e-03   2.624666e-05   2.528357e-03
  1.511551e-02   2.545958e-03   2.561543e-05   2.521791e-03
  1.540070e-02   2.532887e-03   2.532172e-05   2.515225e-03
  1.568590e-02   2.568210e-03   2.483536e-05   2.508659e-03
  1.597110e-02   2.537544e-03   2.464488e-05   2.502093e-03
  1.625629e-02   2.493364e-03   2.394079e-05   2.495527e-03
  1.654149e-02   2.441836e-03   2.372190e-05   2.488961e-03
  1.682669e-02   2.516535e-03   2.363912e-05   2.482395e-03
  1.711188e-02   2.491310e-03   2.332417e-05   2.475829e-03
  1.739708e-02   2.462042e-03   2.256110e-05   2.469263e-03
  1.768228e-02   2.433730e-03   2.285425e-05   2.462698e-03
  1.796747e-02   2.441700e-03   2.201931e-05   2.456132e-03
  1.825267e-02   2.450251e-03   2.321643e-05   2.449566e-03
  1.853786e-02   2.431861e-03   2.332325e-05   2.443000e-03
  1.882306e-02   2.407494e-03   2.345296e-05   2.436434e-03
  1.910825e-02   2.414231e-03   2.335880e-05   2.429868e-03
  1.939345e-02   2.379481e-03   2.300872e-05   2.423302e-03
  1.967865e-02   2.398775e-03   2.356715e-05   2.416736e-03
  1.996384e-02   2.370734e-03   2.294356e-05   2.410170e-03
  2.024904e-02   2.378178e-03   2.266512e-05   2.400962e-03
  2.053423e-02   2.336247e-03   2.149731e-05   2.391372e-03
  2.081943e-02   2.379840e-03   2.156685e-05   2.381781e-03
  2.110462e-02   2.369240e-03   2.206258e-05   2.372190e-03
  2.138982e-02   2.337860e-03   2.152869e-05   2.362599e-03
  2.167501e-02   2.336949e-03   2.172026e-05   2.353008e-03
  2.196021e-02   2.325997e-03   2.191535e-05   2.343417e-03
  2.224540e-02   2.324146e-03   2.131148e-05   2.333826e-03
  2.253060e-02   2.291169e-03   2.142882e-05   2.324235e-03
  2.281579e-02   2.333672e-03   2.109364e-05   2.314645e-03
  2.310099e-02   2.327516e-03   2.115803e-05   2.305054e-03
  2.338618e-02   2.299309e-03   2.099732e-05   2.295463e-03
  2.367137e-02   2.273891e-03   2.093825e-05   2.285872e-03
  2.395657e-02   2.278485e-03   2.085885e-05   2.276281e-03
  2.424176e-02   2.303583e-03   2.057778e-05   2.266690e-03
  2.452695e-02   2.233601e-03   2.029908e-05   2.257099e-03
  2.481215e-02   2.237366e-03   2.027825e-05   2.247509e-03
  2.509734e-02   2.213740e-03   2.017822e-05   2.237918e-03
  2.538254e-02   2.220144e-03   2.021791e-05   2.228327e-03
  2.566773e-02   2.214677e-03   2.020991e-05   2.218736e-03
  2.595292e-02   2.213720e-03   1.990333e-05   2.209145e-03
  2.623811e-02   2.198662e-03   1.996409e-05   2.199554e-03
  2.652331e-02   2.190153e-03   1.974166e-05   2.189964e-03
  2.680850e-02   2.159655e-03   1.981296e-05   2.180373e-03
  2.709369e-02   2.116837e-03   1.948201e-05   2.170782e-03
  2.737889e-02   2.161748e-03   1.982117e-05   2.161191e-03
  2.766408e-02   2.155664e-03   1.925507e-05   2.151600e-03
  2.794927e-02   2.157992e-03   1.923743e-05   2.142009e-03
  2.823446e-02   2.148615e-03   1.926393e-05   2.132419e-03
  2.851965e-02   2.126319e-03   1.890624e-05   2.122828e-03
  2.880485e-02   2.144905e-03   1.893679e-05   2.113237e-03
  2.909004e-02   2.059396e-03   1.884725e-05   2.103646e-03
  2.937523e-02   2.050854e-03   1.890572e-05   2.094056e-03
  2.966042e-02   2.045889e-03   1.876686e-05   2.084465e-03
  2.994561e-02   2.045197e-03   1.874615e-05   2.074874e-03
  3.023080e-02   2.082895e-03   1.866630e-05   2.064102e-03
  3.051599e-02   2.085442e-03   1.863538e-05   2.053052e-03
  3.080118e-02   2.045226e-03   1.841819e-05   2.042002e-03
  3.108637e-02   2.001660e-03   1.822926e-05   2.030952e-03
  3.137156e-02   1.997126e-03   1.834461e-05   2.019903e-03
  3.165676e-02   2.019872e-03   1.822587e-05   2.008853e-03
  3.194195e-02   1.992456e-03   1.811912e-05   1.997803e-03
  3.222714e-02   2.009363e-03   1.818329e-05   1.986753e-03
  3.251233e-02   1.962781e-03   1.821564e-05   1.975703e-03
  3.279751e-02   1.963808e-03   1.807355e-05   1.964653e-03
  3.308270e-02   1.946431e-03   1.798121e-05   1.953603e-03
  3.336789e-02   1.944547e-03   1.780224e-05   1.942553e-03
  3.365308e-02   1.903181e-03   1.742987e-05   1.931503e-03
  3.393827e-02   1.915892e-03   1.730882e-05   1.920453e-03
  3.422346e-02   1.961294e-03   1.754715e-05   1.909403e-03
  3.450865e-02   1.913875e-03   1.742659e-05   1.898354e-03
  3.479384e-02   1.866461e-03   1.750097e-05   1.887304e-03
  3.507903e-02   1.885956e-03   1.740704e-05   1.876254e-03
  3.536421e-02   1.840348e-03   1.741036e-05   1.865204e-03
  3.564940e-02   1.868197e-03   1.727252e-05   1.854154e-03
  3.593459e-02   1.843890e-03   1.711419e-05   1.843104e-03
  3.621978e-02   1.806403e-03   1.704950e-05   1.832054e-03
  3.650496e-02   1.805047e-03   1.706977e-05   1.821005e-03
  3.679015e-02   1.827239e-03   1.692459e-05   1.809955e-03
  3.707534e-02   1.817441e-03   1.702818e-05   1.798905e-03
  3.736053e-02   1.788567e-03   1.667452e-05   1.787855e-03
  3.764571e-02   1.753832e-03   1.690096e-05   1.776805e-03
  3.793090e-02   1.745917e-03   1.658270e-05   1.765756e-03
  3.821609e-02   1.742756e-03   1.659781e-05   1.754706e-03
  3.850127e-02   1.712809e-03   1.673816e-05   1.743656e-03
  3.878646e-02   1.741362e-03   1.627961e-05   1.732606e-03
  3.907164e-02   1.719873e-03   1.650155e-05   1.721556e-03
  3.935683e-02   1.699186e-03   1.642401e-05   1.710507e-03
  3.964201e-02   1.703539e-03   1.629418e-05   1.699457e-03
  3.992720e-02   1.685926e-03   1.612395e-05   1.688407e-03
  4.021238e-02   1.690496e-03   1.590838e-05   1.677388e-03
  4.049757e-02   1.672502e-03   1.596003e-05   1.666379e-03
  4.078275e-02   1.662574e-03   1.581367e-05   1.655371e-03
  4.106794e-02   1.631987e-03   1.600608e-05   1.644362e-03
  4.135312e-02   1.631046e-03   1.600199e-05   1.633353e-03
  4.163831e-02   1.637188e-03   1.563393e-05   1.622345e-03
  4.192349e-02   1.618306e-03   1.594601e-05   1.611336e-03
  4.220867e-02   1.614213e-03   1.573546e-05   1.600327e-03
  4.249386e-02   1.587085e-03   1.572723e-05   1.589319e-03
  4.277904e-02   1.568402e-03   1.556182e-05   1.578310e-03
  4.306422e-02   1.563668e-03   1.579052e-05   1.567302e-03
  4.334941e-02   1.564787e-03   1.559613e-05   1.556293e-03
  4.363459e-02   1.555585e-03   1.546331e-05   1.545284e-03
  4.391977e-02   1.547714e-03   1.542978e-05   1.534276e-03
  4.420495e-02   1.508754e-03   1.536862e-05   1.523267e-03
  4.449013e-02   1.514589e-03   1.549290e-05   1.512259e-03
  4.477532e-02   1.482351e-03   1.517228e-05   1.501250e-03
  4.506050e-02   1.498228e-03   1.534253e-05   1.490242e-03
  4.534568e-02   1.448714e-03   1.518786e-05   1.479233e-03
  4.563086e-02   1.473700e-03   1.516307e-05   1.468225e-03
  4.591604e-02   1.459295e-03   1.517050e-05   1.457216e-03
  4.620122e-02   1.450752e-03   1.491530e-05   1.446207e-03
  4.648640e-02   1.433089e-03   1.500214e-05   1.435199e-03
  4.677158e-02   1.427601e-03   1.502570e-05   1.424190e-03
  4.705676e-02   1.421832e-03   1.486011e-05   1.413182e-03
  4.734194e-02   1.420901e-03   1.492244e-05   1.402174e-03
  4.762712e-02   1.423472e-03   1.478929e-05   1.391165e-03
  4.791230e-02   1.368699e-03   1.489442e-05   1.380157e-03
  4.819748e-02   1.332954e-03   1.467082e-05   1.369148e-03
  4.848266e-02   1.370238e-03   1.498510e-05   1.358140e-03
  4.876783e-02   1.353918e-03   1.493799e-05   1.347131e-03
  4.905301e-02   1.336824e-03   1.527387e-05   1.336123e-03
  4.933819e-02   1.336870e-03   1.527913e-05   1.325114e-03
  4.962337e-02   1.331234e-03   1.553658e-05   1.314106e-03
  4.990855e-02   1.313956e-03   1.534965e-05   1.303098e-03
  5.019372e-02   1.315437e-03   1.558945e-05   1.292883e-03
  5.047890e-02   1.296952e-03   1.546958e-05   1.283044e-03
  5.076408e-02   1.292396e-03   1.562573e-05   1.273205e-03
  5.104925e-02   1.269011e-03   1.531667e-05   1.263366e-03
  5.133443e-02   1.265669e-03   1.543329e-05   1.253527e-03
  5.161960e-02   1.249868e-03   1.565966e-05   1.243687e-03
  5.190478e-02   1.265366e-03   1.558761e-05   1.233848e-03
  5.218996e-02   1.240567e-03   1.564350e-05   1.224009e-03
  5.247513e-02   1.222630e-03   1.552656e-05   1.214170e-03
  5.276031e-02   1.210978e-03   1.572650e-05   1.204331e-03
  5.304548e-02   1.207206e-03   1.545872e-05   1.194492e-03
  5.333065e-02   1.171327e-03   1.544235e-05   1.184653e-03
  5.361583e-02   1.202497e-03   1.566730e-05   1.174813e-03
  5.390100e-02   1.176696e-03   1.540390e-05   1.164974e-03
  5.418618e-02   1.167198e-03   1.551128e-05   1.155135e-03
  5.447135e-02   1.150417e-03   1.540686e-05   1.145296e-03
  5.475652e-02   1.113285e-03   1.545602e-05   1.135457e-03
  5.504169e-02   1.119655e-03   1.547283e-05   1.125618e-03
  5.532687e-02   1.105782e-03   1.543591e-05   1.115779e-03
  5.561204e-02   1.091512e-03   1.547240e-05   1.105940e-03
  5.589721e-02   1.103236e-03   1.523287e-05   1.096101e-03
  5.618238e-02   1.061320e-03   1.535500e-05   1.086262e-03
  5.646755e-02   1.061515e-03   1.535496e-05   1.076423e-03
  5.675273e-02   1.057737e-03   1.518800e-05   1.066584e-03
  5.703790e-02   1.030662e-03   1.547033e-05   1.056745e-03
  5.732307e-02   1.035257e-03   1.517499e-05   1.046906e-03
  5.760824e-02   1.020404e-03   1.524377e-05   1.037067e-03
  5.789341e-02   1.045573e-03   1.513012e-05   1.027228e-03
  5.817858e-02   1.006755e-03   1.506038e-05   1.017389e-03
  5.846375e-02   1.015571e-03   1.510721e-05   1.007550e-03
  5.874892e-02   1.015031e-03   1.521180e-05   9.977108e-04
  5.903408e-02   9.854255e-04   1.536750e-05   9.878718e-04
  5.931925e-02   9.772911e-04   1.495550e-05   9.780329e-04
  5.960442e-02   9.867852e-04   1.497446e-05   9.681940e-04
  5.988959e-02   9.647662e-04   1.511872e-05   9.583551e-04
  6.017476e-02   9.811052e-04   1.508046e-05   9.496255e-04
  6.045992e-02   9.748608e-04   1.513724e-05   9.415967e-04
  6.074509e-02   9.304509e-04   1.485398e-05   9.335680e-04
  6.103026e-02   9.102122e-04   1.510329e-05   9.255392e-04
  6.131542e-02   9.184577e-04   1.482966e-05   9.175105e-04
  6.160059e-02   9.211746e-04   1.472633e-05   9.094818e-04
  6.188576e-02   9.044978e-04   1.485466e-05   9.014531e-04
  6.217092e-02   9.132313e-04   1.480626e-05   8.934244e-04
  6.245609e-02   8.989621e-04   1.508212e-05   8.853957e-04
  6.274125e-02   8.823458e-04   1.473022e-05   8.773670e-04
  6.302642e-02   9.009855e-04   1.485370e-05   8.693383e-04
  6.331158e-02   8.243358e-04   1.450052e-05   8.613097e-04
  6.359674e-02   8.796838e-04   1.474748e-05   8.532810e-04
  6.388191e-02   8.332541e-04   1.477148e-05   8.452523e-04
  6.416707e-02   8.189723e-04   1.447690e-05   8.372237e-04
  6.445223e-02   8.233416e-04   1.462536e-05   8.291951e-04
  6.473740e-02   8.162839e-04   1.450247e-05   8.211665e-04
  6.502256e-02   7.916549e-04   1.450530e-05   8.131378e-04
  6.530772e-02   8.009142e-04   1.457770e-05   8.051092e-04
  6.559288e-02   8.038931e-04   1.446258e-05   7.970807e-04
  6.587804e-02   7.594185e-04   1.461947e-05   7.890521e-04
  6.616321e-02   7.831750e-04   1.428866e-05   7.810235e-04
  6.644837e-02   8.004617e-04   1.450615e-05   7.729949e-04
  6.673353e-02   7.556321e-04   1.445921e-05   7.649664e-04
  6.701869e-02   7.695154e-04   1.438520e-05   7.569378e-04
  6.730385e-02   7.514123e-04   1.482990e-05   7.489093e-04
  6.758901e-02   7.521359e-04   1.482095e-05   7.408808e-04
  6.787417e-02   7.223946e-04   1.524346e-05   7.328522e-04
  6.815932e-02   7.440300e-04   1.536874e-05   7.248237e-04
  6.844448e-02   7.066227e-04   1.499079e-05   7.167952e-04
  6.872964e-02   7.231676e-04   1.528487e-05   7.087667e-04
  6.901480e-02   7.190905e-04   1.526073e-05   7.007382e-04
  6.929996e-02   7.091588e-04   1.560345e-05   6.927098e-04
  6.958511e-02   6.842978e-04   1.566752e-05   6.846813e-04
  6.987027e-02   6.715117e-04   1.573517e-05   6.766529e-04
  7.015543e-02   6.903815e-04   1.580300e-05   6.697180e-04
  7.044058e-02   6.700706e-04   1.566295e-05   6.636959e-04
  7.072574e-02   6.274507e-04   1.607297e-05   6.576737e-04
  7.101089e-02   6.607897e-04   1.586251e-05   6.516516e-04
  7.129605e-02   6.431452e-04   1.589896e-05   6.456295e-04
  7.158120e-02   6.248940e-04   1.580119e-05   6.396075e-04
  7.186636e-02   6.427236e-04   1.584261e-05   6.335854e-04
  7.215151e-02   6.369402e-04   1.623322e-05   6.275633e-04
  7.243666e-02   5.955513e-04   1.534705e-05   6.215412e-04
  7.272182e-02   5.806817e-04   1.511218e-05   6.155192e-04
  7.300697e-02   6.289731e-04   1.512805e-05   6.094971e-04
  7.329212e-02   6.019115e-04   1.475024e-05   6.034751e-04
  7.357727e-02   5.922329e-04   1.473936e-05   5.974531e-04
  7.386243e-02   5.967198e-04   1.439039e-05   5.914310e-04
  7.414758e-02   5.794169e-04   1.447226e-05   5.854090e-04
  7.443273e-02   5.597822e-04   1.435148e-05   5.793870e-04
  7.471788e-02   5.774332e-04   1.404397e-05   5.733650e-04
  7.500303e-02   5.568273e-04   1.416840e-05   5.673430e-04
  7.528818e-02   5.632446e-04   1.414722e-05   5.613210e-04
  7.557333e-02   5.391916e-04   1.433928e-05   5.552990e-04
  7.585848e-02   5.539803e-04   1.403309e-05   5.492771e-04
  7.614363e-02   5.342156e-04   1.417561e-05   5.432551e-04
  7.642878e-02   5.490761e-04   1.408084e-05   5.372332e-04
  7.671392e-02   5.405863e-04   1.399330e-05   5.312112e-04
  7.699907e-02   5.338743e-04   1.405290e-05   5.251893e-04
  7.728422e-02   5.019304e-04   1.384442e-05   5.191673e-04
  7.756937e-02   5.143611e-04   1.380281e-05   5.131454e-04
  7.785451e-02   5.119909e-04   1.401282e-05   5.071235e-04
  7.813966e-02   4.613631e-04   1.382767e-05   5.011016e-04
  7.842480e-02   5.159359e-04   1.386089e-05   4.950797e-04
  7.870995e-02   4.915985e-04   1.372805e-05   4.890578e-04
  7.899509e-02   4.651463e-04   1.369972e-05   4.830359e-04
  7.928024e-02   4.693617e-04   1.387090e-05   4.770140e-04
  7.956538e-02   4.777612e-04   1.364280e-05   4.709922e-04
  7.985053e-02   4.805813e-04   1.366777e-05   4.649703e-04
  8.013567e-02   4.629700e-04   1.351590e-05   4.598364e-04
  8.042081e-02   4.904143e-04   1.370029e-05   4.556807e-04
  8.070596e-02   4.452483e-04   1.366422e-05   4.515251e-04
  8.099110e-02   4.571011e-04   1.343236e-05   4.473694e-04
  8.127624e-02   4.528088e-04   1.362854e-05   4.432138e-04
  8.156138e-02   4.332561e-04   1.341044e-05   4.390582e-04
  8.184652e-02   4.168192e-04   1.352497e-05   4.349025e-04
  8.213166e-02   4.411099e-04   1.341023e-05   4.307469e-04
  8.241680e-02   4.409973e-04   1.347147e-05   4.265913e-04
  8.270194e-02   4.003487e-04   1.346838e-05   4.224357e-04
  8.298708e-02   4.327240e-04   1.340359e-05   4.182801e-04
  8.327222e-02   4.113542e-04   1.347650e-05   4.141245e-04
  8.355736e-02   3.970861e-04   1.322625e-05   4.099689e-04
  8.384250e-02   3.918819e-04   1.340729e-05   4.058133e-04
  8.412763e-02   3.938089e-04   1.336679e-05   4.016578e-04
  8.441277e-02   3.985327e-04   1.331178e-05   3.975022e-04
  8.469791e-02   4.048473e-04   1.328715e-05   3.933466e-04
  8.498305e-02   3.949501e-04   1.308421e-05   3.891911e-04
  8.526818e-02   3.861966e-04   1.344014e-05   3.850355e-04
  8.555332e-02   3.652253e-04   1.315062e-05   3.808800e-04
  8.583845e-02   3.687057e-04   1.293061e-05   3.767244e-04
  8.612359e-02   3.754546e-04   1.281336e-05   3.725689e-04
  8.640872e-02   3.528509e-04   1.294280e-05   3.684134e-04
  8.669386e-02   3.550089e-04   1.316897e-05   3.642578e-04
  8.697899e-02   3.514268e-04   1.301667e-05   3.601023e-04
  8.726412e-02   3.642776e-04   1.288754e-05   3.559468e-04
  8.754925e-02   3.464562e-04   1.284671e-05   3.517913e-04
  8.783439e-02   3.301102e-04   1.284566e-05   3.476358e-04
  8.811952e-02   3.284923e-04   1.300716e-05   3.434803e-04
  8.840465e-02   3.445486e-04   1.272157e-05   3.393248e-04
  8.868978e-02   3.363416e-04   1.294215e-05   3.351694e-04
  8.897491e-02   3.456628e-04   1.281691e-05   3.310139e-04
  8.926004e-02   3.182147e-04   1.285640e-05   3.268584e-04
  8.954517e-02   3.502934e-04   1.282443e-05   3.227030e-04
  8.983030e-02   3.141409e-04   1.290718e-05   3.185475e-04
  9.011543e-02   3.185740e-04   1.278714e-05   3.150062e-04
  9.040056e-02   3.112778e-04   1.287423e-05   3.123679e-04
  9.068568e-02   3.210147e-04   1.277834e-05   3.097296e-04
  9.097081e-02   3.028130e-04   1.269579e-05   3.070913e-04
  9.125594e-02   2.873931e-04   1.285872e-05   3.044531e-04
  9.154106e-02   3.077003e-04   1.266996e-05   3.018148e-04
  9.182619e-02   2.965695e-04   1.265727e-05   2.991765e-04
  9.211132e-02   3.028116e-04   1.274828e-05   2.965382e-04
  9.239644e-02   2.735495e-04   1.254099e-05   2.938999e-04
  9.268157e-02   2.881967e-04   1.263189e-05   2.912617e-04
  9.296669e-02   2.906155e-04   1.251171e-05   2.886234e-04
  9.325181e-02   2.791235e-04   1.250497e-05   2.859851e-04
  9.353694e-02   2.696720e-04   1.265758e-05   2.833469e-04
  9.382206e-02   2.737440e-04   1.271035e-05   2.807086e-04
  9.410718e-02   3.010257e-04   1.257232e-05   2.780704e-04
  9.439230e-02   2.678290e-04   1.244043e-05   2.754322e-04
  9.467743e-02   2.900894e-04   1.264281e-05   2.727939e-04
  9.496255e-02   2.641848e-04   1.249943e-05   2.701557e-04
  9.524767e-02   2.718382e-04   1.243361e-05   2.675174e-04
  9.553279e-02   2.712541e-04   1.247622e-05   2.648792e-04
  9.581791e-02   2.797055e-04   1.258682e-05   2.622410e-04
  9.610302e-02   2.686809e-04   1.247067e-05   2.596028e-04
  9.638814e-02   2.493524e-04   1.246156e-05   2.569646e-04
  9.667326e-02   2.442773e-04   1.237799e-05   2.543264e-04
  9.695838e-02   2.595197e-04   1.253719e-05   2.516882e-04
  9.724350e-02   2.405679e-04   1.232206e-05   2.490500e-04
  9.752861e-02   2.336456e-04   1.251083e-05   2.464118e-04
  9.781373e-02   2.518476e-04   1.229404e-05   2.437736e-04
  9.809884e-02   2.691127e-04   1.246343e-05   2.411354e-04
  9.838396e-02   2.325119e-04   1.241459e-05   2.384972e-04
  9.866907e-02   2.140183e-04   1.244805e-05   2.358590e-04
  9.895419e-02   2.404385e-04   1.225745e-05   2.332209e-04
  9.923930e-02   2.376581e-04   1.218789e-05   2.305827e-04
  9.952442e-02   2.478699e-04   1.238611e-05   2.279445e-04
  9.980953e-02   2.298396e-04   1.227404e-05   2.253064e-04
  1.000946e-01   2.203319e-04   1.195383e-05   2.230269e-04
  1.003798e-01   2.172762e-04   1.184601e-05   2.214693e-04
  1.006649e-01   2.066996e-04   1.198881e-05   2.199117e-04
  1.009500e-01   2.182526e-04   1.205984e-05   2.183541e-04
  1.012351e-01   2.283459e-04   1.223038e-05   2.167965e-04
  1.015202e-01   2.085895e-04   1.198538e-05   2.152389e-04
  1.018053e-01   2.130329e-04   1.208788e-05   2.136813e-04
  1.020904e-01   1.948436e-04   1.203034e-05   2.121237e-04
  1.023755e-01   2.382696e-04   1.221141e-05   2.105661e-04
  1.026606e-01   1.964588e-04   1.203890e-05   2.090086e-04
  1.029457e-01   1.974599e-04   1.198854e-05   2.074510e-04
  1.032308e-01   2.012492e-04   1.190494e-05   2.058934e-04
  1.035159e-01   2.141694e-04   1.180761e-05   2.043358e-04
  1.038011e-01   2.141674e-04   1.181437e-05   2.027783e-04
  1.040862e-01   1.885879e-04   1.183119e-05   2.012207e-04
  1.043713e-01   1.651860e-04   1.189586e-05   1.996631e-04
  1.046564e-01   1.927167e-04   1.204207e-05   1.981056e-04
  1.049415e-01   2.113517e-04   1.167956e-05   1.965480e-04
  1.052266e-01   2.041160e-04   1.177653e-05   1.949905e-04
  1.055117e-01   1.811649e-04   1.175936e-05   1.934329e-04
  1.057968e-01   1.997290e-04   1.177453e-05   1.918754e-04
  1.060819e-01   1.835761e-04   1.195896e-05   1.903178e-04
  1.063670e-01   2.081276e-04   1.181361e-05   1.887603e-04
  1.066521e-01   1.807757e-04   1.183235e-05   1.872027e-04
  1.069372e-01   1.927180e-04   1.169037e-05   1.856452e-04
  1.072223e-01   1.917912e-04   1.175133e-05   1.840876e-04
  1.075074e-01   1.886038e-04   1.174458e-05   1.825301e-04
  1.077925e-01   1.703086e-04   1.189812e-05   1.809726e-04
  1.080776e-01   1.774634e-04   1.178624e-05   1.794151e-04
  1.083627e-01   1.654521e-04   1.180919e-05   1.778575e-04
  1.086478e-01   1.692021e-04   1.161026e-05   1.763000e-04
  1.089329e-01   1.757754e-04   1.165387e-05   1.747425e-04
  1.092180e-01   1.811838e-04   1.169152e-05   1.731850e-04
  1.095031e-01   1.881365e-04   1.184056e-05   1.716275e-04
  1.097882e-01   1.662330e-04   1.166620e-05   1.700700e-04
  1.100732e-01   1.694337e-04   1.169994e-05   1.686815e-04
  1.103583e-01   1.581167e-04   1.159262e-05   1.677822e-04
  1.106434e-01   1.878043e-04   1.177294e-05   1.668828e-04
  1.109285e-01   1.564092e-04   1.162465e-05   1.659835e-04
  1.112136e-01   1.814456e-04   1.156454e-05   1.650841e-04
  1.114987e-01   1.757545e-04   1.163064e-05   1.641848e-04
  1.117838e-01   1.599837e-04   1.157527e-05   1.632854e-04
  1.120689e-01   1.540476e-04   1.163837e-05   1.623861e-04
  1.123540e-01   1.535684e-04   1.156774e-05   1.614868e-04
  1.126391e-01   1.473898e-04   1.164893e-05   1.605874e-04
  1.129242e-01   1.727995e-04   1.162092e-05   1.596881e-04
  1.132092e-01   1.471273e-04   1.163135e-05   1.587887e-04
  1.134943e-01   1.345217e-04   1.162955e-05   1.578894e-04
  1.137794e-01   1.542252e-04   1.145420e-05   1.569901e-04
  1.140645e-01   1.637814e-04   1.156125e-05   1.560907e-04
  1.143496e-01   1.582413e-04   1.159720e-05   1.551914e-04
  1.146347e-01   1.493896e-04   1.148534e-05   1.542921e-04
  1.149198e-01   1.471875e-04   1.159120e-05   1.533928e-04
  1.152048e-01   1.555383e-04   1.147869e-05   1.524934e-04
  1.154899e-01   1.353156e-04   1.148718e-05   1.515941e-04
  1.157750e-01   1.521062e-04   1.156372e-05   1.506948e-04
  1.160601e-01   1.658461e-04   1.140718e-05   1.497955e-04
  1.163452e-01   1.590698e-04   1.143831e-05   1.488962e-04
  1.166303e-01   1.504023e-04   1.135827e-05   1.479969e-04
  1.169153e-01   1.769773e-04   1.166989e-05   1.470975e-04
  1.172004e-01   1.174984e-04   1.143263e-05   1.461982e-04
  1.174855e-01   1.622174e-04   1.140699e-05   1.452989e-04
  1.177706e-01   1.365784e-04   1.138009e-05   1.443996e-04
  1.180557e-01   1.298541e-04   1.136006e-05   1.435003e-04
  1.183407e-01   1.532659e-04   1.137062e-05   1.426010e-04
  1.186258e-01   1.349753e-04   1.127679e-05   1.417017e-04
  1.189109e-01   1.522826e-04   1.136400e-05   1.408024e-04
  1.191960e-01   1.524713e-04   1.136338e-05   1.399031e-04
  1.194810e-01   1.207039e-04   1.128627e-05   1.390038e-04
  1.197661e-01   1.510871e-04   1.131383e-05   1.381045e-04
  1.200512e-01   1.321626e-04   1.132201e-05   1.372637e-04
  1.203363e-01   1.326529e-04   1.144591e-05   1.366904e-04
  1.206213e-01   1.308748e-04   1.168790e-05   1.361170e-04
  1.209064e-01   1.433615e-04   1.182254e-05   1.355436e-04
  1.211915e-01   1.209933e-04   1.182479e-05   1.349702e-04
  1.214765e-01   1.389656e-04   1.186130e-05   1.343968e-04
  1.217616e-01   1.341908e-04   1.208986e-05   1.338234e-04
  1.220467e-01   1.397859e-04   1.211619e-05   1.332501e-04
  1.223318e-01   1.439061e-04   1.220152e-05   1.326767e-04
  1.226168e-01   1.532131e-04   1.195276e-05   1.321033e-04
  1.229019e-01   1.199179e-04   1.186073e-05   1.315299e-04
  1.231870e-01   1.307217e-04   1.186780e-05   1.309565e-04
  1.234720e-01   1.291476e-04   1.163038e-05   1.303832e-04
  1.237571e-01   1.113997e-04   1.175853e-05   1.298098e-04
  1.240422e-01   1.193763e-04   1.167879e-05   1.292364e-04
  1.243272e-01   1.294566e-04   1.157053e-05   1.286631e-04
  1.246123e-01   1.238935e-04   1.172447e-05   1.280897e-04
  1.248974e-01   1.328973e-04   1.143981e-05   1.275163e-04
  1.251824e-01   1.479736e-04   1.170703e-05   1.269430e-04
  1.254675e-01   1.319223e-04   1.161468e-05   1.263696e-04
  1.257525e-01   1.182927e-04   1.137732e-05   1.257962e-04
  1.260376e-01   1.257897e-04   1.140512e-05   1.252229e-04
  1.263227e-01   1.203842e-04   1.138898e-05   1.246495e-04
  1.266077e-01   1.018183e-04   1.146133e-05   1.240761e-04
  1.268928e-01   1.071506e-04   1.135535e-05   1.235028e-04
  1.271778e-01   1.301387e-04   1.138499e-05   1.229294e-04
  1.274629e-01   1.274649e-04   1.126825e-05   1.223561e-04
  1.277480e-01   1.206756e-04   1.149373e-05   1.217827e-04
  1.280330e-01   1.218187e-04   1.187861e-05   1.212094e-04
  1.283181e-01   1.264798e-04   1.191884e-05   1.206360e-04
  1.286031e-01   1.428550e-04   1.218604e-05   1.200626e-04
  1.288882e-01   1.473394e-04   1.214068e-05   1.194893e-04
  1.291732e-01   1.409040e-04   1.230667e-05   1.189159e-04
  1.294583e-01   1.262505e-04   1.224785e-05   1.183426e-04
  1.297433e-01   9.727641e-05   1.210549e-05   1.177693e-04
  1.300284e-01   1.192889e-04   1.238995e-05   1.172076e-04
  1.303134e-01   1.195232e-04   1.223506e-05   1.167516e-04
  1.305985e-01   1.186421e-04   1.226613e-05   1.162957e-04
  1.308836e-01   1.196146e-04   1.234933e-05   1.158397e-04
  1.311686e-01   1.223639e-04   1.228357e-05   1.153837e-04
  1.314537e-01   1.198867e-04   1.229168e-05   1.149278e-04
  1.317387e-01   8.271205e-05   1.220784e-05   1.144718e-04
  1.320237e-01   1.205439e-04   1.217383e-05   1.140159e-04
  1.323088e-01   1.030029e-04   1.228820e-05   1.135599e-04
  1.325938e-01   1.221398e-04   1.240685e-05   1.131039e-04
  1.328789e-01   1.027834e-04   1.198859e-05   1.126480e-04
  1.331639e-01   1.210585e-04   1.150291e-05   1.121920e-04
  1.334490e-01   9.770664e-05   1.156363e-05   1.117361e-04
  1.337340e-01   1.149049e-04   1.155777e-05   1.112801e-04
  1.340191e-01   1.414943e-04   1.132573e-05   1.108242e-04
  1.343041e-01   1.163879e-04   1.135455e-05   1.103682e-04
  1.345891e-01   1.099281e-04   1.135978e-05   1.099123e-04
  1.348742e-01   1.119630e-04   1.124816e-05   1.094563e-04
  1.351592e-01   8.569632e-05   1.119523e-05   1.090004e-04
  1.354443e-01   1.116093e-04   1.121416e-05   1.085444e-04
  1.357293e-01   1.227233e-04   1.122233e-05   1.080885e-04
  1.360144e-01   1.159207e-04   1.123983e-05   1.076325e-04
  1.362994e-01   9.359393e-05   1.132975e-05   1.071766e-04
  1.365844e-01   1.063428e-04   1.097541e-05   1.067207e-04
  1.368695e-01   1.116492e-04   1.110390e-05   1.062647e-04
  1.371545e-01   1.071193e-04   1.120050e-05   1.058088e-04
  1.374395e-01   1.048110e-04   1.109604e-05   1.053528e-04
  1.377246e-01   1.010190e-04   1.106859e-05   1.048969e-04
  1.380096e-01   1.056586e-04   1.091306e-05   1.044410e-04
  1.382946e-01   1.239682e-04   1.113773e-05   1.039850e-04
  1.385797e-01   1.122826e-04   1.106065e-05   1.035291e-04
  1.388647e-01   1.090512e-04   1.103245e-05   1.030732e-04
  1.391497e-01   9.344137e-05   1.091776e-05   1.026172e-04
  1.394348e-01   8.928292e-05   1.088202e-05   1.021613e-04
  1.397198e-01   9.075852e-05   1.071314e-05   1.017054e-04
  1.400048e-01   8.778381e-05   1.059703e-05   1.012498e-04
  1.402898e-01   1.138303e-04   1.074356e-05   1.008157e-04
  1.405749e-01   1.077858e-04   1.064535e-05   1.003816e-04
  1.408599e-01   9.443572e-05   1.073001e-05   9.994751e-05
  1.411449e-01   1.041540e-04   1.084276e-05   9.951341e-05
  1.414300e-01   9.477253e-05   1.063321e-05   9.907931e-05
  1.417150e-01   1.008527e-04   1.087939e-05   9.864521e-05
  1.420000e-01   1.016026e-04   1.078357e-05   9.821112e-05
  1.422850e-01   9.864877e-05   1.083883e-05   9.777702e-05
  1.425701e-01   1.051911e-04   1.079923e-05   9.734293e-05
  1.428551e-01   1.020557e-04   1.072521e-05   9.690884e-05
  1.431401e-01   1.001989e-04   1.085972e-05   9.647475e-05
  1.434251e-01   1.096800e-04   1.076360e-05   9.604066e-05
  1.437101e-01   9.480779e-05   1.076786e-05   9.560657e-05
  1.439952e-01   1.133961e-04   1.065927e-05   9.517248e-05
  1.442802e-01   9.037447e-05   1.067268e-05   9.473839e-05
  1.445652e-01   1.088639e-04   1.072949e-05   9.430431e-05
  1.448502e-01   9.392094e-05   1.062196e-05   9.387022e-05
  1.451352e-01   1.178795e-04   1.081768e-05   9.343614e-05
  1.454202e-01   1.090628e-04   1.062203e-05   9.300205e-05
  1.457053e-01   1.025879e-04   1.066992e-05   9.256797e-05
  1.459903e-01   9.508233e-05   1.055286e-05   9.213389e-05
  1.462753e-01   1.001107e-04   1.071018e-05   9.169981e-05
  1.465603e-01   9.302073e-05   1.067207e-05   9.126574e-05
  1.468453e-01   9.540828e-05   1.060808e-05   9.083166e-05
  1.471303e-01   9.939432e-05   1.058656e-05   9.039758e-05
  1.474153e-01   8.836976e-05   1.059146e-05   8.996351e-05
  1.477003e-01   9.270232e-05   1.055339e-05   8.952943e-05
  1.479854e-01   7.634475e-05   1.057775e-05   8.909536e-05
  1.482704e-01   8.046612e-05   1.064093e-05   8.866129e-05
  1.485554e-01   7.126649e-05   1.055838e-05   8.822722e-05
  1.488404e-01   9.980889e-05   1.053888e-05   8.779315e-05
  1.491254e-01   9.006531e-05   1.061197e-05   8.735908e-05
  1.494104e-01   5.610241e-05   1.058718e-05   8.692501e-05
  1.496954e-01   9.028246e-05   1.053465e-05   8.649095e-05
  1.499804e-01   8.616455e-05   1.052637e-05   8.605688e-05
  1.502654e-01   8.534925e-05   1.043567e-05   8.562593e-05
  1.505504e-01   6.977279e-05   1.054843e-05   8.519520e-05
  1.508354e-01   9.674615e-05   1.046959e-05   8.476448e-05
  1.511204e-01   9.174420e-05   1.043795e-05   8.433375e-05
  1.514054e-01   8.778221e-05   1.050617e-05   8.390303e-05
  1.516904e-01   7.953582e-05   1.039286e-05   8.347231e-05
  1.519754e-01   7.896103e-05   1.049357e-05   8.304159e-05
  1.522604e-01   8.479891e-05   1.037274e-05   8.261087e-05
  1.525454e-01   9.677730e-05   1.044104e-05   8.218015e-05
  1.528304e-01   7.974830e-05   1.047557e-05   8.174943e-05
  1.531154e-01   7.376468e-05   1.029012e-05   8.131871e-05
  1.534004e-01   8.420837e-05   1.048462e-05   8.088800e-05
  1.536854e-01   9.636574e-05   1.034515e-05   8.045728e-05
  1.539704e-01   8.213913e-05   1.043254e-05   8.002657e-05
  1.542554e-01   7.094227e-05   1.039417e-05   7.959586e-05
  1.545404e-01   5.382150e-05   1.031499e-05   7.916515e-05
  1.548254e-01   7.908065e-05   1.037812e-05   7.873444e-05
  1.551103e-01   6.771007e-05   1.037593e-05   7.830373e-05
  1.553953e-01   8.533439e-05   1.043119e-05   7.787303e-05
  1.556803e-01   8.130230e-05   1.034507e-05   7.744232e-05
  1.559653e-01   6.573514e-05   1.027745e-05   7.701161e-05
  1.562503e-01   9.684060e-05   1.040930e-05   7.658091e-05
  1.565353e-01   8.412893e-05   1.028449e-05   7.615021e-05
  1.568203e-01   8.901882e-05   1.038281e-05   7.571951e-05
  1.571053e-01   7.152457e-05   1.013827e-05   7.528881e-05
  1.573902e-01   7.536602e-05   1.012944e-05   7.485811e-05
  1.576752e-01   7.411634e-05   1.019798e-05   7.442741e-05
  1.579602e-01   7.445645e-05   1.010643e-05   7.399671e-05
  1.582452e-01   6.782627e-05   1.021040e-05   7.356602e-05
  1.585302e-01   8.770775e-05   1.016467e-05   7.313533e-05
  1.588152e-01   5.751946e-05   1.016864e-05   7.270463e-05
  1.591001e-01   6.390410e-05   1.019419e-05   7.227394e-05
  1.593851e-01   5.972682e-05   1.008745e-05   7.184325e-05
  1.596701e-01   6.835617e-05   1.015287e-05   7.141256e-05
  1.599551e-01   7.483557e-05   1.014792e-05   7.098187e-05
  1.602400e-01   7.032140e-05   1.013592e-05   7.056909e-05
  1.605250e-01   5.748988e-05   9.922203e-06   7.015967e-05
  1.608100e-01   6.252831e-05   9.877517e-06   6.975025e-05
  1.610950e-01   5.363045e-05   9.989062e-06   6.934083e-05
  1.613799e-01   4.215926e-05   9.930601e-06   6.893141e-05
  1.616649e-01   7.094940e-05   1.003129e-05   6.852198e-05
  1.619499e-01   7.060625e-05   9.941810e-06   6.811257e-05
  1.622349e-01   7.832135e-05   9.985178e-06   6.770315e-05
  1.625198e-01   6.121043e-05   1.004460e-05   6.729373e-05
  1.628048e-01   5.952546e-05   9.990725e-06   6.688432e-05
  1.630898e-01   6.091858e-05   1.002551e-05   6.647490e-05
  1.633747e-01   6.382243e-05   9.999615e-06   6.606549e-05
  1.636597e-01   6.194294e-05   1.001669e-05   6.565608e-05
  1.639447e-01   7.758903e-05   1.008198e-05   6.524667e-05
  1.642296e-01   4.978602e-05   1.001461e-05   6.483726e-05
  1.645146e-01   6.113520e-05   9.967930e-06   6.442785e-05
  1.647996e-01   4.691413e-05   9.968807e-06   6.401845e-05
  1.650845e-01   6.182188e-05   1.010955e-05   6.360904e-05
  1.653695e-01   4.150489e-05   9.994361e-06   6.319964e-05
  1.656544e-01   6.467055e-05   1.000422e-05   6.279023e-05
  1.659394e-01   6.520817e-05   9.957485e-06   6.238083e-05
  1.662244e-01   5.283657e-05   9.978727e-06   6.197143e-05
  1.665093e-01   7.536039e-05   1.001002e-05   6.156203e-05
  1.667943e-01   5.040371e-05   9.802934e-06   6.115263e-05
  1.670792e-01   5.995318e-05   9.954972e-06   6.074323e-05
  1.673642e-01   5.573800e-05   9.932168e-06   6.033384e-05
  1.676491e-01   4.404938e-05   1.000318e-05   5.992444e-05
  1.679341e-01   6.005759e-05   9.899762e-06   5.951505e-05
  1.682191e-01   3.972649e-05   9.759175e-06   5.910566e-05
  1.685040e-01   7.358440e-05   9.998599e-06   5.869626e-05
  1.687890e-01   6.387188e-05   9.896971e-06   5.828687e-05
  1.690739e-01   7.403267e-05   9.921636e-06   5.787749e-05
  1.693589e-01   6.809063e-05   9.844862e-06   5.746810e-05
  1.696438e-01   6.923075e-05   9.893536e-06   5.705871e-05
  1.699288e-01   5.805077e-05   9.867042e-06   5.664932e-05
  1.702137e-01   5.236021e-05   9.852755e-06   5.627481e-05
  1.704987e-01   4.763239e-05   9.815154e-06   5.591191e-05
  1.707836e-01   4.450387e-05   9.841550e-06   5.554902e-05
  1.710686e-01   5.887474e-05   9.795045e-06   5.518612e-05
  1.713535e-01   5.911298e-05   9.947234e-06   5.482323e-05
  1.716384e-01   5.624291e-05   9.820952e-06   5.446034e-05
  1.719234e-01   4.324601e-05   9.914120e-06   5.409745e-05
  1.722083e-01   5.804168e-05   9.830883e-06   5.373456e-05
  1.724933e-01   5.190946e-05   9.791645e-06   5.337167e-05
  1.727782e-01   5.191331e-05   9.749776e-06   5.300878e-05
  1.730631e-01   5.680751e-05   9.796919e-06   5.264589e-05
  1.733481e-01   4.730645e-05   9.788839e-06   5.228301e-05
  1.736330e-01   5.951394e-05   9.811114e-06   5.192012e-05
  1.739180e-01   3.845972e-05   9.717781e-06   5.155724e-05
  1.742029e-01   5.120272e-05   9.753955e-06   5.119436e-05
  1.744878e-01   3.790868e-05   9.544986e-06   5.083148e-05
  1.747728e-01   6.024954e-05   9.632015e-06   5.046860e-05
  1.750577e-01   6.045744e-05   9.554989e-06   5.010572e-05
  1.753426e-01   4.543825e-05   9.589161e-06   4.974284e-05
  1.756276e-01   4.642019e-05   9.558931e-06   4.937997e-05
  1.759125e-01   5.196543e-05   9.581810e-06   4.901709e-05
  1.761974e-01   4.141435e-05   9.632268e-06   4.865422e-05
  1.764824e-01   6.348695e-05   9.565216e-06   4.829134e-05
  1.767673e-01   5.931602e-05   9.594282e-06   4.792847e-05
  1.770522e-01   4.385963e-05   9.579277e-06   4.756560e-05
  1.773371e-01   4.841642e-05   9.579227e-06   4.720273e-05
  1.776221e-01   5.072021e-05   9.578509e-06   4.683986e-05
  1.779070e-01   3.427188e-05   9.560167e-06   4.647699e-05
  1.781919e-01   4.497276e-05   9.618067e-06   4.611413e-05
  1.784768e-01   3.557540e-05   9.619044e-06   4.575126e-05
  1.787618e-01   2.326756e-05   9.546426e-06   4.538840e-05
  1.790467e-01   3.375045e-05   9.509365e-06   4.502553e-05
  1.793316e-01   4.129133e-05   9.591794e-06   4.466267e-05
  1.796165e-01   5.356442e-05   9.625865e-06   4.429981e-05
  1.799014e-01   3.815205e-05   9.531047e-06   4.393695e-05
  1.801864e-01   2.729922e-05   9.594035e-06   4.361686e-05
  1.804713e-01   5.367685e-05   9.530068e-06   4.331939e-05
  1.807562e-01   5.426636e-05   9.607091e-06   4.302193e-05
  1.810411e-01   4.156933e-05   9.538370e-06   4.272446e-05
  1.813260e-01   3.717179e-05   9.506178e-06   4.242700e-05
  1.816109e-01   6.051938e-05   9.505237e-06   4.212954e-05
  1.818958e-01   5.173388e-05   9.575744e-06   4.183207e-05
  1.821808e-01   3.172202e-05   9.524713e-06   4.153461e-05
  1.824657e-01   4.473575e-05   9.550855e-06   4.123715e-05
  1.827506e-01   4.122931e-05   9.488875e-06   4.093969e-05
  1.830355e-01   3.789442e-05   9.537358e-06   4.064223e-05
  1.833204e-01   3.820614e-05   9.528902e-06   4.034477e-05
  1.836053e-01   4.388526e-05   9.594588e-06   4.004732e-05
  1.838902e-01   4.035447e-05   9.495199e-06   3.974986e-05
  1.841751e-01   5.312297e-05   9.475094e-06   3.945241e-05
  1.844600e-01   2.900490e-05   9.543364e-06   3.915495e-05
  1.847449e-01   3.739575e-05   9.461961e-06   3.885750e-05
  1.850298e-01   3.314873e-05   9.384635e-06   3.856005e-05
  1.853147e-01   2.830575e-05   9.520883e-06   3.826260e-05
  1.855996e-01   3.811764e-05   9.437019e-06   3.796515e-05
  1.858845e-01   3.333256e-05   9.475544e-06   3.766770e-05
  1.861694e-01   3.672005e-05   9.475305e-06   3.737025e-05
  1.864543e-01   4.651710e-05   9.459064e-06   3.707280e-05
  1.867392e-01   2.764618e-05   9.446771e-06   3.677536e-05
  1.870241e-01   1.456631e-05   9.407705e-06   3.647791e-05
  1.873090e-01   4.864803e-05   9.433936e-06   3.618047e-05
  1.875939e-01   3.398637e-05   9.477754e-06   3.588302e-05
  1.878788e-01   3.160765e-05   9.477329e-06   3.558558e-05
  1.881637e-01   3.350917e-05   9.632343e-06   3.528814e-05
  1.884486e-01   4.442975e-05   9.710517e-06   3.499070e-05
  1.887335e-01   3.347534e-05   9.847245e-06   3.469326e-05
  1.890184e-01   3.141615e-05   9.978614e-06   3.439582e-05
  1.893032e-01   3.240911e-05   1.006022e-05   3.409838e-05
  1.895881e-01   2.558491e-05   9.951119e-06   3.380095e-05
  1.898730e-01   1.911542e-05   9.983603e-06   3.350351e-05
  1.901579e-01   3.841372e-05   1.006131e-05   3.324554e-05
  1.904428e-01   4.620382e-05   1.014884e-05   3.301930e-05
  1.907277e-01   2.071509e-05   1.012478e-05   3.279306e-05
  1.910126e-01   3.239917e-05   1.008488e-05   3.256682e-05
  1.912974e-01   2.357214e-05   1.023136e-05   3.234058e-05
  1.915823e-01   4.421286e-05   1.009672e-05   3.211434e-05
  1.918672e-01   2.790437e-05   1.016816e-05   3.188811e-05
  1.921521e-01   2.596312e-05   9.939758e-06   3.166187e-05
  1.924370e-01   2.742297e-05   1.011112e-05   3.143564e-05
  1.927218e-01   2.281948e-05   1.014683e-05   3.120940e-05
  1.930067e-01   2.002536e-05   1.018734e-05   3.098317e-05
  1.932916e-01   2.900432e-05   9.782542e-06   3.075694e-05
  1.935765e-01   3.027233e-05   9.712420e-06   3.053071e-05
  1.938613e-01   1.740663e-05   9.679352e-06   3.030447e-05
  1.941462e-01   2.270636e-05   9.641300e-06   3.007824e-05
  1.944311e-01   1.454606e-05   9.547685e-06   2.985201e-05
  1.947159e-01   2.041231e-05   9.591666e-06   2.962579e-05
  1.950008e-01   2.908858e-05   9.521765e-06   2.939956e-05
  1.952857e-01   3.555884e-05   9.525686e-06   2.917333e-05
  1.955706e-01   3.653414e-05   9.567896e-06   2.894710e-05
  1.958554e-01   2.727281e-05   9.524431e-06   2.872088e-05
  1.961403e-01   2.971238e-05   9.523435e-06   2.849465e-05
  1.964251e-01   4.430832e-05   9.482671e-06   2.826843e-05
  1.967100e-01   2.583262e-05   9.501625e-06   2.804221e-05
  1.969949e-01   2.214362e-05   9.428190e-06   2.781598e-05
  1.972797e-01   2.981604e-05   9.462548e-06   2.758976e-05
  1.975646e-01   2.568452e-05   9.482575e-06   2.736354e-05
  1.978495e-01   1.908733e-05   9.409577e-06   2.713732e-05
  1.981343e-01   3.733434e-05   9.412773e-06   2.691110e-05
  1.984192e-01   4.430721e-05   9.314187e-06   2.668488e-05
  1.987040e-01   1.935448e-05   9.398124e-06   2.645866e-05
  1.989889e-01   1.967510e-05   9.368120e-06   2.623245e-05
  1.992737e-01   2.441198e-05   9.343685e-06   2.600623e-05
  1.995586e-01   3.366847e-05   9.443993e-06   2.578001e-05
  1.998435e-01   2.951043e-05   9.355089e-06   2.555380e-05
  2.001283e-01   2.129671e-05   9.445780e-06   2.535774e-05
  2.004132e-01   1.443363e-05   9.291557e-06   2.519846e-05
  2.006980e-01   1.934998e-05   9.346696e-06   2.503919e-05
  2.009829e-01   4.671399e-05   9.424764e-06   2.487992e-05
  2.012677e-01   1.527625e-05   9.277378e-06   2.472065e-05
  2.015525e-01   2.122599e-05   9.382855e-06   2.456138e-05
  2.018374e-01   1.429340e-05   9.276975e-06   2.440211e-05
  2.021222e-01   1.449582e-05   9.260254e-06   2.424284e-05
  2.024071e-01   1.499415e-05   9.374759e-06   2.408357e-05
  2.026919e-01   2.047355e-05   9.306329e-06   2.392430e-05
  2.029768e-01   8.042214e-06   9.349973e-06   2.376503e-05
  2.032616e-01   8.815375e-06   9.222272e-06   2.360576e-05
  2.035464e-01   2.336917e-05   9.318089e-06   2.344650e-05
  2.038313e-01   2.163008e-05   9.315322e-06   2.328723e-05
  2.041161e-01   1.413697e-05   9.242096e-06   2.312796e-05
  2.044010e-01   2.203284e-05   9.275526e-06   2.296870e-05
  2.046858e-01   1.778033e-05   9.223387e-06   2.280944e-05
  2.049706e-01   3.041705e-05   9.301197e-06   2.265017e-05
  2.052555e-01   2.445708e-05   9.171544e-06   2.249091e-05
  2.055403e-01   7.941526e-06   9.168338e-06   2.233164e-05
  2.058251e-01   3.133048e-05   9.181911e-06   2.217238e-05
  2.061100e-01   1.739090e-05   9.188480e-06   2.201312e-05
  2.063948e-01   2.027522e-05   9.203238e-06   2.185386e-05
  2.066796e-01   2.136026e-05   9.102897e-06   2.169460e-05
  2.069645e-01   1.794599e-05   9.254175e-06   2.153534e-05
  2.072493e-01   2.788317e-05   9.162085e-06   2.137608e-05
  2.075341e-01   3.582865e-05   9.222873e-06   2.121682e-05
  2.078189e-01   2.614441e-05   9.191635e-06   2.105756e-05
  2.081038e-01   1.368551e-05   9.115257e-06   2.089830e-05
  2.083886e-01   1.914669e-05   9.129148e-06   2.073905e-05
  2.086734e-01   1.734353e-05   9.177646e-06   2.057979e-05
  2.089582e-01   1.374021e-05   9.110920e-06   2.042053e-05
  2.092430e-01   1.153294e-05   9.014581e-06   2.026128e-05
  2.095279e-01   3.335033e-05   8.890407e-06   2.010202e-05
  2.098127e-01   2.783652e-05   9.017143e-06   1.994277e-05
  2.100975e-01   2.178486e-05   8.927849e-06   1.980259e-05
  2.103823e-01   2.369171e-05   9.038496e-06   1.969905e-05
  2.106671e-01   2.525712e-05   9.018041e-06   1.959551e-05
  2.109519e-01   1.946812e-05   9.034016e-06   1.949197e-05
  2.112367e-01   1.662804e-05   9.084337e-06   1.938844e-05
  2.115216e-01   1.404539e-05   8.999840e-06   1.928490e-05
  2.118064e-01   1.528077e-05   9.067213e-06   1.918136e-05
  2.120912e-01   1.054840e-05   8.984580e-06   1.907783e-05
  2.123760e-01   3.841615e-05   8.963149e-06   1.897429e-05
  2.126608e-01   2.495983e-05   9.012013e-06   1.887076e-05
  2.129456e-01   1.857270e-05   8.971237e-06   1.876722e-05
  2.132304e-01   1.348960e-05   9.073788e-06   1.866369e-05
  2.135152e-01   2.364182e-05   8.972146e-06   1.856015e-05
  2.138000e-01   2.222539e-05   8.949836e-06   1.845662e-05
  2.140848e-01   6.046465e-06   8.986901e-06   1.835308e-05
  2.143696e-01   5.261151e-06   8.946670e-06   1.824955e-05
  2.146544e-01   2.275755e-05   9.017789e-06   1.814602e-05
  2.149392e-01   1.999491e-05   8.957567e-06   1.804249e-05
  2.152240e-01   2.032276e-05   8.982071e-06   1.793896e-05
  2.155088e-01   2.710965e-05   9.012328e-06   1.783542e-05
  2.157936e-01   1.580010e-05   9.004322e-06   1.773189e-05
  2.160784e-01   2.024045e-05   9.008814e-06   1.762836e-05
  2.163632e-01   7.943167e-06   8.884529e-06   1.752483e-05
  2.166480e-01   2.537838e-06   8.915039e-06   1.742130e-05
  2.169328e-01   2.318047e-05   8.972087e-06   1.731777e-05
  2.172176e-01   3.387658e-05   8.946351e-06   1.721424e-05
  2.175024e-01   2.017311e-05   8.957216e-06   1.711071e-05
  2.177871e-01   1.201373e-05   8.913824e-06   1.700719e-05
  2.180719e-01   2.930153e-05   8.946439e-06   1.690366e-05
  2.183567e-01   2.116659e-05   8.984426e-06   1.680013e-05
  2.186415e-01   3.134023e-05   8.952521e-06   1.669660e-05
  2.189263e-01   1.743645e-05   8.895053e-06   1.659308e-05
  2.192111e-01   1.499433e-05   8.866801e-06   1.648955e-05
  2.194958e-01   3.287590e-06   8.986705e-06   1.638602e-05
  2.197806e-01   2.656344e-06   8.901371e-06   1.628250e-05
  2.200654e-01   2.182412e-06   8.950008e-06   1.618830e-05
  2.203502e-01   1.596395e-05   8.869397e-06   1.612537e-05
  2.206350e-01   1.986561e-05   8.873893e-06   1.606244e-05
  2.209197e-01   1.865362e-05   8.702077e-06   1.599951e-05
  2.212045e-01   2.646443e-05   8.687659e-06   1.593658e-05
  2.214893e-01   1.347401e-05   8.760817e-06   1.587365e-05
  2.217741e-01   2.542729e-05   8.758722e-06   1.581072e-05
  2.220588e-01   1.167514e-05   8.824580e-06   1.574779e-05
  2.223436e-01   9.143903e-06   8.783281e-06   1.568487e-05
  2.226284e-01   9.015103e-06   8.789692e-06   1.562194e-05
  2.229131e-01   8.356835e-06   8.822757e-06   1.555901e-05
  2.231979e-01   1.645373e-05   8.790063e-06   1.549608e-05
  2.234827e-01   1.347178e-05   8.818235e-06   1.543316e-05
  2.237674e-01   1.452075e-05   8.737779e-06   1.537023e-05
  2.240522e-01   1.271288e-05   8.817608e-06   1.530730e-05
  2.243370e-01   1.083664e-05   8.815310e-06   1.524438e-05
  2.246217e-01   1.843582e-05   8.706524e-06   1.518145e-05
  2.249065e-01   2.151052e-05   8.746607e-06   1.511852e-05
  2.251913e-01   6.353279e-06   8.694556e-06   1.505560e-05
  2.254760e-01   1.442101e-05   8.779713e-06   1.499267e-05
  2.257608e-01   1.679370e-05   8.801960e-06   1.492975e-05
  2.260455e-01   2.040891e-05   8.721232e-06   1.486682e-05
  2.263303e-01   1.928344e-05   8.687728e-06   1.480390e-05
  2.266150e-01   1.895851e-05   8.578922e-06   1.474097e-05
  2.268998e-01   1.081693e-05   8.634457e-06   1.467805e-05
  2.271845e-01   2.091000e-05   8.554491e-06   1.461512e-05
  2.274693e-01   2.115616e-05   8.585914e-06   1.455220e-05
  2.277540e-01   2.838287e-05   8.694978e-06   1.448928e-05
  2.280388e-01   1.394863e-05   8.614463e-06   1.442635e-05
  2.283235e-01   1.652587e-05   8.628215e-06   1.436343e-05
  2.286083e-01   1.519798e-05   8.626232e-06   1.430051e-05
  2.288930e-01   1.379721e-05   8.689586e-06   1.423759e-05
  2.291778e-01   1.592344e-05   8.740274e-06   1.417466e-05
  2.294625e-01   1.998348e-05   8.601094e-06   1.411174e-05
  2.297473e-01  -1.774271e-06   8.610982e-06   1.404882e-05
  2.300320e-01   1.718409e-05   8.584501e-06   1.398892e-05
  2.303167e-01   1.927632e-05   8.662997e-06   1.395291e-05
  2.306015e-01  -4.278878e-06   8.630789e-06   1.391690e-05
  2.308862e-01   8.272965e-06   8.630671e-06   1.388089e-05
  2.311709e-01   9.900565e-06   8.651915e-06   1.384488e-05
  2.314557e-01   1.630684e-05   8.572066e-06   1.380887e-05
  2.317404e-01   1.086395e-05   8.622119e-06   1.377286e-05
  2.320251e-01   7.433012e-06   8.615496e-06   1.373685e-05
  2.323099e-01   2.701974e-05   8.606057e-06   1.370084e-05
  2.325946e-01   1.448523e-05   8.679521e-06   1.366483e-05
  2.328793e-01   1.206954e-06   8.583402e-06   1.362882e-05
  2.331641e-01   2.426903e-05   8.579753e-06   1.359281e-05
  2.334488e-01   1.422037e-05   8.616718e-06   1.355680e-05
  2.337335e-01   1.075832e-05   8.577370e-06   1.352079e-05
  2.340182e-01   1.616379e-06   8.618981e-06   1.348478e-05
  2.343030e-01   6.280758e-06   8.590294e-06   1.344877e-05
  2.345877e-01   9.868153e-06   8.630776e-06   1.341276e-05
  2.348724e-01   6.109840e-06   8.612546e-06   1.337675e-05
  2.351571e-01   2.070873e-05   8.654313e-06   1.334075e-05
  2.354418e-01   1.860634e-05   8.570701e-06   1.330474e-05
  2.357266e-01   1.169112e-05   8.643999e-06   1.326873e-05
  2.360113e-01   1.593876e-05   8.589318e-06   1.323272e-05
  2.362960e-01  -1.587280e-06   8.564374e-06   1.319671e-05
  2.365807e-01   1.465634e-06   8.634129e-06   1.316071e-05
  2.368654e-01   1.004926e-05   8.495387e-06   1.312470e-05
  2.371501e-01   1.891914e-05   8.613203e-06   1.308869e-05
  2.374348e-01   2.422023e-05   8.577429e-06   1.305268e-05
  2.377196e-01   2.247719e-05   8.500968e-06   1.301668e-05
  2.380043e-01   1.131741e-05   8.593611e-06   1.298067e-05
  2.382890e-01   6.733798e-06   8.491562e-06   1.294466e-05
  2.385737e-01   1.070438e-05   8.589833e-06   1.290865e-05
  2.388584e-01   1.005638e-05   8.541615e-06   1.287265e-05
  2.391431e-01   2.355708e-05   8.514527e-06   1.283664e-05
  2.394278e-01   5.773057e-06   8.566339e-06   1.280063e-05
  2.397125e-01   3.156245e-05   8.483801e-06   1.276463e-05
  2.399972e-01   5.960374e-06   8.555067e-06   1.272862e-05
  2.402819e-01  -2.080715e-06   8.455679e-06   1.270848e-05
  2.405666e-01  -4.084549e-06   8.520855e-06   1.268850e-05
  2.408513e-01   1.529602e-05   8.515763e-06   1.266852e-05
  2.411360e-01   1.484652e-05   8.491775e-06   1.264854e-05
  2.414207e-01   1.532287e-05   8.547110e-06   1.262856e-05
  2.417054e-01   1.425632e-05   8.511911e-06   1.260858e-05
  2.419901e-01   1.460714e-05   8.530302e-06   1.258860e-05
  2.422747e-01   4.874256e-06   8.444635e-06   1.256862e-05
  2.425594e-01   1.097559e-05   8.454221e-06   1.254864e-05
  2.428441e-01   4.504004e-06   8.503698e-06   1.252866e-05
  2.431288e-01   1.912975e-05   8.449978e-06   1.250868e-05
  2.434135e-01   1.483265e-05   8.476696e-06   1.248869e-05
  2.436982e-01   6.602708e-06   8.429481e-06   1.246871e-05
  2.439829e-01   1.193959e-05   8.380795e-06   1.244873e-05
  2.442675e-01   6.147356e-06   8.352733e-06   1.242875e-05
  2.445522e-01   1.184945e-05   8.328737e-06   1.240877e-05
  2.448369e-01   1.771482e-05   8.407751e-06   1.238879e-05
  2.451216e-01   7.974805e-06   8.327258e-06   1.236881e-05
  2.454063e-01   1.124522e-05   8.380171e-06   1.234883e-05
  2.456909e-01  -1.681657e-07   8.423591e-06   1.232886e-05
  2.459756e-01  -1.070841e-05   8.325570e-06   1.230888e-05
  2.462603e-01   1.685890e-05   8.393308e-06   1.228890e-05
  2.465450e-01   1.835656e-05   8.332339e-06   1.226892e-05
  2.468296e-01   2.460954e-05   8.344628e-06   1.224894e-05
  2.471143e-01   1.945503e-06   8.394143e-06   1.222896e-05
  2.473990e-01   1.814118e-05   8.305022e-06   1.220898e-05
  2.476836e-01   6.820361e-06   8.337663e-06   1.218900e-05
  2.479683e-01   3.485389e-06   8.304656e-06   1.216902e-05
  2.482530e-01   4.239420e-06   8.412263e-06   1.214904e-05
  2.485376e-01   1.014446e-05   8.300873e-06   1.212906e-05
  2.488223e-01   1.299459e-05   8.454820e-06   1.210908e-05
  2.491070e-01   2.888592e-05   8.645923e-06   1.208911e-05
  2.493916e-01   6.915010e-06   8.685631e-06   1.206913e-05
  2.496763e-01   4.669838e-06   8.763100e-06   1.204915e-05
  2.499609e-01   8.316966e-06   8.745373e-06   1.202917e-05
  2.502456e-01   2.005716e-05   8.812238e-06   1.201713e-05
  2.505302e-01   4.389903e-06   8.813746e-06   1.200636e-05
  2.508149e-01   1.160256e-05   8.936704e-06   1.199559e-05
  2.510996e-01   1.019421e-05   8.894289e-06   1.198481e-05
  2.513842e-01   1.814219e-05   8.845412e-06   1.197404e-05
  2.516689e-01   2.699966e-05   8.982601e-06   1.196326e-05
  2.519535e-01   5.641913e-06   8.978937e-06   1.195249e-05
  2.522382e-01   1.942940e-05   9.040332e-06   1.194172e-05
  2.525228e-01   1.667403e-05   8.941446e-06   1.193094e-05
  2.528074e-01   3.196579e-05   8.992053e-06   1.192017e-05
  2.530921e-01   1.050791e-05   9.025563e-06   1.190939e-05
  2.533767e-01   2.683149e-05   8.980924e-06   1.189862e-05
  2.536614e-01   1.390975e-05   9.040310e-06   1.188785e-05
  2.539460e-01   4.514506e-06   9.104369e-06   1.187707e-05
  2.542307e-01  -3.411171e-06   9.053081e-06   1.186630e-05
  2.545153e-01  -2.473438e-06   9.188363e-06   1.185553e-05
  2.547999e-01   2.790767e-05   8.998420e-06   1.184475e-05
  2.550846e-01   2.012031e-05   9.116991e-06   1.183398e-05
  2.553692e-01  -4.205582e-06   9.085336e-06   1.182321e-05
  2.556538e-01   2.602935e-06   9.183774e-06   1.181243e-05
  2.559385e-01   4.582537e-08   9.181414e-06   1.180166e-05
  2.562231e-01   1.582616e-05   9.047414e-06   1.179089e-05
  2.565077e-01   1.712519e-05   9.173004e-06   1.178011e-05
  2.567923e-01   1.229307e-05   9.124550e-06   1.176934e-05
  2.570770e-01   9.994437e-06   9.175146e-06   1.175857e-05
  2.573616e-01   8.143825e-06   9.190142e-06   1.174780e-05
  2.576462e-01   1.795346e-05   9.090544e-06   1.173702e-05
  2.579308e-01   1.783969e-05   9.282455e-06   1.172625e-05
  2.582155e-01   1.154085e-05   9.255167e-06   1.171548e-05
  2.585001e-01   1.289055e-05   9.146251e-06   1.170470e-05
  2.587847e-01   1.380749e-06   9.270550e-06   1.169393e-05
  2.590693e-01   4.650157e-07   9.216905e-06   1.168316e-05
  2.593539e-01   2.176467e-05   9.349222e-06   1.167239e-05
  2.596386e-01   1.536516e-05   9.123190e-06   1.166161e-05
  2.599232e-01   2.036717e-05   9.304582e-06   1.165084e-05
  2.602078e-01  -2.431947e-06   9.304237e-06   1.164416e-05
  2.604924e-01   1.166166e-05   9.265316e-06   1.163900e-05
  2.607770e-01  -2.498244e-06   9.304971e-06   1.163383e-05
  2.610616e-01   1.337229e-07   9.135602e-06   1.162867e-05
  2.613462e-01   1.986708e-05   9.483379e-06   1.162350e-05
  2.616308e-01   1.279380e-05   9.488191e-06   1.161833e-05
  2.619154e-01   2.770229e-05   9.669576e-06   1.161317e-05
  2.622000e-01   1.833192e-05   9.815364e-06   1.160800e-05
  2.624846e-01   2.504750e-05   9.938868e-06   1.160284e-05
  2.627692e-01   6.696546e-06   1.012032e-05   1.159767e-05
  2.630538e-01  -1.928312e-07   1.014345e-05   1.159251e-05
  2.633384e-01   2.073615e-05   1.019859e-05   1.158734e-05
  2.636230e-01   2.689543e-05   1.028780e-05   1.158218e-05
  2.639076e-01   6.162009e-06   1.036006e-05   1.157701e-05
  2.641922e-01  -7.168681e-06   1.052196e-05   1.157185e-05
  2.644768e-01   2.664817e-05   1.051902e-05   1.156668e-05
  2.647614e-01   1.447370e-05   1.070019e-05   1.156152e-05
  2.650460e-01   2.156712e-05   1.073374e-05   1.155635e-05
  2.653306e-01   8.940893e-07   1.082420e-05   1.155119e-05
  2.656152e-01   6.842740e-06   1.087289e-05   1.154602e-05
  2.658998e-01   1.441275e-05   1.085983e-05   1.154086e-05
  2.661843e-01   1.941327e-05   1.101548e-05   1.153569e-05
  2.664689e-01  -5.329334e-06   1.105724e-05   1.153053e-05
  2.667535e-01   8.425278e-06   1.114554e-05   1.152536e-05
  2.670381e-01   1.940277e-05   1.104051e-05   1.152020e-05
  2.673227e-01   1.019350e-05   1.120921e-05   1.151503e-05
  2.676073e-01   1.266946e-05   1.127132e-05   1.150987e-05
  2.678918e-01   2.105909e-05   1.130126e-05   1.150471e-05
  2.681764e-01   7.086700e-06   1.134552e-05   1.149954e-05
  2.684610e-01   2.987079e-06   1.118624e-05   1.149438e-05
  2.687456e-01   1.637983e-05   1.137765e-05   1.148921e-05
  2.690301e-01   2.829025e-05   1.146695e-05   1.148405e-05
  2.693147e-01   3.502819e-05   1.126790e-05   1.147888e-05
  2.695993e-01   1.312302e-05   1.158919e-05   1.147372e-05
  2.698838e-01   2.209273e-05   1.150880e-05   1.146855e-05
  2.701684e-01   6.789590e-06   1.161323e-05   1.146495e-05
  2.704530e-01   2.646343e-05   1.146856e-05   1.146243e-05
  2.707375e-01   4.271217e-05   1.147383e-05   1.145992e-05
  2.710221e-01   2.723175e-05   1.159289e-05   1.145740e-05
  2.713067e-01   1.038108e-05   1.165578e-05   1.145488e-05
  2.715912e-01   1.192905e-05   1.168031e-05   1.145236e-05
  2.718758e-01   9.875396e-06   1.153013e-05   1.144984e-05
  2.721603e-01   1.930342e-05   1.176382e-05   1.144732e-05
  2.724449e-01   8.215772e-06   1.180831e-05   1.144480e-05
  2.727294e-01   1.536516e-05   1.171330e-05   1.144228e-05
  2.730140e-01   1.933764e-05   1.185089e-05   1.143976e-05
  2.732985e-01   9.298401e-06   1.181637e-05   1.143725e-05
  2.735831e-01   8.463911e-06   1.188057e-05   1.143473e-05
  2.738676e-01   3.123297e-06   1.193435e-05   1.143221e-05
  2.741522e-01   1.719138e-05   1.178436e-05   1.142969e-05
  2.744367e-01   1.403434e-05   1.198624e-05   1.142717e-05
  2.747213e-01   2.207615e-05   1.190973e-05   1.142465e-05
  2.750058e-01   6.752719e-06   1.219585e-05   1.142213e-05
  2.752904e-01   6.634975e-06   1.202819e-05   1.141961e-05
  2.755749e-01   7.065213e-06   1.206043e-05   1.141710e-05
  2.758595e-01  -7.306776e-06   1.230734e-05   1.141458e-05
  2.761440e-01   3.646387e-06   1.220935e-05   1.141206e-05
  2.764285e-01  -4.997050e-06   1.227838e-05   1.140954e-05
  2.767131e-01   7.861017e-06   1.221774e-05   1.140702e-05
  2.769976e-01   2.577826e-05   1.223982e-05   1.140450e-05
  2.772821e-01   1.092040e-05   1.259376e-05   1.140198e-05
  2.775667e-01  -5.944609e-06   1.219956e-05   1.139947e-05
  2.778512e-01   4.015315e-06   1.239504e-05   1.139695e-05
  2.781357e-01   2.728521e-05   1.234957e-05   1.139443e-05
  2.784202e-01   2.591267e-05   1.244096e-05   1.139191e-05
  2.787048e-01   1.624381e-05   1.245802e-05   1.138939e-05
  2.789893e-01  -1.342378e-05   1.235642e-05   1.138687e-05
  2.792738e-01   1.258759e-05   1.248784e-05   1.138435e-05
  2.795583e-01   8.700504e-06   1.244679e-05   1.138184e-05
  2.798429e-01   1.386578e-05   1.264603e-05   1.137932e-05
  2.801274e-01   1.549939e-05   1.252375e-05   1.137735e-05
  2.804119e-01   5.378106e-06   1.263475e-05   1.137605e-05
  2.806964e-01   2.126546e-05   1.284795e-05   1.137476e-05
  2.809809e-01   1.460121e-05   1.260598e-05   1.137347e-05
  2.812654e-01   3.703751e-05   1.285866e-05   1.137217e-05
  2.815500e-01   2.765435e-05   1.272950e-05   1.137088e-05
  2.818345e-01   1.237668e-05   1.297485e-05   1.136959e-05
  2.821190e-01   2.274331e-05   1.289127e-05   1.136829e-05
  2.824035e-01   1.110636e-05   1.286499e-05   1.136700e-05
  2.826880e-01   2.489638e-05   1.293985e-05   1.136571e-05
  2.829725e-01   2.040798e-05   1.292846e-05   1.136441e-05
  2.832570e-01   2.799206e-05   1.305274e-05   1.136312e-05
  2.835415e-01   4.062364e-05   1.298808e-05   1.136183e-05
  2.838260e-01   1.924762e-05   1.309415e-05   1.136053e-05
  2.841105e-01   9.057068e-06   1.335967e-05   1.135924e-05
  2.843950e-01  -1.134490e-05   1.303600e-05   1.135795e-05
  2.846795e-01   3.104153e-06   1.325483e-05   1.135665e-05
  2.849640e-01   1.880647e-05   1.313912e-05   1.135536e-05
  2.852485e-01   9.890274e-06   1.331981e-05   1.135407e-05
  2.855330e-01   2.979050e-05   1.347320e-05   1.135277e-05
  2.858175e-01   3.574510e-06   1.316630e-05   1.135148e-05
  2.861020e-01   3.254827e-05   1.355212e-05   1.135019e-05
  2.863865e-01   1.572668e-05   1.325883e-05   1.134889e-05
  2.866709e-01   2.426202e-05   1.354723e-05   1.134760e-05
  2.869554e-01   3.909241e-05   1.355604e-05   1.134631e-05
  2.872399e-01   4.142574e-06   1.345192e-05   1.134501e-05
  2.875244e-01   8.657275e-06   1.364542e-05   1.134372e-05
  2.878089e-01   2.923932e-05   1.349711e-05   1.134243e-05
  2.880934e-01  -1.145308e-05   1.370755e-05   1.134113e-05
  2.883778e-01   1.025564e-05   1.372626e-05   1.133984e-05
  2.886623e-01   2.355270e-05   1.374622e-05   1.133855e-05
  2.889468e-01   1.986448e-05   1.394153e-05   1.133725e-05
  2.892313e-01  -5.758479e-06   1.362294e-05   1.133596e-05
  2.895157e-01   1.895684e-05   1.400063e-05   1.133467e-05
  2.898002e-01   1.752812e-05   1.374874e-05   1.133338e-05
  2.900847e-01   1.652390e-05   1.390053e-05   1.133183e-05
  2.903691e-01   2.787257e-05   1.409648e-05   1.132970e-05
  2.906536e-01  -2.350065e-06   1.393063e-05   1.132756e-05
  2.909381e-01   1.370929e-05   1.425387e-05   1.132542e-05
  2.912225e-01  -9.487647e-07   1.390438e-05   1.132329e-05
  2.915070e-01   4.446709e-06   1.402776e-05   1.132115e-05
  2.917915e-01  -6.547874e-06   1.412199e-05   1.131901e-05
  2.920759e-01   1.395741e-05   1.397732e-05   1.131688e-05
  2.923604e-01   1.478379e-05   1.423426e-05   1.131474e-05
  2.926448e-01   2.891762e-06   1.413538e-05   1.131261e-05
  2.929293e-01   5.796135e-06   1.416634e-05   1.131047e-05
  2.932138e-01  -3.349634e-05   1.387577e-05   1.130833e-05
  2.934982e-01   2.820066e-05   1.423557e-05   1.130620e-05
  2.937827e-01  -2.913636e-06   1.421552e-05   1.130406e-05
  2.940671e-01   3.327153e-05   1.415379e-05   1.130192e-05
  2.943516e-01  -7.152110e-06   1.416985e-05   1.129979e-05
  2.946360e-01   2.770728e-05   1.425669e-05   1.129765e-05
  2.949204e-01   2.456115e-05   1.456404e-05   1.129552e-05
  2.952049e-01   2.026107e-05   1.433349e-05   1.129338e-05
  2.954893e-01   8.961448e-06   1.448144e-05   1.129124e-05
  2.957738e-01   9.946124e-06   1.474984e-05   1.128911e-05
  2.960582e-01   2.471137e-05   1.443179e-05   1.128697e-05
  2.963427e-01   1.089677e-05   1.474383e-05   1.128484e-05
  2.966271e-01   2.767935e-05   1.455175e-05   1.128270e-05
  2.969115e-01   8.392163e-06   1.471896e-05   1.128056e-05
  2.971960e-01   1.266471e-05   1.485299e-05   1.127843e-05
  2.974804e-01   1.141848e-05   1.463065e-05   1.127629e-05
  2.977648e-01   5.525190e-06   1.498923e-05   1.127416e-05
  2.980493e-01   3.278711e-05   1.472711e-05   1.127202e-05
  2.983337e-01   2.479407e-05   1.493543e-05   1.126988e-05
  2.986181e-01   1.436057e-05   1.483628e-05   1.126775e-05
  2.989025e-01   8.918681e-06   1.487198e-05   1.126561e-05
  2.991870e-01   1.115536e-05   1.496819e-05   1.126348e-05
  2.994714e-01   2.903868e-06   1.481953e-05   1.126134e-05
  2.997558e-01  -5.844578e-06   1.535398e-05   1.125920e-05
  3.000402e-01   1.039230e-05   1.503651e-05   1.125680e-05
  3.003246e-01   3.600763e-05   1.521375e-05   1.125278e-05
  3.006091e-01   1.308367e-05   1.538476e-05   1.124875e-05
  3.008935e-01   2.709389e-05   1.499172e-05   1.124473e-05
  3.011779e-01   1.284601e-05   1.552003e-05   1.124070e-05
  3.014623e-01   3.579480e-05   1.524294e-05   1.123668e-05
  3.017467e-01   1.383974e-05   1.568180e-05   1.123266e-05
  3.020311e-01   2.033752e-05   1.533211e-05   1.122863e-05
  3.023155e-01  -2.757856e-05   1.539851e-05   1.122461e-05
  3.025999e-01   3.650246e-06   1.569721e-05   1.122059e-05
  3.028843e-01   1.829842e-05   1.545904e-05   1.121656e-05
  3.031687e-01  -2.197863e-05   1.572477e-05   1.121254e-05
  3.034531e-01   5.275968e-06   1.580731e-05   1.120851e-05
  3.037375e-01   9.716909e-06   1.577958e-05   1.120449e-05
  3.040219e-01   2.860585e-05   1.612423e-05   1.120047e-05
  3.043063e-01   1.964296e-05   1.556880e-05   1.119644e-05
  3.045907e-01  -1.311552e-05   1.600915e-05   1.119242e-05
  3.048751e-01   2.081199e-05   1.603894e-05   1.118840e-05
  3.051595e-01   1.048839e-05   1.596013e-05   1.118437e-05
  3.054439e-01   1.269715e-05   1.637592e-05   1.118035e-05
  3.057283e-01   1.670215e-05   1.576952e-05   1.117633e-05
  3.060127e-01   1.622906e-05   1.621546e-05   1.117230e-05
  3.062971e-01   3.152638e-05   1.604354e-05   1.116828e-05
  3.065815e-01   2.267898e-05   1.662537e-05   1.116426e-05
  3.068658e-01   2.938982e-05   1.633731e-05   1.116023e-05
  3.071502e-01   4.651345e-06   1.643910e-05   1.115621e-05
  3.074346e-01   1.362297e-05   1.655707e-05   1.115219e-05
  3.077190e-01   2.046356e-05   1.644820e-05   1.114816e-05
  3.080034e-01   3.307718e-05   1.696681e-05   1.114414e-05
  3.082877e-01  -3.453474e-07   1.634004e-05   1.114012e-05
  3.085721e-01   2.701247e-05   1.687314e-05   1.113609e-05
  3.088565e-01   1.167840e-05   1.698944e-05   1.113207e-05
  3.091408e-01   2.323961e-05   1.644183e-05   1.112805e-05
  3.094252e-01   1.528433e-05   1.713388e-05   1.112402e-05
  3.097096e-01  -5.607828e-06   1.693715e-05   1.112000e-05
  3.099940e-01   9.792773e-07   1.709374e-05   1.111598e-05
  3.102783e-01  -7.654419e-06   1.723745e-05   1.111045e-05
  3.105627e-01   1.056615e-05   1.721589e-05   1.110490e-05
  3.108470e-01   2.578234e-05   1.749916e-05   1.109934e-05
  3.111314e-01   9.495762e-06   1.700638e-05   1.109379e-05
  3.114158e-01   2.622968e-05   1.732372e-05   1.108823e-05
  3.117001e-01   4.610950e-06   1.738768e-05   1.108268e-05
  3.119845e-01   1.625145e-05   1.748120e-05   1.107712e-05
  3.122688e-01  -7.642237e-06   1.748987e-05   1.107157e-05
  3.125532e-01   1.660597e-05   1.706104e-05   1.106601e-05
  3.128375e-01   8.190446e-07   1.779503e-05   1.106046e-05
  3.131219e-01   5.289519e-05   1.740682e-05   1.105490e-05
  3.134062e-01   2.187126e-06   1.782060e-05   1.104935e-05
  3.136906e-01   5.214322e-05   1.802456e-05   1.104379e-05
  3.139749e-01   4.179711e-05   1.751374e-05   1.103824e-05
  3.142593e-01   3.332184e-05   1.836429e-05   1.103268e-05
  3.145436e-01   2.187665e-05   1.739594e-05   1.102713e-05
  3.148279e-01   2.800906e-05   1.818116e-05   1.102157e-05
  3.151123e-01   2.002597e-05   1.819310e-05   1.101602e-05
  3.153966e-01   1.473721e-05   1.815314e-05   1.101046e-05
  3.156810e-01   4.156970e-06   1.859774e-05   1.100491e-05
  3.159653e-01  -3.845778e-08   1.794576e-05   1.099935e-05
  3.162496e-01   3.352653e-05   1.873326e-05   1.099380e-05
  3.165340e-01  -8.335872e-06   1.836507e-05   1.098824e-05
  3.168183e-01   2.297292e-05   1.850699e-05   1.098269e-05
  3.171026e-01   2.386280e-06   1.907056e-05   1.097713e-05
  3.173869e-01   3.037663e-05   1.828024e-05   1.097158e-05
  3.176713e-01   9.490203e-06   1.898530e-05   1.096603e-05
  3.179556e-01   1.731059e-05   1.871352e-05   1.096047e-05
  3.182399e-01   2.617732e-05   1.897725e-05   1.095492e-05
  3.185242e-01   3.370215e-05   1.898951e-05   1.094936e-05
  3.188086e-01   3.536489e-05   1.897243e-05   1.094381e-05
  3.190929e-01  -5.813260e-06   1.946262e-05   1.093825e-05
  3.193772e-01  -9.746352e-07   1.921074e-05   1.093270e-05
  3.196615e-01  -2.379590e-06   1.927039e-05   1.092714e-05
  3.199458e-01   2.302692e-05   1.921668e-05   1.092159e-05
  3.202301e-01   4.622956e-05   1.958858e-05   1.091569e-05
  3.205144e-01   1.750779e-05   2.009401e-05   1.090970e-05
  3.207987e-01   1.109556e-05   1.944160e-05   1.090372e-05
  3.210830e-01  -4.093189e-05   1.954304e-05   1.089773e-05
  3.213673e-01  -3.100751e-05   1.918275e-05   1.089175e-05
  3.216517e-01   3.903210e-05   1.983696e-05   1.088576e-05
  3.219360e-01  -8.022367e-06   2.022244e-05   1.087978e-05
  3.222203e-01  -1.490595e-05   1.974602e-05   1.087379e-05
  3.225046e-01   3.202784e-05   2.038550e-05   1.086781e-05
  3.227888e-01   2.036977e-05   1.954483e-05   1.086182e-05
  3.230731e-01  -2.222685e-05   2.019787e-05   1.085584e-05
  3.233574e-01  -2.829689e-06   1.980300e-05   1.084985e-05
  3.236417e-01  -1.594812e-05   1.990406e-05   1.084387e-05
  3.239260e-01   4.720027e-05   2.051966e-05   1.083788e-05
  3.242103e-01   4.082708e-06   1.941338e-05   1.083190e-05
  3.244946e-01   3.987763e-06   2.021688e-05   1.082591e-05
  3.247789e-01  -1.526127e-05   1.955384e-05   1.081993e-05
  3.250632e-01  -6.087172e-06   2.034946e-05   1.081394e-05
  3.253474e-01   1.935222e-05   2.073401e-05   1.080796e-05
  3.256317e-01  -7.909467e-06   1.955469e-05   1.080198e-05
  3.259160e-01  -9.615125e-06   2.084020e-05   1.079599e-05
  3.262003e-01  -5.589707e-06   2.002022e-05   1.079001e-05
  3.264846e-01   2.362873e-05   2.057636e-05   1.078402e-05
  3.267688e-01   1.277448e-05   2.066148e-05   1.077804e-05
  3.270531e-01   4.105744e-05   2.062334e-05   1.077205e-05
  3.273374e-01  -1.326560e-06   2.119231e-05   1.076607e-05
  3.276216e-01  -1.152502e-05   2.021961e-05   1.076008e-05
  3.279059e-01  -2.834282e-06   2.128599e-05   1.075410e-05
  3.281902e-01  -5.626019e-06   2.079806e-05   1.074812e-05
  3.284744e-01   5.594934e-05   2.151352e-05   1.074213e-05
  3.287587e-01   2.266548e-05   2.215447e-05   1.073615e-05
  3.290430e-01  -6.224878e-06   2.048410e-05   1.073016e-05
  3.293272e-01   3.316086e-05   2.210481e-05   1.072418e-05
  3.296115e-01   4.305452e-05   2.092690e-05   1.071820e-05
  3.298957e-01   5.318900e-05   2.182808e-05   1.071221e-05
  3.301800e-01  -4.852258e-06   2.189372e-05   1.070657e-05
  3.304643e-01   1.269016e-05   2.144327e-05   1.070114e-05
  3.307485e-01   6.380233e-06   2.267800e-05   1.069570e-05
  3.310328e-01   1.527767e-05   2.155382e-05   1.069026e-05
  3.313170e-01   1.549956e-05   2.272807e-05   1.068483e-05
  3.316012e-01   2.684439e-05   2.213832e-05   1.067939e-05
  3.318855e-01   1.399091e-05   2.249944e-05   1.067396e-05
  3.321697e-01   2.270829e-05   2.323188e-05   1.066852e-05
  3.324540e-01  -2.503371e-05   2.222238e-05   1.066308e-05
  3.327382e-01   2.406777e-05   2.325446e-05   1.065765e-05
  3.330225e-01   3.153608e-05   2.273280e-05   1.065221e-05
  3.333067e-01   3.849231e-05   2.308241e-05   1.064677e-05
  3.335909e-01   2.336489e-05   2.379038e-05   1.064134e-05
  3.338752e-01  -3.639246e-06   2.231344e-05   1.063590e-05
  3.341594e-01   5.026582e-05   2.443077e-05   1.063047e-05
  3.344436e-01   1.899628e-05   2.342853e-05   1.062503e-05
  3.347279e-01  -3.843172e-06   2.405055e-05   1.061959e-05
  3.350121e-01   3.656409e-05   2.405515e-05   1.061416e-05
  3.352963e-01   9.835892e-07   2.357646e-05   1.060872e-05
  3.355805e-01  -2.036126e-05   2.500514e-05   1.060329e-05
  3.358647e-01   2.297620e-05   2.353847e-05   1.059785e-05
  3.361490e-01   2.448157e-05   2.509234e-05   1.059241e-05
  3.364332e-01  -2.465067e-06   2.355112e-05   1.058698e-05
  3.367174e-01   9.070513e-07   2.498967e-05   1.058154e-05
  3.370016e-01   5.923016e-05   2.651342e-05   1.057611e-05
  3.372858e-01  -1.325044e-05   2.433174e-05   1.057067e-05
  3.375700e-01   2.189872e-05   2.636248e-05   1.056524e-05
  3.378543e-01   3.083019e-06   2.531555e-05   1.055980e-05
  3.381385e-01   1.559825e-05   2.564378e-05   1.055436e-05
  3.384227e-01   5.413378e-05   2.609105e-05   1.054893e-05
  3.387069e-01   5.363201e-05   2.585620e-05   1.054349e-05
  3.389911e-01  -3.273833e-06   2.704478e-05   1.053806e-05
  3.392753e-01   8.690600e-07   2.536715e-05   1.053262e-05
  3.395595e-01   2.502796e-05   2.730046e-05   1.052719e-05
  3.398437e-01   2.938418e-06   2.620770e-05   1.052175e-05
  3.401279e-01   4.623140e-05   2.647696e-05   1.051674e-05
  3.404121e-01   6.890275e-05   2.812156e-05   1.051225e-05
  3.406963e-01   2.544594e-06   2.603579e-05   1.050776e-05
  3.409805e-01  -1.792601e-05   2.835970e-05   1.050328e-05
  3.412647e-01   2.450995e-06   2.644191e-05   1.049879e-05
  3.415488e-01  -1.080078e-05   2.822045e-05   1.049430e-05
  3.418330e-01   2.212062e-05   2.897680e-05   1.048981e-05
  3.421172e-01  -4.722690e-06   2.757370e-05   1.048532e-05
  3.424014e-01   2.996728e-05   2.998334e-05   1.048083e-05
  3.426856e-01   2.460071e-05   2.758556e-05   1.047635e-05
  3.429698e-01   2.694435e-05   3.038995e-05   1.047186e-05
  3.432539e-01   5.951110e-05   2.946517e-05   1.046737e-05
  3.435381e-01   1.182299e-05   2.950507e-05   1.046288e-05
  3.438223e-01  -3.404833e-05   3.201592e-05   1.045839e-05
  3.441065e-01  -1.493118e-05   2.846591e-05   1.045391e-05
  3.443906e-01  -1.377756e-06   3.161752e-05   1.044942e-05
  3.446748e-01   7.490850e-06   2.981137e-05   1.044493e-05
  3.449590e-01   5.152786e-05   3.140467e-05   1.044044e-05
  3.452431e-01   2.506687e-05   3.311607e-05   1.043595e-05
  3.455273e-01   7.548424e-05   2.925441e-05   1.043147e-05
  3.458115e-01   6.525502e-06   3.357062e-05   1.042698e-05
  3.460956e-01   1.336752e-05   3.029383e-05   1.042249e-05
  3.463798e-01   4.286751e-05   3.439253e-05   1.041800e-05
  3.466639e-01   1.890044e-05   3.279277e-05   1.041351e-05
  3.469481e-01   7.316822e-05   3.299979e-05   1.040903e-05
  3.472323e-01  -3.521075e-05   3.503846e-05   1.040454e-05
  3.475164e-01   5.531318e-06   3.156686e-05   1.040005e-05
  3.478006e-01   1.270830e-05   3.510160e-05   1.039556e-05
  3.480847e-01   3.951801e-05   3.345959e-05   1.039108e-05
  3.483689e-01  -1.047646e-05   3.596256e-05   1.038659e-05
  3.486530e-01   3.732062e-05   3.768222e-05   1.038210e-05
  3.489372e-01   4.035016e-05   3.300449e-05   1.037761e-05
  3.492213e-01  -1.524089e-05   3.825799e-05   1.037313e-05
  3.495054e-01  -4.402557e-05   3.514783e-05   1.036864e-05
  3.497896e-01   1.340213e-05   3.849549e-05   1.036415e-05
  3.500737e-01   1.809837e-05   3.780755e-05   1.035979e-05
  3.503579e-01   5.754302e-05   3.685395e-05   1.035580e-05
  3.506420e-01   2.611042e-05   4.082423e-05   1.035181e-05
  3.509261e-01   1.473396e-05   3.771010e-05   1.034782e-05
  3.512102e-01  -2.611815e-05   4.066310e-05   1.034383e-05
  3.514944e-01  -3.725799e-05   4.059024e-05   1.033984e-05
  3.517785e-01   2.786196e-05   4.103931e-05   1.033585e-05
  3.520626e-01   3.243133e-05   4.478868e-05   1.033186e-05
  3.523468e-01   4.181416e-05   4.078288e-05   1.032787e-05
  3.526309e-01  -2.553874e-05   4.561919e-05   1.032388e-05
  3.529150e-01   1.173611e-04   4.343780e-05   1.031989e-05
  3.531991e-01   1.035550e-05   4.501858e-05   1.031590e-05
  3.534832e-01  -8.637790e-06   4.955709e-05   1.031191e-05
  3.537673e-01  -3.856149e-05   4.485739e-05   1.030792e-05
  3.540515e-01  -1.766257e-04   4.803582e-05   1.030393e-05
  3.543356e-01  -1.172163e-04   5.010701e-05   1.029993e-05
  3.546197e-01  -3.109811e-05   4.875148e-05   1.029594e-05
