### DATA:
#
# 404
#      Q             I(Q)           Error     
9.72485000E-03  2.19981900E+00  2.85062700E-02
1.02969000E-02  2.13208500E+00  2.47288900E-02
1.08689500E-02  2.11579200E+00  2.26763200E-02
1.14409900E-02  2.13008600E+00  2.18260100E-02
1.20130400E-02  2.09346900E+00  1.90449600E-02
1.25850900E-02  2.11270500E+00  1.94603200E-02
1.31571300E-02  2.07119300E+00  1.80467900E-02
1.37291800E-02  2.06258400E+00  1.83559500E-02
1.43012300E-02  2.03853700E+00  1.71910100E-02
1.48732700E-02  2.01582800E+00  1.79760500E-02
1.54453200E-02  2.03508500E+00  1.91501100E-02
1.60173600E-02  2.04059800E+00  1.66628100E-02
1.65894000E-02  1.98644000E+00  1.66455900E-02
1.71614500E-02  1.99402200E+00  1.60912300E-02
1.77334900E-02  1.94692200E+00  1.59248600E-02
1.83055300E-02  1.94643700E+00  1.61747200E-02
1.88775800E-02  1.93293400E+00  1.65371100E-02
1.94496200E-02  1.92953300E+00  1.45010600E-02
2.00216600E-02  1.89397400E+00  1.52508600E-02
2.05937000E-02  1.86724400E+00  1.43753600E-02
2.11657400E-02  1.86826900E+00  1.40964400E-02
2.17377800E-02  1.83706200E+00  1.28495300E-02
2.23098100E-02  1.82728600E+00  1.35728400E-02
2.28818500E-02  1.82543400E+00  1.38068000E-02
2.34538900E-02  1.77523700E+00  1.33805500E-02
2.40259300E-02  1.78449700E+00  1.29488600E-02
2.45979600E-02  1.72828600E+00  1.22859100E-02
2.51700000E-02  1.72191000E+00  1.31279900E-02
2.57420300E-02  1.71452400E+00  1.22087600E-02
2.63140600E-02  1.70763700E+00  1.20045200E-02
2.68861000E-02  1.68109900E+00  1.24195200E-02
2.74581300E-02  1.66480700E+00  1.20722100E-02
2.80301600E-02  1.63906600E+00  1.15619700E-02
2.86021900E-02  1.62371700E+00  1.06786700E-02
2.91742200E-02  1.62745400E+00  1.03304300E-02
2.97462500E-02  1.58512400E+00  1.00970900E-02
3.03182700E-02  1.56407100E+00  1.01176900E-02
3.08903000E-02  1.54677400E+00  1.07483100E-02
3.14623300E-02  1.52613400E+00  9.88649500E-03
3.20343500E-02  1.49850000E+00  1.01411900E-02
3.26063800E-02  1.46508100E+00  1.01147000E-02
3.31784000E-02  1.45868100E+00  1.04232800E-02
3.37504200E-02  1.45466700E+00  1.00297600E-02
3.43224400E-02  1.42348500E+00  9.96729500E-03
3.48944600E-02  1.39690800E+00  9.52646400E-03
3.54664800E-02  1.36785200E+00  9.58381400E-03
3.60385000E-02  1.35399000E+00  9.97398700E-03
3.66105200E-02  1.34011500E+00  9.56264000E-03
3.71825300E-02  1.31235900E+00  9.28827700E-03
3.77545500E-02  1.28948100E+00  9.50120800E-03
3.83265600E-02  1.26502700E+00  9.04510300E-03
3.88985700E-02  1.24807600E+00  8.53041900E-03
3.94705800E-02  1.22419500E+00  8.87644600E-03
4.00425900E-02  1.21220000E+00  9.18679000E-03
4.06146000E-02  1.19037900E+00  9.41074800E-03
4.11866100E-02  1.17502200E+00  8.45533800E-03
4.17586200E-02  1.14058200E+00  8.51896200E-03
4.23306200E-02  1.11414700E+00  8.42565700E-03
4.29026300E-02  1.09786400E+00  8.63089800E-03
4.34746300E-02  1.09280000E+00  8.07625300E-03
4.40466300E-02  1.07251700E+00  8.00533500E-03
4.46186300E-02  1.04766000E+00  8.25208500E-03
4.51906300E-02  1.00629700E+00  8.31275500E-03
4.57626300E-02  1.00833000E+00  7.79156200E-03
4.63346300E-02  9.86351100E-01  7.71970200E-03
4.69066200E-02  9.55875200E-01  7.75638900E-03
4.74786100E-02  9.47478100E-01  7.63304100E-03
4.80506100E-02  9.20191100E-01  7.28125800E-03
4.86226000E-02  8.99512200E-01  7.33816500E-03
4.91945900E-02  8.75484700E-01  7.35127200E-03
4.97665700E-02  8.72627500E-01  7.37297000E-03
5.03385600E-02  8.56644400E-01  7.53488200E-03
5.09105500E-02  8.13690500E-01  6.91226100E-03
5.14825300E-02  8.06391700E-01  7.07680200E-03
5.20545100E-02  7.83902600E-01  6.95205600E-03
5.26264900E-02  7.83368200E-01  6.82367300E-03
5.31984700E-02  7.53017900E-01  6.72703800E-03
5.37704500E-02  7.24576500E-01  6.59647700E-03
5.43424200E-02  7.21825600E-01  6.61436400E-03
5.49144000E-02  7.06381900E-01  6.48981500E-03
5.54863700E-02  6.81226900E-01  6.43306800E-03
5.60583400E-02  6.53336500E-01  6.31933700E-03
5.66303100E-02  6.48067900E-01  6.36405500E-03
5.72022800E-02  6.33423300E-01  6.16409500E-03
5.77742400E-02  6.14594800E-01  5.92072900E-03
5.83462100E-02  6.01980600E-01  6.16544200E-03
5.89181700E-02  5.76246300E-01  6.05425300E-03
5.94901300E-02  5.74746500E-01  5.79618200E-03
6.00620900E-02  5.60203100E-01  5.91507500E-03
6.06340500E-02  5.50395000E-01  5.83709400E-03
6.12060000E-02  5.34413400E-01  5.83768200E-03
6.17779600E-02  5.16777000E-01  5.82381200E-03
6.23499100E-02  5.10714100E-01  5.79941100E-03
6.29218600E-02  4.84449500E-01  5.63398100E-03
6.34938100E-02  4.77300600E-01  5.46183600E-03
6.40657500E-02  4.65121600E-01  5.10868900E-03
6.46377000E-02  4.52546700E-01  5.04677000E-03
6.52096400E-02  4.41679900E-01  5.12023000E-03
6.57815800E-02  4.30113200E-01  5.22521900E-03
6.63535200E-02  4.22637600E-01  5.27301200E-03
6.69254600E-02  4.02151100E-01  5.13998800E-03
6.74973900E-02  3.88196400E-01  5.14685400E-03
6.80693300E-02  3.75267900E-01  5.15217500E-03
6.86412600E-02  3.67118100E-01  5.10700100E-03
6.92131900E-02  3.59443500E-01  5.01333400E-03
6.97851100E-02  3.47630200E-01  4.95938200E-03
7.03570400E-02  3.45344100E-01  4.81782300E-03
7.09289600E-02  3.39249200E-01  4.98961500E-03
7.15008800E-02  3.10636300E-01  4.75799700E-03
7.20728000E-02  3.11501000E-01  4.96835500E-03
7.26447200E-02  3.09172500E-01  4.69438500E-03
7.32166300E-02  2.97506900E-01  4.70377000E-03
7.37885400E-02  2.84851400E-01  4.74963000E-03
7.43604500E-02  2.75632700E-01  4.59004000E-03
7.49323600E-02  2.66174100E-01  4.66880300E-03
7.55042600E-02  2.66639800E-01  4.56761200E-03
7.60761700E-02  2.49933000E-01  4.55077800E-03
7.66480700E-02  2.53596400E-01  4.57405500E-03
7.72199700E-02  2.37789600E-01  4.50074900E-03
7.77918600E-02  2.29863000E-01  4.50888400E-03
7.83637600E-02  2.25017700E-01  4.54548100E-03
7.89356500E-02  2.23610400E-01  4.55325700E-03
7.95075400E-02  2.16171300E-01  4.52028400E-03
8.00794300E-02  2.12875100E-01  4.34663500E-03
8.06513100E-02  2.10361300E-01  4.49412300E-03
8.12232000E-02  2.04200600E-01  4.36849000E-03
8.17950800E-02  1.95301900E-01  4.40323100E-03
8.23669500E-02  1.90230300E-01  4.36310800E-03
8.29388300E-02  1.85744000E-01  4.30502100E-03
8.35107000E-02  1.76484700E-01  4.30049200E-03
8.40825700E-02  1.78892800E-01  4.33077800E-03
8.46544400E-02  1.71816200E-01  4.09314600E-03
8.52263100E-02  1.75505700E-01  4.20724000E-03
8.57981700E-02  1.60512800E-01  4.14173600E-03
8.63700300E-02  1.58984100E-01  4.21789400E-03
8.69418900E-02  1.66928900E-01  4.16023700E-03
8.75137400E-02  1.53442100E-01  4.10665200E-03
8.80856000E-02  1.47935800E-01  4.09172600E-03
8.86574500E-02  1.55421200E-01  4.11361400E-03
8.92293000E-02  1.48704700E-01  3.97854300E-03
8.98011400E-02  1.44890500E-01  3.89442400E-03
9.03729800E-02  1.39234300E-01  4.07655800E-03
9.09448200E-02  1.35152300E-01  4.05371200E-03
9.15166600E-02  1.43993800E-01  4.06322900E-03
9.20884900E-02  1.35239100E-01  3.85629000E-03
9.26603300E-02  1.32122000E-01  3.98998700E-03
9.32321600E-02  1.29810400E-01  4.05255000E-03
9.38039800E-02  1.31713600E-01  4.05483700E-03
9.43758100E-02  1.22517700E-01  4.02281800E-03
9.49476300E-02  1.25115100E-01  3.91598900E-03
9.55194400E-02  1.21151600E-01  3.96838700E-03
9.60912600E-02  1.24676200E-01  4.01388700E-03
9.66630700E-02  1.22839800E-01  3.96057800E-03
9.72348800E-02  1.21531500E-01  3.90924200E-03
9.78066900E-02  1.17501000E-01  4.00129200E-03
9.83784900E-02  1.13874200E-01  3.81224700E-03
9.89502900E-02  1.08141300E-01  3.64723300E-03
9.95220900E-02  1.14754400E-01  3.72029700E-03
1.00093900E-01  1.16059800E-01  3.80395700E-03
1.00665700E-01  1.18580100E-01  3.86905800E-03
1.01237500E-01  1.17227300E-01  3.81608700E-03
1.01809300E-01  1.07141600E-01  3.82847400E-03
1.02381000E-01  1.15266700E-01  3.83265100E-03
1.02952800E-01  1.09618300E-01  3.87772400E-03
1.03524600E-01  1.10049100E-01  3.92464700E-03
1.04096400E-01  1.11422200E-01  3.81075500E-03
1.04668100E-01  1.09367100E-01  3.81621800E-03
1.05239900E-01  1.03315900E-01  3.97238200E-03
1.05811700E-01  1.04561200E-01  3.87002200E-03
1.06383400E-01  1.07422700E-01  3.90768600E-03
1.06955200E-01  1.11631000E-01  3.75238800E-03
1.07526900E-01  1.07726100E-01  3.93539400E-03
1.08098700E-01  1.04118300E-01  3.94262600E-03
1.08670500E-01  9.86474400E-02  3.93193800E-03
1.09242200E-01  1.01161400E-01  3.82150800E-03
1.09813900E-01  1.11382400E-01  3.96610500E-03
1.10385700E-01  1.07129400E-01  3.93145700E-03
1.10957400E-01  1.03846700E-01  3.93981300E-03
1.11529100E-01  1.04922000E-01  3.85886600E-03
1.12100900E-01  9.68743700E-02  3.84853000E-03
1.12672600E-01  1.01731200E-01  3.82157100E-03
1.13244300E-01  1.03583500E-01  3.92447300E-03
1.13816100E-01  1.07341000E-01  3.87880000E-03
1.14387800E-01  9.96938900E-02  3.91408500E-03
1.14959500E-01  1.03980800E-01  3.99687500E-03
1.15531200E-01  9.95097500E-02  4.01850700E-03
1.16102900E-01  1.04763200E-01  3.85529900E-03
1.16674600E-01  9.96523000E-02  3.92990900E-03
1.17246300E-01  1.04885100E-01  3.86806800E-03
1.17818000E-01  9.74831400E-02  4.01295500E-03
1.18389700E-01  1.00189000E-01  3.94861200E-03
1.18961400E-01  9.57692500E-02  3.95674300E-03
1.19533100E-01  9.69001700E-02  3.95406700E-03
1.20104700E-01  9.85209100E-02  3.93547600E-03
1.20676400E-01  9.51231800E-02  3.85763400E-03
1.21248100E-01  9.11155300E-02  3.99232900E-03
1.21819800E-01  8.92517000E-02  3.94397900E-03
1.22391400E-01  9.49201200E-02  3.95352200E-03
1.22963100E-01  9.80520100E-02  4.03572700E-03
1.23534800E-01  9.60741900E-02  3.92931600E-03
1.24106400E-01  9.25656300E-02  3.95985700E-03
1.24678100E-01  1.02786300E-01  3.91900600E-03
1.25249700E-01  9.22246400E-02  3.95143600E-03
1.25821400E-01  9.49011000E-02  3.90934100E-03
1.26393000E-01  8.93054300E-02  3.97544200E-03
1.26964700E-01  9.35607000E-02  3.87871600E-03
1.27536300E-01  9.37595900E-02  3.91264400E-03
1.28107900E-01  8.98818600E-02  3.94469500E-03
1.28679500E-01  8.02416200E-02  3.97317200E-03
1.29251200E-01  9.57564500E-02  3.90393000E-03
1.29822800E-01  8.41536800E-02  4.00424000E-03
1.30394400E-01  8.78742000E-02  3.84368300E-03
1.30966000E-01  8.58683900E-02  3.89120100E-03
1.31537600E-01  7.88551900E-02  4.03503900E-03
1.32109200E-01  8.18464800E-02  3.96689100E-03
1.32680800E-01  8.95345500E-02  3.92636700E-03
1.33252400E-01  8.08140600E-02  3.78707300E-03
1.33824000E-01  8.47651100E-02  3.55631400E-03
1.34395600E-01  8.28398300E-02  3.60925100E-03
1.34967200E-01  8.35388200E-02  3.71967600E-03
1.35538800E-01  8.05890300E-02  3.77539100E-03
1.36110400E-01  7.57099600E-02  3.80752700E-03
1.36681900E-01  7.76481900E-02  3.76671800E-03
1.37253500E-01  7.41412700E-02  3.81585200E-03
1.37825100E-01  7.68476500E-02  3.70967200E-03
1.38396600E-01  7.57098400E-02  3.74804300E-03
1.38968200E-01  7.25044600E-02  3.86229900E-03
1.39539700E-01  7.47845000E-02  3.79799000E-03
1.40111300E-01  7.24956400E-02  3.83695500E-03
1.40682800E-01  7.14768800E-02  3.80533800E-03
1.41254400E-01  6.54486500E-02  3.83362400E-03
1.41825900E-01  6.97417000E-02  3.85033400E-03
1.42397400E-01  7.30442200E-02  3.79796300E-03
1.42969000E-01  6.62126900E-02  3.79295200E-03
1.43540500E-01  7.13509800E-02  3.94317000E-03
1.44112000E-01  6.42897700E-02  3.78531100E-03
1.44683500E-01  6.37126900E-02  3.79755200E-03
1.45255000E-01  5.69080500E-02  3.86275100E-03
1.45826600E-01  6.44228200E-02  3.79749700E-03
1.46398100E-01  6.05394400E-02  3.88416200E-03
1.46969600E-01  6.11860100E-02  3.84384900E-03
1.47541000E-01  5.86924400E-02  3.88667300E-03
1.48112500E-01  6.04535500E-02  3.83475600E-03
1.48684000E-01  5.46600300E-02  3.90820800E-03
1.49255500E-01  5.95227900E-02  3.99632800E-03
1.49827000E-01  5.53425900E-02  3.81580500E-03
1.50398500E-01  5.16572700E-02  3.88108700E-03
1.50969900E-01  5.40368800E-02  3.95388800E-03
1.51541400E-01  5.58740800E-02  3.84049600E-03
1.52112800E-01  5.77104500E-02  3.86042100E-03
1.52684300E-01  4.93924600E-02  3.87263100E-03
1.53255800E-01  4.74701200E-02  3.79789900E-03
1.53827200E-01  5.17895800E-02  3.88525200E-03
1.54398600E-01  4.71268200E-02  3.90525400E-03
1.54970100E-01  4.46414700E-02  3.79375500E-03
1.55541500E-01  4.46510100E-02  3.81268600E-03
1.56112900E-01  4.67949100E-02  3.83902800E-03
1.56684400E-01  4.15104500E-02  3.90030200E-03
1.57255800E-01  4.14824300E-02  3.86177900E-03
1.57827200E-01  3.47960800E-02  3.88165000E-03
1.58398600E-01  4.14458700E-02  3.73398800E-03
1.58970000E-01  3.85084800E-02  3.78466200E-03
1.59541400E-01  3.93115200E-02  3.80329000E-03
1.60112800E-01  3.72756400E-02  3.85568100E-03
1.60684200E-01  3.31313000E-02  3.72411700E-03
1.61255600E-01  3.92382500E-02  3.86890900E-03
1.61827000E-01  3.98023100E-02  3.78140600E-03
1.62398300E-01  2.94731700E-02  3.76704400E-03
1.62969700E-01  2.79860100E-02  3.83212300E-03
1.63541100E-01  3.49106100E-02  3.89753000E-03
1.64112400E-01  2.48305700E-02  3.86267900E-03
1.64683800E-01  3.10274800E-02  3.82943500E-03
1.65255100E-01  3.22511200E-02  3.70869000E-03
1.65826500E-01  3.11031200E-02  3.78207900E-03
1.66397800E-01  3.30528900E-02  3.78784600E-03
1.66969200E-01  2.99083700E-02  3.83849000E-03
1.67540500E-01  3.13532400E-02  3.81918200E-03
1.68111800E-01  2.58093100E-02  3.67154000E-03
1.68683200E-01  2.42793100E-02  3.49108700E-03
1.69254500E-01  2.46934700E-02  3.40441700E-03
1.69825800E-01  2.70663600E-02  3.63554100E-03
1.70397100E-01  1.82835700E-02  3.67856700E-03
1.70968400E-01  2.50390100E-02  3.62337100E-03
1.71539700E-01  2.17603400E-02  3.64025100E-03
1.72111000E-01  2.82809000E-02  3.68211400E-03
1.72682300E-01  3.01556300E-02  3.63963900E-03
1.73253600E-01  1.96906500E-02  3.69312500E-03
1.73824800E-01  2.06692400E-02  3.67715700E-03
1.74396100E-01  2.29263300E-02  3.70017600E-03
1.74967400E-01  2.27389100E-02  3.70198300E-03
1.75538600E-01  1.84611200E-02  3.63200500E-03
1.76109900E-01  2.12669500E-02  3.57614200E-03
1.76681200E-01  2.02758400E-02  3.63447100E-03
1.77252400E-01  1.30228500E-02  3.72075800E-03
1.77823600E-01  2.03061800E-02  3.64904800E-03
1.78394900E-01  1.37755200E-02  3.79088600E-03
1.78966100E-01  1.05825400E-02  3.72495300E-03
1.79537300E-01  1.64862000E-02  3.75298700E-03
1.80108600E-01  1.41110900E-02  3.80325200E-03
1.80679800E-01  1.68723900E-02  3.78442300E-03
1.81251000E-01  1.48019800E-02  3.73098900E-03
1.81822200E-01  1.17207500E-02  3.79568400E-03
1.82393400E-01  1.81242000E-02  3.76291000E-03
1.82964600E-01  1.79640500E-02  3.78368500E-03
1.83535800E-01  1.57501800E-02  3.77806200E-03
1.84107000E-01  1.51743200E-02  3.81225200E-03
1.84678100E-01  1.57092400E-02  3.71843100E-03
1.85249300E-01  1.11061100E-02  3.71484100E-03
1.85820500E-01  1.73395700E-02  3.73806600E-03
1.86391600E-01  1.73859900E-02  3.76718800E-03
1.86962800E-01  9.35808800E-03  3.73132400E-03
1.87534000E-01  5.25010200E-03  3.71907400E-03
1.88105100E-01  8.13219700E-03  3.80925500E-03
1.88676200E-01  1.00583300E-02  3.76108400E-03
1.89247400E-01  8.10974200E-03  3.80736800E-03
1.89818500E-01  1.56765700E-02  3.85439400E-03
1.90389600E-01  9.91856900E-03  3.69398000E-03
1.90960700E-01  1.07253500E-02  3.63743400E-03
1.91531900E-01  4.03376400E-03  3.77974100E-03
1.92103000E-01  1.35500800E-02  3.75887600E-03
1.92674100E-01  1.29786200E-02  3.76389700E-03
1.93245200E-01  8.02239200E-03  3.76481100E-03
1.93816300E-01  7.74234600E-03  3.72928700E-03
1.94387300E-01  1.06230800E-02  3.79680500E-03
1.94958400E-01  1.31954700E-02  3.76592100E-03
1.95529500E-01  9.53687100E-03  3.68297000E-03
1.96100600E-01  4.57332300E-03  3.69329400E-03
1.96671600E-01  3.58168100E-03  3.80172600E-03
1.97242700E-01  7.11040700E-03  3.71875200E-03
1.97813700E-01  8.91444400E-03  3.79700900E-03
1.98384800E-01  8.25682500E-03  3.76377000E-03
1.98955800E-01  4.39389500E-03  3.74647900E-03
1.99526800E-01  1.24130300E-02  3.73927800E-03
2.00097900E-01  1.08334300E-02  3.74858800E-03
2.00668900E-01  7.05974100E-03  3.76744700E-03
2.01239900E-01  8.50604400E-03  3.75872800E-03
2.01810900E-01  3.55821800E-03  3.73712300E-03
2.02381900E-01  7.36882200E-03  3.73038200E-03
2.02952900E-01  1.22526100E-02  3.55743900E-03
2.03523900E-01  6.86057200E-03  3.39411700E-03
2.04094900E-01  8.84596900E-03  3.39006500E-03
2.04665900E-01  1.46194500E-02  3.57342000E-03
2.05236800E-01  1.14098000E-02  3.54433500E-03
2.05807800E-01  8.00967800E-03  3.58876200E-03
2.06378800E-01  3.28453500E-03  3.61731600E-03
2.06949700E-01  1.38860200E-02  3.55448100E-03
2.07520700E-01  4.99188900E-03  3.61714600E-03
2.08091600E-01  6.93130500E-03  3.59060200E-03
2.08662500E-01  2.98205900E-03  3.63107400E-03
2.09233500E-01  3.05400100E-03  3.58766000E-03
2.09804400E-01  6.47706600E-04  3.74305600E-03
2.10375300E-01  7.03342900E-03  3.75021200E-03
2.10946200E-01  8.04765200E-03  3.74309300E-03
2.11517100E-01  9.23548700E-03  3.69396300E-03
2.12088000E-01  8.36701600E-03  3.73860200E-03
2.12658900E-01  5.60879200E-03  3.75400400E-03
2.13229800E-01  5.06388300E-03  3.72402000E-03
2.13800700E-01  8.28722900E-03  3.60663600E-03
2.14371600E-01  2.93908600E-03  3.74337500E-03
2.14942400E-01  2.06838600E-03  3.72161400E-03
2.15513300E-01  -8.50788000E-04  3.71814600E-03
2.16084200E-01  1.25266700E-02  3.76144700E-03
2.16655000E-01  7.57237200E-03  3.78155900E-03
2.17225900E-01  6.37941000E-03  3.72822600E-03
2.17796700E-01  -1.07580600E-03  3.74835500E-03
2.18367500E-01  7.57675700E-03  3.79108900E-03
2.18938400E-01  6.15441700E-03  3.66192000E-03
2.19509200E-01  9.89490400E-03  3.72706500E-03
2.20080000E-01  5.08917400E-03  3.68488900E-03
2.20650800E-01  2.80263900E-03  3.78377400E-03
2.21221600E-01  1.20557400E-02  3.71412000E-03
2.21792400E-01  6.20326000E-03  3.71169900E-03
2.22363200E-01  3.21113700E-03  3.75311600E-03
2.22933900E-01  2.34187800E-03  3.71073300E-03
2.23504700E-01  1.06468700E-02  3.63819700E-03
2.24075500E-01  3.87657500E-03  3.71694200E-03
2.24646200E-01  7.95013500E-03  3.74518100E-03
2.25217000E-01  1.31075900E-02  3.77480900E-03
2.25787700E-01  5.51123200E-03  3.75401300E-03
2.26358500E-01  3.45629800E-03  3.69127300E-03
2.26929200E-01  3.49378900E-03  3.74127700E-03
2.27499900E-01  5.21893900E-03  3.69513100E-03
2.28070700E-01  2.61229600E-03  3.69544500E-03
2.28641400E-01  2.86132500E-03  3.71241300E-03
2.29212100E-01  6.55692000E-03  3.70873600E-03
2.29782800E-01  1.27034000E-02  3.71741100E-03
2.30353500E-01  5.22819700E-04  3.72652000E-03
2.30924200E-01  -7.57574200E-03  3.74239600E-03
2.31494800E-01  1.22869600E-02  3.70275300E-03
2.32065500E-01  6.78035500E-03  3.74733700E-03
2.32636200E-01  2.68847800E-03  3.75491900E-03
2.33206800E-01  1.23846900E-02  3.66786900E-03
2.33777500E-01  3.89498200E-03  3.79594800E-03
2.34348100E-01  1.12326600E-02  3.74294200E-03
2.34918800E-01  8.16303200E-03  3.71334900E-03
2.35489400E-01  5.13014600E-03  3.75215800E-03
2.36060000E-01  1.99464300E-03  3.68571100E-03
2.36630700E-01  1.63445700E-03  3.73903700E-03
2.37201300E-01  9.49205600E-03  3.77400800E-03
2.37771900E-01  6.36429200E-03  3.54614000E-03
2.38342500E-01  6.85351300E-03  3.30344100E-03
2.38913100E-01  2.53017900E-03  3.32370600E-03
2.39483600E-01  5.06476300E-03  3.45848000E-03
2.40054200E-01  -4.56588400E-03  3.52755400E-03


### HEADER:
#
#{
#    "analysis": {},
#    "counters": {
#        "Chi_squared": ": 1.520",
#        "comment": "         Dro:  0.012 Rg: 33.19 Vol: 101381. Chi^2: 1.520\n"
#    },
#    "filename": "2POL_polymerase.fit",
#    "history": {}
#}

