Sample description: Sample description
Parent(s): /var/folders/2d/ls4zcgc523q37zzjppm8k9gw0000gn/T/qt_temp.W27776 /var/folders/2d/ls4zcgc523q37zzjppm8k9gw0000gn/T/qt_temp.E27776
  6.999000e-03   4.700290e-02   0.000000e+00
  7.999000e-03   4.769190e-02   0.000000e+00
  8.999000e-03   4.519370e-02   0.000000e+00
  9.999000e-03   4.462370e-02   0.000000e+00
  1.099900e-02   4.503720e-02   0.000000e+00
  1.199900e-02   4.412660e-02   0.000000e+00
  1.299900e-02   4.469740e-02   0.000000e+00
  1.399800e-02   4.411930e-02   0.000000e+00
  1.499800e-02   4.364230e-02   0.000000e+00
  1.599800e-02   4.314770e-02   0.000000e+00
  1.699800e-02   4.288575e-02   0.000000e+00
  1.799800e-02   4.240825e-02   0.000000e+00
  1.899800e-02   4.188335e-02   0.000000e+00
  1.999800e-02   4.160340e-02   0.000000e+00
  2.099800e-02   4.087675e-02   0.000000e+00
  2.199700e-02   4.048235e-02   0.000000e+00
  2.299700e-02   4.047670e-02   0.000000e+00
  2.399700e-02   3.970680e-02   0.000000e+00
  2.499700e-02   3.931315e-02   0.000000e+00
  2.599700e-02   3.904585e-02   0.000000e+00
  2.699700e-02   3.854960e-02   0.000000e+00
  2.799700e-02   3.809655e-02   0.000000e+00
  2.899700e-02   3.750475e-02   0.000000e+00
  2.999700e-02   3.703115e-02   0.000000e+00
  3.099600e-02   3.659000e-02   0.000000e+00
  3.199600e-02   3.620745e-02   0.000000e+00
  3.299600e-02   3.554810e-02   0.000000e+00
  3.399600e-02   3.513910e-02   0.000000e+00
  3.499600e-02   3.436685e-02   0.000000e+00
  3.599600e-02   3.388810e-02   0.000000e+00
  3.699600e-02   3.344790e-02   0.000000e+00
  3.799600e-02   3.282245e-02   0.000000e+00
  3.899600e-02   3.223965e-02   0.000000e+00
  3.999500e-02   3.184570e-02   0.000000e+00
  4.099500e-02   3.110365e-02   0.000000e+00
  4.199500e-02   3.051475e-02   0.000000e+00
  4.299500e-02   3.006145e-02   0.000000e+00
  4.399500e-02   2.944420e-02   0.000000e+00
  4.499500e-02   2.893160e-02   0.000000e+00
  4.599500e-02   2.863200e-02   0.000000e+00
  4.699500e-02   2.796905e-02   0.000000e+00
  4.799500e-02   2.737265e-02   0.000000e+00
  4.899400e-02   2.683935e-02   0.000000e+00
  4.999400e-02   2.627020e-02   0.000000e+00
  5.099400e-02   2.592660e-02   0.000000e+00
  5.199400e-02   2.541800e-02   0.000000e+00
  5.299400e-02   2.482175e-02   0.000000e+00
  5.399400e-02   2.437270e-02   0.000000e+00
  5.499400e-02   2.393800e-02   0.000000e+00
  5.599400e-02   2.354440e-02   0.000000e+00
  5.699300e-02   2.317240e-02   0.000000e+00
  5.799300e-02   2.268280e-02   0.000000e+00
  5.899300e-02   2.225285e-02   0.000000e+00
  5.999300e-02   2.180115e-02   0.000000e+00
  6.099300e-02   2.130840e-02   0.000000e+00
  6.199300e-02   2.097305e-02   0.000000e+00
  6.299300e-02   2.051240e-02   0.000000e+00
  6.399300e-02   2.018965e-02   0.000000e+00
  6.499300e-02   1.976845e-02   0.000000e+00
  6.599200e-02   1.955325e-02   0.000000e+00
  6.699200e-02   1.910945e-02   0.000000e+00
  6.799200e-02   1.876485e-02   0.000000e+00
  6.899200e-02   1.838975e-02   0.000000e+00
  6.999200e-02   1.802995e-02   0.000000e+00
  7.099200e-02   1.781870e-02   0.000000e+00
  7.199200e-02   1.756490e-02   0.000000e+00
  7.299200e-02   1.725660e-02   0.000000e+00
  7.399200e-02   1.691935e-02   0.000000e+00
  7.499100e-02   1.677540e-02   0.000000e+00
  7.599100e-02   1.648750e-02   0.000000e+00
  7.699100e-02   1.621080e-02   0.000000e+00
  7.799100e-02   1.600795e-02   0.000000e+00
  7.899100e-02   1.570725e-02   0.000000e+00
  7.999100e-02   1.534720e-02   0.000000e+00
  8.099100e-02   1.518935e-02   0.000000e+00
  8.199100e-02   1.501350e-02   0.000000e+00
  8.299100e-02   1.472600e-02   0.000000e+00
  8.399000e-02   1.450610e-02   0.000000e+00
  8.499000e-02   1.432990e-02   0.000000e+00
  8.599000e-02   1.414325e-02   0.000000e+00
  8.699000e-02   1.396115e-02   0.000000e+00
  8.799000e-02   1.370945e-02   0.000000e+00
  8.899000e-02   1.359315e-02   0.000000e+00
  8.999000e-02   1.338875e-02   0.000000e+00
  9.099000e-02   1.313165e-02   0.000000e+00
  9.198900e-02   1.297550e-02   0.000000e+00
  9.298900e-02   1.292635e-02   0.000000e+00
  9.398900e-02   1.262235e-02   0.000000e+00
  9.498900e-02   1.251805e-02   0.000000e+00
  9.598900e-02   1.242390e-02   0.000000e+00
  9.698900e-02   1.212870e-02   0.000000e+00
  9.798900e-02   1.197615e-02   0.000000e+00
  9.898900e-02   1.181835e-02   0.000000e+00
  9.998900e-02   1.176895e-02   0.000000e+00
  1.009880e-01   1.151150e-02   0.000000e+00
  1.019880e-01   1.139605e-02   0.000000e+00
  1.029880e-01   1.124120e-02   0.000000e+00
  1.039880e-01   1.107195e-02   0.000000e+00
  1.049880e-01   1.092215e-02   0.000000e+00
  1.059880e-01   1.072685e-02   0.000000e+00
  1.069880e-01   1.055260e-02   0.000000e+00
  1.079880e-01   1.055015e-02   0.000000e+00
  1.089880e-01   1.036780e-02   0.000000e+00
  1.099870e-01   1.016485e-02   0.000000e+00
  1.109870e-01   9.978800e-03   0.000000e+00
  1.119870e-01   9.946550e-03   0.000000e+00
  1.129870e-01   9.787750e-03   0.000000e+00
  1.139870e-01   9.614750e-03   0.000000e+00
  1.149870e-01   9.487350e-03   0.000000e+00
  1.159870e-01   9.337700e-03   0.000000e+00
  1.169870e-01   9.233050e-03   0.000000e+00
  1.179870e-01   9.048400e-03   0.000000e+00
  1.189860e-01   8.960600e-03   0.000000e+00
  1.199860e-01   8.797900e-03   0.000000e+00
  1.209860e-01   8.719800e-03   0.000000e+00
  1.219860e-01   8.549350e-03   0.000000e+00
  1.229860e-01   8.472050e-03   0.000000e+00
  1.239860e-01   8.316300e-03   0.000000e+00
  1.249860e-01   8.186800e-03   0.000000e+00
  1.259860e-01   8.052300e-03   0.000000e+00
  1.269850e-01   7.922150e-03   0.000000e+00
  1.279850e-01   7.875050e-03   0.000000e+00
  1.289850e-01   7.752500e-03   0.000000e+00
  1.299850e-01   7.635250e-03   0.000000e+00
  1.309850e-01   7.544750e-03   0.000000e+00
  1.319850e-01   7.370450e-03   0.000000e+00
  1.329850e-01   7.308050e-03   0.000000e+00
  1.339850e-01   7.209900e-03   0.000000e+00
  1.349850e-01   7.116350e-03   0.000000e+00
  1.359840e-01   6.931450e-03   0.000000e+00
  1.369840e-01   6.882750e-03   0.000000e+00
  1.379840e-01   6.753600e-03   0.000000e+00
  1.389840e-01   6.750500e-03   0.000000e+00
  1.399840e-01   6.618300e-03   0.000000e+00
  1.409840e-01   6.523000e-03   0.000000e+00
  1.419840e-01   6.400950e-03   0.000000e+00
  1.429840e-01   6.293600e-03   0.000000e+00
  1.439840e-01   6.221800e-03   0.000000e+00
  1.449830e-01   6.179600e-03   0.000000e+00
  1.459830e-01   6.063550e-03   0.000000e+00
  1.469830e-01   5.955500e-03   0.000000e+00
  1.479830e-01   5.954650e-03   0.000000e+00
  1.489830e-01   5.902250e-03   0.000000e+00
  1.499830e-01   5.758150e-03   0.000000e+00
  1.509830e-01   5.706700e-03   0.000000e+00
  1.519830e-01   5.603550e-03   0.000000e+00
  1.529830e-01   5.528350e-03   0.000000e+00
  1.539820e-01   5.468500e-03   0.000000e+00
  1.549820e-01   5.389000e-03   0.000000e+00
  1.559820e-01   5.361500e-03   0.000000e+00
  1.569820e-01   5.163300e-03   0.000000e+00
  1.579820e-01   5.189550e-03   0.000000e+00
  1.589820e-01   5.052200e-03   0.000000e+00
  1.599820e-01   4.996900e-03   0.000000e+00
  1.609820e-01   4.929600e-03   0.000000e+00
  1.619810e-01   4.846900e-03   0.000000e+00
  1.629810e-01   4.832450e-03   0.000000e+00
  1.639810e-01   4.717300e-03   0.000000e+00
  1.649810e-01   4.616900e-03   0.000000e+00
  1.659810e-01   4.479250e-03   0.000000e+00
  1.669810e-01   4.563250e-03   0.000000e+00
  1.679810e-01   4.487000e-03   0.000000e+00
  1.689810e-01   4.408850e-03   0.000000e+00
  1.699810e-01   4.307300e-03   0.000000e+00
  1.709800e-01   4.317250e-03   0.000000e+00
  1.719800e-01   4.261850e-03   0.000000e+00
  1.729800e-01   4.167300e-03   0.000000e+00
  1.739800e-01   4.098600e-03   0.000000e+00
  1.749800e-01   4.095700e-03   0.000000e+00
  1.759800e-01   3.982050e-03   0.000000e+00
  1.769800e-01   4.018000e-03   0.000000e+00
  1.779800e-01   3.906450e-03   0.000000e+00
  1.789800e-01   3.914350e-03   0.000000e+00
  1.799790e-01   3.752600e-03   0.000000e+00
  1.809790e-01   3.699100e-03   0.000000e+00
  1.819790e-01   3.659050e-03   0.000000e+00
  1.829790e-01   3.619700e-03   0.000000e+00
  1.839790e-01   3.576050e-03   0.000000e+00
  1.849790e-01   3.533600e-03   0.000000e+00
  1.859790e-01   3.473350e-03   0.000000e+00
  1.869790e-01   3.423950e-03   0.000000e+00
  1.879790e-01   3.357200e-03   0.000000e+00
  1.889780e-01   3.345650e-03   0.000000e+00
  1.899780e-01   3.246800e-03   0.000000e+00
  1.909780e-01   3.296200e-03   0.000000e+00
  1.919780e-01   3.214300e-03   0.000000e+00
  1.929780e-01   3.171550e-03   0.000000e+00
  1.939780e-01   3.135250e-03   0.000000e+00
  1.949780e-01   3.060950e-03   0.000000e+00
  1.959780e-01   2.978800e-03   0.000000e+00
  1.969770e-01   2.941650e-03   0.000000e+00
  1.979770e-01   2.938200e-03   0.000000e+00
  1.989770e-01   2.935450e-03   0.000000e+00
  1.999770e-01   2.901150e-03   0.000000e+00
  2.009770e-01   2.832800e-03   0.000000e+00
  2.019770e-01   2.815150e-03   0.000000e+00
  2.029770e-01   2.785950e-03   0.000000e+00
  2.039770e-01   2.739400e-03   0.000000e+00
  2.049770e-01   2.739200e-03   0.000000e+00
  2.059760e-01   2.673350e-03   0.000000e+00
  2.069760e-01   2.605850e-03   0.000000e+00
  2.079760e-01   2.604200e-03   0.000000e+00
  2.089760e-01   2.558300e-03   0.000000e+00
  2.099760e-01   2.532700e-03   0.000000e+00
  2.109760e-01   2.497500e-03   0.000000e+00
  2.119760e-01   2.461500e-03   0.000000e+00
  2.129760e-01   2.443600e-03   0.000000e+00
  2.139760e-01   2.407750e-03   0.000000e+00
  2.149750e-01   2.342150e-03   0.000000e+00
  2.159750e-01   2.341050e-03   0.000000e+00
  2.169750e-01   2.309550e-03   0.000000e+00
  2.179750e-01   2.292150e-03   0.000000e+00
  2.189750e-01   2.242750e-03   0.000000e+00
  2.199750e-01   2.273250e-03   0.000000e+00
  2.209750e-01   2.236100e-03   0.000000e+00
  2.219750e-01   2.176450e-03   0.000000e+00
  2.229750e-01   2.162600e-03   0.000000e+00
  2.239740e-01   2.089600e-03   0.000000e+00
  2.249740e-01   2.097250e-03   0.000000e+00
  2.259740e-01   2.123000e-03   0.000000e+00
  2.269740e-01   2.022050e-03   0.000000e+00
  2.279740e-01   2.030150e-03   0.000000e+00
  2.289740e-01   2.006250e-03   0.000000e+00
  2.299740e-01   1.964700e-03   0.000000e+00
  2.309740e-01   1.951400e-03   0.000000e+00
  2.319730e-01   1.976800e-03   0.000000e+00
  2.329730e-01   1.931000e-03   0.000000e+00
  2.339730e-01   1.825200e-03   0.000000e+00
  2.349730e-01   1.825050e-03   0.000000e+00
  2.359730e-01   1.811200e-03   0.000000e+00
  2.369730e-01   1.771100e-03   0.000000e+00
  2.379730e-01   1.777400e-03   0.000000e+00
  2.389730e-01   1.731350e-03   0.000000e+00
  2.399730e-01   1.732850e-03   0.000000e+00
  2.409720e-01   1.752000e-03   0.000000e+00
  2.419720e-01   1.697950e-03   0.000000e+00
  2.429720e-01   1.642600e-03   0.000000e+00
  2.439720e-01   1.647100e-03   0.000000e+00
  2.449720e-01   1.618600e-03   0.000000e+00
  2.459720e-01   1.626950e-03   0.000000e+00
  2.469720e-01   1.605550e-03   0.000000e+00
  2.479720e-01   1.575350e-03   0.000000e+00
  2.489720e-01   1.544650e-03   0.000000e+00
  2.499710e-01   1.502200e-03   0.000000e+00
  2.509710e-01   1.523100e-03   0.000000e+00
  2.519710e-01   1.489050e-03   0.000000e+00
  2.529710e-01   1.474100e-03   0.000000e+00
  2.539710e-01   1.447350e-03   0.000000e+00
  2.549710e-01   1.385250e-03   0.000000e+00
  2.559710e-01   1.427850e-03   0.000000e+00
  2.569710e-01   1.394900e-03   0.000000e+00
  2.579710e-01   1.361000e-03   0.000000e+00
  2.589700e-01   1.305500e-03   0.000000e+00
  2.599700e-01   1.360350e-03   0.000000e+00
  2.609700e-01   1.323800e-03   0.000000e+00
  2.619700e-01   1.314600e-03   0.000000e+00
  2.629700e-01   1.319000e-03   0.000000e+00
  2.639700e-01   1.290300e-03   0.000000e+00
  2.649700e-01   1.244300e-03   0.000000e+00
  2.659700e-01   1.205000e-03   0.000000e+00
  2.669690e-01   1.260700e-03   0.000000e+00
  2.679690e-01   1.226200e-03   0.000000e+00
  2.689690e-01   1.191800e-03   0.000000e+00
  2.699690e-01   1.187000e-03   0.000000e+00
  2.709690e-01   1.196350e-03   0.000000e+00
  2.719690e-01   1.156550e-03   0.000000e+00
  2.729690e-01   1.145550e-03   0.000000e+00
  2.739690e-01   1.097750e-03   0.000000e+00
  2.749690e-01   1.180800e-03   0.000000e+00
  2.759680e-01   1.083900e-03   0.000000e+00
  2.769680e-01   1.082700e-03   0.000000e+00
  2.779680e-01   1.093500e-03   0.000000e+00
  2.789680e-01   1.064150e-03   0.000000e+00
  2.799680e-01   1.048800e-03   0.000000e+00
  2.809680e-01   1.046700e-03   0.000000e+00
  2.819680e-01   1.021150e-03   0.000000e+00
  2.829680e-01   1.097500e-03   0.000000e+00
  2.839680e-01   1.057700e-03   0.000000e+00
  2.849670e-01   1.014050e-03   0.000000e+00
  2.859670e-01   9.962000e-04   0.000000e+00
  2.869670e-01   9.987000e-04   0.000000e+00
  2.879670e-01   9.848500e-04   0.000000e+00
  2.889670e-01   9.887000e-04   0.000000e+00
  2.899670e-01   9.324500e-04   0.000000e+00
  2.909670e-01   9.394000e-04   0.000000e+00
  2.919670e-01   9.675500e-04   0.000000e+00
  2.929670e-01   9.295500e-04   0.000000e+00
  2.939660e-01   9.111000e-04   0.000000e+00
  2.949660e-01   9.039000e-04   0.000000e+00
  2.959660e-01   8.973500e-04   0.000000e+00
  2.969660e-01   8.780500e-04   0.000000e+00
  2.979660e-01   8.788000e-04   0.000000e+00
  2.989660e-01   8.975500e-04   0.000000e+00
  2.999660e-01   8.759000e-04   0.000000e+00
  3.009660e-01   8.500500e-04   0.000000e+00
  3.019650e-01   8.381500e-04   0.000000e+00
  3.029650e-01   8.283500e-04   0.000000e+00
  3.039650e-01   8.765000e-04   0.000000e+00
  3.049650e-01   8.244000e-04   0.000000e+00
  3.059650e-01   8.211500e-04   0.000000e+00
  3.069650e-01   8.009000e-04   0.000000e+00
  3.079650e-01   8.591000e-04   0.000000e+00
  3.089650e-01   8.023500e-04   0.000000e+00
  3.099650e-01   8.065000e-04   0.000000e+00
  3.109640e-01   7.875000e-04   0.000000e+00
  3.119640e-01   7.861500e-04   0.000000e+00
  3.129640e-01   7.683500e-04   0.000000e+00
  3.139640e-01   7.877500e-04   0.000000e+00
  3.149640e-01   7.755500e-04   0.000000e+00
  3.159640e-01   7.624500e-04   0.000000e+00
  3.169640e-01   7.419500e-04   0.000000e+00
  3.179640e-01   7.057500e-04   0.000000e+00
  3.189640e-01   6.976500e-04   0.000000e+00
  3.199630e-01   7.565500e-04   0.000000e+00
  3.209630e-01   7.254000e-04   0.000000e+00
  3.219630e-01   7.073500e-04   0.000000e+00
  3.229630e-01   7.630500e-04   0.000000e+00
  3.239630e-01   7.212500e-04   0.000000e+00
  3.249630e-01   7.334000e-04   0.000000e+00
  3.259630e-01   7.105500e-04   0.000000e+00
  3.269630e-01   6.826000e-04   0.000000e+00
  3.279630e-01   7.091000e-04   0.000000e+00
  3.289620e-01   7.131500e-04   0.000000e+00
  3.299620e-01   6.527000e-04   0.000000e+00
  3.309620e-01   7.314000e-04   0.000000e+00
  3.319620e-01   7.218500e-04   0.000000e+00
  3.329620e-01   6.710500e-04   0.000000e+00
  3.339620e-01   6.948000e-04   0.000000e+00
  3.349620e-01   6.931500e-04   0.000000e+00
  3.359620e-01   6.808500e-04   0.000000e+00
  3.369610e-01   6.315000e-04   0.000000e+00
  3.379610e-01   6.756000e-04   0.000000e+00
  3.389610e-01   6.087000e-04   0.000000e+00
  3.399610e-01   6.398000e-04   0.000000e+00
  3.409610e-01   7.011500e-04   0.000000e+00
  3.419610e-01   6.393000e-04   0.000000e+00
  3.429610e-01   6.089500e-04   0.000000e+00
  3.439610e-01   6.321000e-04   0.000000e+00
  3.449610e-01   6.710000e-04   0.000000e+00
  3.459600e-01   6.504500e-04   0.000000e+00
  3.469600e-01   6.282500e-04   0.000000e+00
  3.479600e-01   6.793000e-04   0.000000e+00
  3.489600e-01   6.185500e-04   0.000000e+00
  3.499600e-01   5.975500e-04   0.000000e+00
  3.509600e-01   6.242000e-04   0.000000e+00
  3.519600e-01   6.603500e-04   0.000000e+00
  3.529600e-01   6.239000e-04   0.000000e+00
  3.539600e-01   6.158000e-04   0.000000e+00
  3.549590e-01   6.297500e-04   0.000000e+00
  3.559590e-01   6.119500e-04   0.000000e+00
  3.569590e-01   6.238500e-04   0.000000e+00
  3.579590e-01   6.529500e-04   0.000000e+00
  3.589590e-01   6.014000e-04   0.000000e+00
  3.599590e-01   6.124000e-04   0.000000e+00
  3.609590e-01   6.270500e-04   0.000000e+00
  3.619590e-01   6.059500e-04   0.000000e+00
  3.629590e-01   6.064500e-04   0.000000e+00
  3.639580e-01   6.294500e-04   0.000000e+00
  3.649580e-01   6.247500e-04   0.000000e+00
  3.659580e-01   6.253000e-04   0.000000e+00
  3.669580e-01   6.229000e-04   0.000000e+00
  3.679580e-01   6.080000e-04   0.000000e+00
  3.689580e-01   5.925000e-04   0.000000e+00
  3.699580e-01   6.253000e-04   0.000000e+00
  3.709580e-01   6.233000e-04   0.000000e+00
  3.719570e-01   5.718500e-04   0.000000e+00
  3.729570e-01   6.114500e-04   0.000000e+00
  3.739570e-01   5.614500e-04   0.000000e+00
  3.749570e-01   5.952500e-04   0.000000e+00
  3.759570e-01   5.792000e-04   0.000000e+00
  3.769570e-01   6.146000e-04   0.000000e+00
  3.779570e-01   5.973000e-04   0.000000e+00
  3.789570e-01   5.700500e-04   0.000000e+00
  3.799570e-01   6.240500e-04   0.000000e+00
  3.809560e-01   5.757000e-04   0.000000e+00
  3.819560e-01   5.639000e-04   0.000000e+00
  3.829560e-01   5.799000e-04   0.000000e+00
  3.839560e-01   6.180500e-04   0.000000e+00
  3.849560e-01   5.777000e-04   0.000000e+00
  3.859560e-01   5.903500e-04   0.000000e+00
  3.869560e-01   5.946000e-04   0.000000e+00
  3.879560e-01   5.315500e-04   0.000000e+00
  3.889560e-01   5.516500e-04   0.000000e+00
  3.899550e-01   5.810500e-04   0.000000e+00
  3.909550e-01   6.056000e-04   0.000000e+00
  3.919550e-01   5.737500e-04   0.000000e+00
  3.929550e-01   5.448500e-04   0.000000e+00
  3.939550e-01   5.908000e-04   0.000000e+00
  3.949550e-01   5.568000e-04   0.000000e+00
  3.959550e-01   5.605000e-04   0.000000e+00
  3.969550e-01   5.657500e-04   0.000000e+00
  3.979550e-01   5.682500e-04   0.000000e+00
  3.989540e-01   5.613500e-04   0.000000e+00
  3.999540e-01   5.722500e-04   0.000000e+00
  4.009540e-01   5.472500e-04   0.000000e+00
  4.019540e-01   5.338000e-04   0.000000e+00
  4.029540e-01   5.353000e-04   0.000000e+00
  4.039540e-01   5.397500e-04   0.000000e+00
  4.049540e-01   6.339500e-04   0.000000e+00
  4.059540e-01   5.811000e-04   0.000000e+00
  4.069530e-01   5.585500e-04   0.000000e+00
  4.079530e-01   5.442500e-04   0.000000e+00
  4.089530e-01   5.651500e-04   0.000000e+00
  4.099530e-01   5.853500e-04   0.000000e+00
  4.109530e-01   5.541000e-04   0.000000e+00
  4.119530e-01   5.873000e-04   0.000000e+00
  4.129530e-01   6.060500e-04   0.000000e+00
  4.139530e-01   5.997000e-04   0.000000e+00
  4.149530e-01   5.537000e-04   0.000000e+00
  4.159520e-01   5.759000e-04   0.000000e+00
  4.169520e-01   5.635000e-04   0.000000e+00
  4.179520e-01   5.804500e-04   0.000000e+00
  4.189520e-01   5.888000e-04   0.000000e+00
  4.199520e-01   5.611500e-04   0.000000e+00
  4.209520e-01   5.332500e-04   0.000000e+00
  4.219520e-01   5.641500e-04   0.000000e+00
  4.229520e-01   6.011000e-04   0.000000e+00
  4.239520e-01   6.032500e-04   0.000000e+00
  4.249510e-01   5.637000e-04   0.000000e+00
  4.259510e-01   5.342500e-04   0.000000e+00
  4.269510e-01   5.873500e-04   0.000000e+00
  4.279510e-01   5.700000e-04   0.000000e+00
  4.289510e-01   5.898500e-04   0.000000e+00
  4.299510e-01   5.588500e-04   0.000000e+00
  4.309510e-01   6.081000e-04   0.000000e+00
  4.319510e-01   5.651000e-04   0.000000e+00
  4.329510e-01   5.866500e-04   0.000000e+00
  4.339500e-01   5.532500e-04   0.000000e+00
  4.349500e-01   5.914500e-04   0.000000e+00
  4.359500e-01   5.736000e-04   0.000000e+00
  4.369500e-01   6.191000e-04   0.000000e+00
  4.379500e-01   5.611000e-04   0.000000e+00
  4.389500e-01   5.854000e-04   0.000000e+00
  4.399500e-01   5.792500e-04   0.000000e+00
  4.409500e-01   6.143500e-04   0.000000e+00
  4.419490e-01   5.512500e-04   0.000000e+00
  4.429490e-01   6.023500e-04   0.000000e+00
  4.439490e-01   5.783000e-04   0.000000e+00
  4.449490e-01   5.713500e-04   0.000000e+00
  4.459490e-01   5.780500e-04   0.000000e+00
  4.469490e-01   5.484000e-04   0.000000e+00
  4.479490e-01   6.041000e-04   0.000000e+00
  4.489490e-01   5.574000e-04   0.000000e+00
  4.499490e-01   5.451000e-04   0.000000e+00
  4.509480e-01   5.859500e-04   0.000000e+00
  4.519480e-01   6.266000e-04   0.000000e+00
  4.529480e-01   5.816500e-04   0.000000e+00
  4.539480e-01   5.920500e-04   0.000000e+00
  4.549480e-01   6.228000e-04   0.000000e+00
  4.559480e-01   5.898000e-04   0.000000e+00
  4.569480e-01   6.104500e-04   0.000000e+00
  4.579480e-01   5.801000e-04   0.000000e+00
  4.589480e-01   5.734000e-04   0.000000e+00
  4.599470e-01   5.922500e-04   0.000000e+00
  4.609470e-01   5.840000e-04   0.000000e+00
  4.619470e-01   5.880500e-04   0.000000e+00
  4.629470e-01   6.224000e-04   0.000000e+00
  4.639470e-01   5.954500e-04   0.000000e+00
  4.649470e-01   6.298000e-04   0.000000e+00
  4.659470e-01   6.060000e-04   0.000000e+00
  4.669470e-01   5.890500e-04   0.000000e+00
  4.679470e-01   5.938000e-04   0.000000e+00
  4.689460e-01   5.998500e-04   0.000000e+00
  4.699460e-01   5.739500e-04   0.000000e+00
  4.709460e-01   5.917000e-04   0.000000e+00
  4.719460e-01   5.980000e-04   0.000000e+00
  4.729460e-01   6.265500e-04   0.000000e+00
  4.739460e-01   6.227500e-04   0.000000e+00
  4.749460e-01   6.181000e-04   0.000000e+00
  4.759460e-01   6.392000e-04   0.000000e+00
  4.769450e-01   5.794500e-04   0.000000e+00
  4.779450e-01   6.527000e-04   0.000000e+00
  4.789450e-01   6.120000e-04   0.000000e+00
  4.799450e-01   6.181500e-04   0.000000e+00
  4.809450e-01   5.787000e-04   0.000000e+00
  4.819450e-01   6.445500e-04   0.000000e+00
  4.829450e-01   6.333500e-04   0.000000e+00
  4.839450e-01   6.015500e-04   0.000000e+00
  4.849450e-01   5.812000e-04   0.000000e+00
  4.859440e-01   6.282500e-04   0.000000e+00
  4.869440e-01   6.205500e-04   0.000000e+00
  4.879440e-01   5.918500e-04   0.000000e+00
  4.889440e-01   5.798500e-04   0.000000e+00
  4.899440e-01   6.525000e-04   0.000000e+00
  4.909440e-01   5.946500e-04   0.000000e+00
  4.919440e-01   6.018500e-04   0.000000e+00
  4.929440e-01   6.427500e-04   0.000000e+00
  4.939440e-01   6.146500e-04   0.000000e+00
  4.949430e-01   6.274500e-04   0.000000e+00
  4.959430e-01   6.139000e-04   0.000000e+00
  4.969430e-01   6.237000e-04   0.000000e+00
  4.979430e-01   6.525000e-04   0.000000e+00
  4.989430e-01   6.538000e-04   0.000000e+00
  4.999430e-01   6.449500e-04   0.000000e+00
  5.019430e-01   6.122000e-04   0.000000e+00
  5.039420e-01   6.295000e-04   0.000000e+00
  5.059420e-01   6.171000e-04   0.000000e+00
  5.079420e-01   6.286500e-04   0.000000e+00
  5.099420e-01   6.317500e-04   0.000000e+00
  5.119410e-01   6.061000e-04   0.000000e+00
  5.139410e-01   6.435000e-04   0.000000e+00
  5.159410e-01   6.133000e-04   0.000000e+00
  5.179410e-01   6.331500e-04   0.000000e+00
  5.199410e-01   6.452000e-04   0.000000e+00
  5.219400e-01   5.899500e-04   0.000000e+00
  5.239400e-01   6.476500e-04   0.000000e+00
  5.259400e-01   6.113500e-04   0.000000e+00
  5.279400e-01   6.434500e-04   0.000000e+00
  5.299390e-01   6.154000e-04   0.000000e+00
  5.319390e-01   6.398500e-04   0.000000e+00
  5.339390e-01   6.459000e-04   0.000000e+00
  5.359390e-01   6.715500e-04   0.000000e+00
  5.379390e-01   6.608500e-04   0.000000e+00
  5.399380e-01   6.228500e-04   0.000000e+00
  5.419380e-01   6.619000e-04   0.000000e+00
  5.439380e-01   6.549500e-04   0.000000e+00
  5.459380e-01   6.390000e-04   0.000000e+00
  5.479370e-01   6.558500e-04   0.000000e+00
  5.499370e-01   6.344000e-04   0.000000e+00
  5.519370e-01   6.562000e-04   0.000000e+00
  5.539370e-01   6.587000e-04   0.000000e+00
  5.559360e-01   6.302500e-04   0.000000e+00
  5.579360e-01   6.274000e-04   0.000000e+00
  5.599360e-01   6.766000e-04   0.000000e+00
  5.619360e-01   6.314500e-04   0.000000e+00
  5.639360e-01   6.494500e-04   0.000000e+00
  5.659350e-01   6.409000e-04   0.000000e+00
  5.679350e-01   6.515000e-04   0.000000e+00
  5.699350e-01   6.602000e-04   0.000000e+00
  5.719350e-01   6.317000e-04   0.000000e+00
  5.739340e-01   6.234500e-04   0.000000e+00
  5.759340e-01   6.370000e-04   0.000000e+00
  5.779340e-01   6.547500e-04   0.000000e+00
  5.799340e-01   6.375500e-04   0.000000e+00
  5.819330e-01   6.033000e-04   0.000000e+00
  5.839330e-01   6.427000e-04   0.000000e+00
  5.859330e-01   6.552000e-04   0.000000e+00
  5.879330e-01   6.306000e-04   0.000000e+00
  5.899330e-01   6.313000e-04   0.000000e+00
  5.919320e-01   6.046000e-04   0.000000e+00
  5.939320e-01   6.313000e-04   0.000000e+00
  5.959320e-01   6.282500e-04   0.000000e+00
  5.979320e-01   6.222000e-04   0.000000e+00
  5.999310e-01   6.198500e-04   0.000000e+00
  6.019310e-01   6.403000e-04   0.000000e+00
  6.039310e-01   6.429500e-04   0.000000e+00
  6.059310e-01   6.162000e-04   0.000000e+00
  6.079310e-01   6.263500e-04   0.000000e+00
  6.099300e-01   6.236500e-04   0.000000e+00
  6.119300e-01   6.028000e-04   0.000000e+00
  6.139300e-01   6.521000e-04   0.000000e+00
  6.159300e-01   5.707000e-04   0.000000e+00
  6.179290e-01   6.052000e-04   0.000000e+00
  6.199290e-01   5.868000e-04   0.000000e+00
  6.219290e-01   6.341000e-04   0.000000e+00
  6.239290e-01   6.053500e-04   0.000000e+00
  6.259280e-01   5.896500e-04   0.000000e+00
  6.279280e-01   5.898500e-04   0.000000e+00
  6.299280e-01   5.860500e-04   0.000000e+00
  6.319280e-01   5.769000e-04   0.000000e+00
  6.339280e-01   6.097000e-04   0.000000e+00
  6.359270e-01   6.053500e-04   0.000000e+00
  6.379270e-01   5.701000e-04   0.000000e+00
  6.399270e-01   6.168000e-04   0.000000e+00
  6.419270e-01   5.814500e-04   0.000000e+00
  6.439260e-01   5.670000e-04   0.000000e+00
  6.459260e-01   5.536000e-04   0.000000e+00
  6.479260e-01   5.741000e-04   0.000000e+00
  6.499260e-01   5.353500e-04   0.000000e+00
  6.519250e-01   5.837500e-04   0.000000e+00
  6.539250e-01   5.527000e-04   0.000000e+00
  6.559250e-01   5.660500e-04   0.000000e+00
  6.579250e-01   5.547000e-04   0.000000e+00
  6.599250e-01   5.469500e-04   0.000000e+00
  6.619240e-01   5.399500e-04   0.000000e+00
  6.639240e-01   5.236500e-04   0.000000e+00
  6.659240e-01   5.302000e-04   0.000000e+00
  6.679240e-01   5.416000e-04   0.000000e+00
  6.699230e-01   5.412500e-04   0.000000e+00
  6.719230e-01   4.993500e-04   0.000000e+00
  6.739230e-01   5.343000e-04   0.000000e+00
  6.759230e-01   5.161500e-04   0.000000e+00
  6.779230e-01   5.415500e-04   0.000000e+00
  6.799220e-01   5.675000e-04   0.000000e+00
  6.819220e-01   5.233000e-04   0.000000e+00
  6.839220e-01   5.040000e-04   0.000000e+00
  6.859220e-01   4.734000e-04   0.000000e+00
  6.879210e-01   5.233500e-04   0.000000e+00
  6.899210e-01   5.225000e-04   0.000000e+00
  6.919210e-01   4.903000e-04   0.000000e+00
  6.939210e-01   4.969000e-04   0.000000e+00
  6.959200e-01   4.950500e-04   0.000000e+00
  6.979200e-01   4.698500e-04   0.000000e+00
  6.999200e-01   5.100000e-04   0.000000e+00
  7.019200e-01   4.581500e-04   0.000000e+00
  7.039200e-01   4.533000e-04   0.000000e+00
  7.059190e-01   4.546500e-04   0.000000e+00
  7.079190e-01   4.652500e-04   0.000000e+00
  7.099190e-01   4.549000e-04   0.000000e+00
  7.119190e-01   4.374000e-04   0.000000e+00
  7.139180e-01   4.375000e-04   0.000000e+00
  7.159180e-01   4.607000e-04   0.000000e+00
  7.179180e-01   4.730000e-04   0.000000e+00
  7.199180e-01   4.184500e-04   0.000000e+00
  7.219170e-01   4.368500e-04   0.000000e+00
  7.239170e-01   4.413000e-04   0.000000e+00
  7.259170e-01   4.194000e-04   0.000000e+00
  7.279170e-01   4.513000e-04   0.000000e+00
  7.299170e-01   4.209500e-04   0.000000e+00
  7.319160e-01   4.276000e-04   0.000000e+00
  7.339160e-01   4.183500e-04   0.000000e+00
  7.359160e-01   4.067000e-04   0.000000e+00
  7.379160e-01   3.940500e-04   0.000000e+00
  7.399150e-01   3.893500e-04   0.000000e+00
  7.419150e-01   4.309500e-04   0.000000e+00
  7.439150e-01   4.300000e-04   0.000000e+00
  7.459150e-01   3.854000e-04   0.000000e+00
  7.479150e-01   3.660000e-04   0.000000e+00
  7.499140e-01   3.895500e-04   0.000000e+00
  7.519140e-01   3.753500e-04   0.000000e+00
  7.539140e-01   3.908000e-04   0.000000e+00
  7.559140e-01   3.495500e-04   0.000000e+00
  7.579130e-01   3.638000e-04   0.000000e+00
  7.599130e-01   3.820000e-04   0.000000e+00
  7.619130e-01   3.540500e-04   0.000000e+00
  7.639130e-01   3.439000e-04   0.000000e+00
  7.659120e-01   3.686500e-04   0.000000e+00
  7.679120e-01   3.281500e-04   0.000000e+00
  7.699120e-01   3.604500e-04   0.000000e+00
  7.719120e-01   3.373000e-04   0.000000e+00
  7.739120e-01   3.530000e-04   0.000000e+00
  7.759110e-01   3.159500e-04   0.000000e+00
  7.779110e-01   3.109000e-04   0.000000e+00
  7.799110e-01   3.354500e-04   0.000000e+00
  7.819110e-01   3.331000e-04   0.000000e+00
  7.839100e-01   3.394000e-04   0.000000e+00
  7.859100e-01   2.963500e-04   0.000000e+00
  7.879100e-01   3.000500e-04   0.000000e+00
  7.899100e-01   2.859500e-04   0.000000e+00
  7.919090e-01   3.253000e-04   0.000000e+00
  7.939090e-01   2.961500e-04   0.000000e+00
  7.959090e-01   2.977000e-04   0.000000e+00
  7.979090e-01   2.981500e-04   0.000000e+00
  7.999090e-01   2.522000e-04   0.000000e+00
  8.019080e-01   3.033500e-04   0.000000e+00
  8.039080e-01   3.012000e-04   0.000000e+00
  8.059080e-01   2.488500e-04   0.000000e+00
  8.079080e-01   2.439500e-04   0.000000e+00
  8.099070e-01   2.932000e-04   0.000000e+00
  8.119070e-01   3.069000e-04   0.000000e+00
  8.139070e-01   2.646000e-04   0.000000e+00
  8.159070e-01   2.768500e-04   0.000000e+00
  8.179070e-01   2.765000e-04   0.000000e+00
  8.199060e-01   2.238000e-04   0.000000e+00
  8.219060e-01   2.608500e-04   0.000000e+00
  8.239060e-01   2.686500e-04   0.000000e+00
  8.259060e-01   2.139000e-04   0.000000e+00
  8.279050e-01   2.108000e-04   0.000000e+00
  8.299050e-01   2.241500e-04   0.000000e+00
  8.319050e-01   2.087000e-04   0.000000e+00
  8.339050e-01   2.420000e-04   0.000000e+00
  8.359040e-01   2.272500e-04   0.000000e+00
  8.379040e-01   1.892500e-04   0.000000e+00
  8.399040e-01   2.116000e-04   0.000000e+00
  8.419040e-01   2.520500e-04   0.000000e+00
  8.439040e-01   2.195000e-04   0.000000e+00
  8.459030e-01   2.024000e-04   0.000000e+00
  8.479030e-01   1.974000e-04   0.000000e+00
  8.499030e-01   1.981500e-04   0.000000e+00
  8.519030e-01   2.277000e-04   0.000000e+00
  8.539020e-01   2.212500e-04   0.000000e+00
  8.559020e-01   2.351000e-04   0.000000e+00
  8.579020e-01   1.933500e-04   0.000000e+00
  8.599020e-01   1.725500e-04   0.000000e+00
  8.619010e-01   2.127000e-04   0.000000e+00
  8.639010e-01   1.868000e-04   0.000000e+00
  8.659010e-01   2.004000e-04   0.000000e+00
  8.679010e-01   2.014500e-04   0.000000e+00
  8.699010e-01   1.803500e-04   0.000000e+00
  8.719000e-01   1.910000e-04   0.000000e+00
  8.739000e-01   2.089500e-04   0.000000e+00
  8.759000e-01   1.833500e-04   0.000000e+00
  8.779000e-01   1.704000e-04   0.000000e+00
  8.798990e-01   1.704000e-04   0.000000e+00
  8.818990e-01   1.794500e-04   0.000000e+00
  8.838990e-01   1.404500e-04   0.000000e+00
  8.858990e-01   1.691500e-04   0.000000e+00
  8.878990e-01   1.338000e-04   0.000000e+00
  8.898980e-01   1.692000e-04   0.000000e+00
  8.918980e-01   1.513000e-04   0.000000e+00
  8.938980e-01   1.415500e-04   0.000000e+00
  8.958980e-01   1.412500e-04   0.000000e+00
  8.978970e-01   1.679500e-04   0.000000e+00
  8.998970e-01   1.370000e-04   0.000000e+00
  9.018970e-01   1.631000e-04   0.000000e+00
  9.038970e-01   1.584500e-04   0.000000e+00
  9.058960e-01   1.487500e-04   0.000000e+00
  9.078960e-01   1.232500e-04   0.000000e+00
  9.098960e-01   1.542500e-04   0.000000e+00
  9.118960e-01   1.676000e-04   0.000000e+00
  9.138960e-01   1.143000e-04   0.000000e+00
  9.158950e-01   1.389000e-04   0.000000e+00
  9.178950e-01   1.340000e-04   0.000000e+00
  9.198950e-01   1.396500e-04   0.000000e+00
  9.218950e-01   1.006000e-04   0.000000e+00
  9.238940e-01   1.115000e-04   0.000000e+00
  9.258940e-01   1.312500e-04   0.000000e+00
  9.278940e-01   1.475500e-04   0.000000e+00
  9.298940e-01   1.312000e-04   0.000000e+00
  9.318930e-01   8.020000e-05   0.000000e+00
  9.338930e-01   1.302000e-04   0.000000e+00
  9.358930e-01   9.455000e-05   0.000000e+00
  9.378930e-01   8.310000e-05   0.000000e+00
  9.398930e-01   1.157000e-04   0.000000e+00
  9.418920e-01   1.092500e-04   0.000000e+00
  9.438920e-01   1.339000e-04   0.000000e+00
  9.458920e-01   8.545000e-05   0.000000e+00
  9.478920e-01   8.815000e-05   0.000000e+00
  9.498910e-01   9.690000e-05   0.000000e+00
  9.518910e-01   1.311000e-04   0.000000e+00
  9.538910e-01   1.387000e-04   0.000000e+00
  9.558910e-01   9.715000e-05   0.000000e+00
  9.578910e-01   1.365500e-04   0.000000e+00
  9.598900e-01   1.145000e-04   0.000000e+00
  9.618900e-01   1.568000e-04   0.000000e+00
  9.638900e-01   9.525000e-05   0.000000e+00
  9.658900e-01   1.155500e-04   0.000000e+00
  9.678890e-01   9.495000e-05   0.000000e+00
  9.698890e-01   1.474500e-04   0.000000e+00
  9.718890e-01   8.900000e-05   0.000000e+00
  9.738890e-01   4.290000e-05   0.000000e+00
  9.758880e-01   5.680000e-05   0.000000e+00
  9.778880e-01   5.705000e-05   0.000000e+00
  9.798880e-01   4.545000e-05   0.000000e+00
  9.818880e-01   7.455000e-05   0.000000e+00
  9.838880e-01   9.535000e-05   0.000000e+00
  9.858870e-01   4.475000e-05   0.000000e+00
  9.878870e-01   1.740500e-04   0.000000e+00
  9.898870e-01   7.405000e-05   0.000000e+00
  9.918870e-01   4.540000e-05   0.000000e+00
  9.938860e-01   1.742500e-04   0.000000e+00
  9.958860e-01   1.684000e-04   0.000000e+00
  9.978860e-01   2.151000e-04   0.000000e+00
parent: /var/folders/2d/ls4zcgc523q37zzjppm8k9gw0000gn/T/qt_temp.W27776
parent: /var/folders/2d/ls4zcgc523q37zzjppm8k9gw0000gn/T/qt_temp.E27776
creator: datop
creator-version: v0.2 (r3791)
datop-operation: /var/folders/2d/ls4zcgc523q37zzjppm8k9gw0000gn/T/qt_temp.W27776 - /var/folders/2d/ls4zcgc523q37zzjppm8k9gw0000gn/T/qt_temp.E27776
