Ense  Average  Radius of gyration   =  40.29
 Ense Histogram Radius of gyration   =  40.01
 Pool  Average  Radius of gyration   =   0.00
 Pool Histogram Radius of gyration   =  42.98
       Rg     Pool freq.    Sel. freq.
      32.77  0.0000000000  0.0000000000
      33.31  0.0006400000  0.0001886792
      33.84  0.0012200000  0.0016981132
      34.38  0.0027200000  0.0101886792
      34.92  0.0051800000  0.0167924528
      35.46  0.0082800000  0.0343396226
      35.99  0.0122200000  0.0473584906
      36.53  0.0173400000  0.0615094340
      37.07  0.0220400000  0.0718867925
      37.61  0.0272800000  0.0786792453
      38.14  0.0324400000  0.0730188679
      38.68  0.0374200000  0.0730188679
      39.22  0.0415800000  0.0686792453
      39.76  0.0452600000  0.0547169811
      40.29  0.0485000000  0.0498113208
      40.83  0.0519600000  0.0460377358
      41.37  0.0544200000  0.0435849057
      41.90  0.0557600000  0.0367924528
      42.44  0.0550200000  0.0350943396
      42.98  0.0534800000  0.0330188679
      43.52  0.0487000000  0.0260377358
      44.05  0.0442600000  0.0167924528
      44.59  0.0394000000  0.0133962264
      45.13  0.0361800000  0.0120754717
      45.67  0.0319600000  0.0069811321
      46.20  0.0295600000  0.0086792453
      46.74  0.0270200000  0.0105660377
      47.28  0.0243400000  0.0126415094
      47.81  0.0218200000  0.0124528302
      48.35  0.0195000000  0.0124528302
      48.89  0.0175400000  0.0100000000
      49.43  0.0151800000  0.0073584906
      49.96  0.0132000000  0.0043396226
      50.50  0.0112800000  0.0030188679
      51.04  0.0096600000  0.0018867925
      51.58  0.0077200000  0.0013207547
      52.11  0.0061200000  0.0007547170
      52.65  0.0051800000  0.0007547170
      53.19  0.0041800000  0.0005660377
      53.73  0.0033000000  0.0003773585
      54.26  0.0026800000  0.0003773585
      54.80  0.0022000000  0.0003773585
      55.34  0.0015800000  0.0001886792
      55.87  0.0012000000  0.0000000000
      56.41  0.0009200000  0.0000000000
      56.95  0.0008000000  0.0000000000
      57.49  0.0004000000  0.0000000000
      58.02  0.0003200000  0.0000000000
      58.56  0.0002800000  0.0000000000
      59.10  0.0002200000  0.0000000000
      59.64  0.0001400000  0.0000000000
      60.17  0.0001200000  0.0000000000
      60.71  0.0000800000  0.0000000000
      61.25  0.0000000000  0.0000000000





Ense  Average  Dmax                 = 147.41
 Ense  Average  Dmax                 = 145.90
 Pool  Average  Dmax                 =   0.00
 Pool Histogram Dmax                 = 140.22
      Size    Pool freq.    Sel. freq.
      90.38  0.0000000000  0.0000000000
      93.22  0.0019200000  0.0009478673
      96.07  0.0043800000  0.0034123223
      98.92  0.0082800000  0.0108056872
     101.77  0.0131400000  0.0119431280
     104.62  0.0189200000  0.0176303318
     107.46  0.0245200000  0.0210426540
     110.31  0.0290400000  0.0218009479
     113.16  0.0328200000  0.0197156398
     116.01  0.0357800000  0.0307109005
     118.85  0.0369800000  0.0348815166
     121.70  0.0385600000  0.0360189573
     124.55  0.0402200000  0.0371563981
     127.40  0.0413000000  0.0403791469
     130.25  0.0425200000  0.0326066351
     133.09  0.0433600000  0.0257819905
     135.94  0.0448600000  0.0282464455
     138.79  0.0459400000  0.0309004739
     141.64  0.0474600000  0.0394312796
     144.48  0.0490400000  0.0453080569
     147.33  0.0490800000  0.0502369668
     150.18  0.0474200000  0.0553554502
     153.03  0.0453000000  0.0509952607
     155.88  0.0417800000  0.0483412322
     158.72  0.0374600000  0.0418957346
     161.57  0.0334000000  0.0417061611
     164.42  0.0286800000  0.0345023697
     167.27  0.0236400000  0.0352606635
     170.11  0.0190800000  0.0223696682
     172.96  0.0146600000  0.0204739336
     175.81  0.0117200000  0.0166824645
     178.66  0.0094800000  0.0117535545
     181.50  0.0078800000  0.0100473934
     184.35  0.0064000000  0.0096682464
     187.20  0.0051600000  0.0081516588
     190.05  0.0038600000  0.0049289100
     192.90  0.0031800000  0.0060663507
     195.74  0.0024600000  0.0047393365
     198.59  0.0020600000  0.0056872038
     201.44  0.0016200000  0.0053080569
     204.29  0.0012600000  0.0036018957
     207.13  0.0010000000  0.0024644550
     209.98  0.0007600000  0.0020853081
     212.83  0.0005000000  0.0000000000
     215.68  0.0003400000  0.0000000000
     218.53  0.0002600000  0.0007582938
     221.37  0.0002800000  0.0036018957
     224.22  0.0002800000  0.0036018957
     227.07  0.0002800000  0.0036018957
     229.92  0.0002800000  0.0036018957
     232.76  0.0002200000  0.0028436019
     235.61  0.0001000000  0.0000000000
     238.46  0.0001000000  0.0000000000
     241.31  0.0000000000  0.0000000000





-- PDB models in the folder "GA001/curve_1/pdb":
  #  Filename                 Rg       Dmax     Fraction        

  1) 01143eom.pdb           42.58     152.79    ~0.25
  2) 04117eom.pdb           41.12     158.64    ~0.17
  3) 04403eom.pdb           38.95     144.32    ~0.50
  4) 05626eom.pdb           35.13     125.41    ~0.08

 Final ensemble :           39.90     147.25
