
Parent(s): /Users/petri/Documents/data/20131206_MAXLab_SAXS/Arne/20130612_Arne/Primus_Input/sub_001.dat
  8.196300e-02   2.519728e-03   1.022501e-04
  8.588800e-02   2.341643e-03   1.008726e-04
  8.981300e-02   2.190452e-03   7.743265e-05
  9.373800e-02   2.252857e-03   4.744486e-05
  9.766300e-02   2.176901e-03   5.188381e-05
  1.015880e-01   2.180986e-03   4.949799e-05
  1.055130e-01   2.065398e-03   3.162735e-05
  1.094380e-01   2.097951e-03   4.319558e-05
  1.133630e-01   2.046474e-03   2.716555e-05
  1.172880e-01   1.930120e-03   2.541974e-05
  1.212130e-01   1.990817e-03   3.221039e-05
  1.251380e-01   1.974764e-03   2.388424e-05
  1.290630e-01   1.924235e-03   2.278263e-05
  1.329880e-01   1.903857e-03   2.185850e-05
  1.369130e-01   1.899649e-03   2.830267e-05
  1.408380e-01   1.817357e-03   2.047372e-05
  1.447630e-01   1.812945e-03   1.987236e-05
  1.486880e-01   1.803877e-03   2.020295e-05
  1.526130e-01   1.802924e-03   1.539090e-05
  1.565380e-01   1.801550e-03   1.857430e-05
  1.604630e-01   1.785621e-03   1.864611e-05
  1.643880e-01   1.778611e-03   1.780196e-05
  1.683130e-01   1.771218e-03   1.465554e-05
  1.722380e-01   1.755699e-03   1.736971e-05
  1.761630e-01   1.708743e-03   1.710754e-05
  1.800880e-01   1.714939e-03   1.391605e-05
  1.840130e-01   1.718853e-03   1.706788e-05
  1.879380e-01   1.704232e-03   1.335113e-05
  1.918630e-01   1.685254e-03   1.345969e-05
  1.957880e-01   1.684065e-03   1.600203e-05
  1.997130e-01   1.676096e-03   1.316165e-05
  2.036380e-01   1.653058e-03   1.283045e-05
  2.075630e-01   1.652905e-03   1.239510e-05
  2.114880e-01   1.639436e-03   1.286926e-05
  2.154130e-01   1.642598e-03   1.241296e-05
  2.193380e-01   1.619268e-03   1.273594e-05
  2.232630e-01   1.608981e-03   1.199826e-05
  2.271880e-01   1.604598e-03   1.245484e-05
  2.311130e-01   1.610801e-03   1.215703e-05
  2.350380e-01   1.563691e-03   1.211574e-05
  2.389630e-01   1.579898e-03   1.042849e-05
  2.428880e-01   1.563819e-03   1.267943e-05
  2.468130e-01   1.550283e-03   1.188491e-05
  2.507380e-01   1.539853e-03   1.060559e-05
  2.546630e-01   1.508820e-03   1.225575e-05
  2.585880e-01   1.511625e-03   1.100507e-05
  2.625130e-01   1.513949e-03   1.032017e-05
  2.664380e-01   1.507200e-03   1.245667e-05
  2.703630e-01   1.490790e-03   1.075774e-05
  2.742880e-01   1.476894e-03   1.056731e-05
  2.782130e-01   1.446707e-03   1.111895e-05
  2.821380e-01   1.445010e-03   1.054916e-05
  2.860630e-01   1.446234e-03   1.175949e-05
  2.899880e-01   1.451638e-03   1.102098e-05
  2.939130e-01   1.422654e-03   9.568561e-06
  2.978380e-01   1.407548e-03   1.043546e-05
  3.017630e-01   1.418858e-03   1.068688e-05
  3.056880e-01   1.407232e-03   1.067098e-05
  3.096130e-01   1.381832e-03   1.075206e-05
  3.135380e-01   1.377326e-03   9.420078e-06
  3.174630e-01   1.371470e-03   1.073287e-05
  3.213880e-01   1.374744e-03   1.058339e-05
  3.253120e-01   1.357755e-03   9.500650e-06
  3.292370e-01   1.352524e-03   9.431180e-06
  3.331620e-01   1.341552e-03   1.061804e-05
  3.370870e-01   1.327883e-03   9.245272e-06
  3.410120e-01   1.306056e-03   1.011450e-05
  3.449370e-01   1.294911e-03   9.089017e-06
  3.488620e-01   1.297231e-03   8.985810e-06
  3.527870e-01   1.276487e-03   8.815548e-06
  3.567120e-01   1.262735e-03   8.971252e-06
  3.606370e-01   1.256486e-03   8.739946e-06
  3.645620e-01   1.243803e-03   8.586245e-06
  3.684870e-01   1.240236e-03   8.814895e-06
  3.724120e-01   1.218134e-03   8.560636e-06
  3.763370e-01   1.210887e-03   8.495429e-06
  3.802610e-01   1.197971e-03   7.913051e-06
  3.841860e-01   1.195457e-03   8.482524e-06
  3.881110e-01   1.184879e-03   8.470262e-06
  3.920360e-01   1.189261e-03   7.597122e-06
  3.959610e-01   1.159185e-03   8.349170e-06
  3.998860e-01   1.159627e-03   7.601139e-06
  4.038110e-01   1.149607e-03   8.162058e-06
  4.077360e-01   1.135281e-03   7.536687e-06
  4.116610e-01   1.131986e-03   7.424071e-06
  4.155850e-01   1.108757e-03   8.092582e-06
  4.195100e-01   1.113369e-03   7.478558e-06
  4.234350e-01   1.087165e-03   7.389915e-06
  4.273600e-01   1.088780e-03   7.220867e-06
  4.312850e-01   1.088154e-03   7.492051e-06
  4.352100e-01   1.053455e-03   7.104704e-06
  4.391350e-01   1.050465e-03   7.185796e-06
  4.430600e-01   1.033620e-03   7.261738e-06
  4.469840e-01   1.037440e-03   7.250789e-06
  4.509090e-01   1.021535e-03   6.853520e-06
  4.548340e-01   1.010378e-03   6.610541e-06
  4.587590e-01   1.008414e-03   7.042014e-06
  4.626840e-01   9.791578e-04   7.024769e-06
  4.666090e-01   9.792650e-04   6.493007e-06
  4.705340e-01   9.629779e-04   7.008915e-06
  4.744580e-01   9.533044e-04   6.350163e-06
  4.783830e-01   9.443272e-04   7.040252e-06
  4.823080e-01   9.368990e-04   6.342548e-06
  4.862330e-01   9.257738e-04   6.334915e-06
  4.901580e-01   9.113238e-04   6.336884e-06
  4.940820e-01   9.147214e-04   6.809830e-06
  4.980070e-01   9.145177e-04   6.244840e-06
  5.019320e-01   8.864537e-04   6.266993e-06
  5.058570e-01   8.870595e-04   6.237255e-06
  5.097820e-01   8.654395e-04   6.112840e-06
  5.137070e-01   8.676867e-04   6.263255e-06
  5.176310e-01   8.563745e-04   5.744238e-06
  5.215560e-01   8.391599e-04   6.145827e-06
  5.254810e-01   8.335184e-04   5.995585e-06
  5.294060e-01   8.147514e-04   6.139374e-06
  5.333300e-01   8.108582e-04   5.646350e-06
  5.372550e-01   8.046031e-04   6.039966e-06
  5.411800e-01   8.027255e-04   5.593071e-06
  5.451050e-01   7.799636e-04   6.021670e-06
  5.490300e-01   7.698456e-04   5.468503e-06
  5.529540e-01   7.710286e-04   5.911398e-06
  5.568790e-01   7.600558e-04   5.467425e-06
  5.608040e-01   7.444622e-04   5.462741e-06
  5.647290e-01   7.347616e-04   5.498561e-06
  5.686530e-01   7.264299e-04   5.880374e-06
  5.725780e-01   7.249003e-04   5.399167e-06
  5.765030e-01   7.228952e-04   5.442136e-06
  5.804270e-01   6.970585e-04   5.427228e-06
  5.843520e-01   6.984701e-04   5.330663e-06
  5.882770e-01   6.921041e-04   5.073789e-06
  5.922020e-01   6.802820e-04   5.250568e-06
  5.961260e-01   6.641667e-04   5.380619e-06
  6.000510e-01   6.621211e-04   5.263789e-06
  6.039760e-01   6.490707e-04   4.979588e-06
  6.079010e-01   6.385401e-04   5.205024e-06
  6.118250e-01   6.430932e-04   5.338895e-06
  6.157500e-01   6.246605e-04   4.866095e-06
  6.196750e-01   6.208446e-04   5.227082e-06
  6.235990e-01   6.142425e-04   4.866816e-06
  6.275240e-01   6.078136e-04   4.881330e-06
  6.314490e-01   6.004010e-04   5.124044e-06
  6.353730e-01   5.826439e-04   4.769344e-06
  6.392980e-01   5.833330e-04   4.799697e-06
  6.432230e-01   5.635014e-04   4.814007e-06
  6.471470e-01   5.503551e-04   4.698677e-06
  6.510720e-01   5.530646e-04   4.806609e-06
  6.549970e-01   5.462109e-04   4.677874e-06
  6.589210e-01   5.470238e-04   4.686507e-06
  6.628460e-01   5.318347e-04   4.676728e-06
  6.667710e-01   5.264558e-04   4.702952e-06
  6.706950e-01   5.177840e-04   4.455929e-06
  6.746200e-01   5.061034e-04   4.616112e-06
  6.785440e-01   5.125636e-04   4.651207e-06
  6.824690e-01   4.968003e-04   4.379493e-06
  6.863940e-01   4.936269e-04   4.598976e-06
  6.903180e-01   4.865146e-04   4.317517e-06
  6.942430e-01   4.681347e-04   4.584837e-06
  6.981670e-01   4.671769e-04   4.307966e-06
  7.020920e-01   4.595782e-04   4.341190e-06
  7.060170e-01   4.517680e-04   4.454776e-06
  7.099410e-01   4.562167e-04   4.332932e-06
  7.138660e-01   4.415197e-04   4.220071e-06
  7.177900e-01   4.370316e-04   4.283588e-06
  7.217150e-01   4.442173e-04   4.196990e-06
  7.256390e-01   4.215684e-04   4.223544e-06
  7.295640e-01   4.154830e-04   4.184673e-06
  7.334880e-01   4.157755e-04   4.215976e-06
  7.374130e-01   4.018194e-04   4.132616e-06
  7.413380e-01   3.956061e-04   3.949269e-06
  7.452620e-01   3.889939e-04   4.116830e-06
  7.491870e-01   3.792269e-04   4.129279e-06
  7.531110e-01   3.776643e-04   3.937265e-06
  7.570360e-01   3.724235e-04   4.090776e-06
  7.609600e-01   3.637037e-04   3.884201e-06
  7.648850e-01   3.599010e-04   4.085160e-06
  7.688090e-01   3.524755e-04   3.859605e-06
  7.727340e-01   3.514850e-04   3.805245e-06
  7.766580e-01   3.420367e-04   4.088085e-06
  7.805830e-01   3.391797e-04   3.830867e-06
  7.845070e-01   3.292101e-04   3.853316e-06
  7.884320e-01   3.313474e-04   3.771347e-06
  7.923560e-01   3.253470e-04   3.843299e-06
  7.962810e-01   3.162644e-04   3.765898e-06
  8.002050e-01   3.186197e-04   3.810241e-06
  8.041290e-01   3.036279e-04   3.716044e-06
  8.080540e-01   3.078659e-04   3.774139e-06
  8.119780e-01   2.960847e-04   3.709245e-06
  8.159030e-01   2.896520e-04   3.798786e-06
  8.198270e-01   2.900245e-04   3.550190e-06
  8.237520e-01   2.859788e-04   3.729259e-06
  8.276760e-01   2.782644e-04   3.541442e-06
  8.316000e-01   2.745550e-04   3.708898e-06
  8.355250e-01   2.722750e-04   3.515544e-06
  8.394490e-01   2.639336e-04   3.684827e-06
  8.433730e-01   2.578363e-04   3.454153e-06
  8.472980e-01   2.594507e-04   3.505932e-06
  8.512220e-01   2.543056e-04   3.603221e-06
  8.551470e-01   2.481094e-04   3.482776e-06
  8.590710e-01   2.472120e-04   3.468857e-06
  8.629950e-01   2.346498e-04   3.443160e-06
  8.669200e-01   2.318251e-04   3.435282e-06
  8.708440e-01   2.354765e-04   3.449602e-06
  8.747680e-01   2.254502e-04   3.441612e-06
  8.786930e-01   2.194392e-04   3.430207e-06
  8.826170e-01   2.211587e-04   3.420735e-06
  8.865410e-01   2.188087e-04   3.246693e-06
  8.904660e-01   2.106894e-04   3.438197e-06
  8.943900e-01   2.082577e-04   3.343150e-06
  8.983140e-01   2.043833e-04   3.365277e-06
  9.022390e-01   1.996244e-04   3.442139e-06
  9.061630e-01   1.978947e-04   3.318068e-06
  9.100870e-01   1.885669e-04   3.453303e-06
  9.140110e-01   1.884487e-04   3.391858e-06
  9.179360e-01   1.897545e-04   3.418949e-06
  9.218600e-01   1.851694e-04   3.400439e-06
  9.257840e-01   1.817267e-04   3.338100e-06
  9.297080e-01   1.730836e-04   3.318533e-06
  9.336330e-01   1.784535e-04   3.360452e-06
  9.375570e-01   1.664254e-04   3.366399e-06
  9.414810e-01   1.653441e-04   3.327387e-06
  9.454050e-01   1.643138e-04   3.331770e-06
  9.493300e-01   1.573604e-04   3.380285e-06
  9.532540e-01   1.646367e-04   3.325301e-06
  9.571780e-01   1.583519e-04   3.349903e-06
  9.611020e-01   1.515556e-04   3.243272e-06
  9.650260e-01   1.522718e-04   3.357986e-06
  9.689500e-01   1.420743e-04   3.312553e-06
  9.728750e-01   1.469036e-04   3.257343e-06
  9.767990e-01   1.431176e-04   3.333494e-06
  9.807230e-01   1.318086e-04   3.229613e-06
  9.846470e-01   1.409284e-04   3.348085e-06
  9.885710e-01   1.312066e-04   3.320607e-06
  9.924950e-01   1.350312e-04   3.272179e-06
  9.964200e-01   1.341497e-04   3.380287e-06
  1.000344e+00   1.298110e-04   3.283876e-06
  1.004268e+00   1.225464e-04   3.257495e-06
  1.008192e+00   1.302959e-04   3.213371e-06
  1.012116e+00   1.202227e-04   3.293733e-06
  1.016040e+00   1.226569e-04   3.211757e-06
  1.019964e+00   1.166703e-04   3.216132e-06
  1.023888e+00   1.114989e-04   3.253060e-06
  1.027812e+00   1.095876e-04   3.173374e-06
  1.031736e+00   1.098612e-04   3.040954e-06
  1.035660e+00   1.044159e-04   3.114963e-06
  1.039584e+00   1.113167e-04   3.084806e-06
  1.043509e+00   1.058679e-04   2.996366e-06
  1.047432e+00   1.034139e-04   3.057873e-06
  1.051357e+00   1.034045e-04   2.960139e-06
  1.055281e+00   1.040944e-04   3.056395e-06
  1.059204e+00   9.603017e-05   2.938736e-06
  1.063129e+00   9.786449e-05   2.947784e-06
  1.067053e+00   9.933156e-05   3.025269e-06
  1.070976e+00   9.533048e-05   2.948692e-06
  1.074901e+00   9.286959e-05   2.927871e-06
  1.078824e+00   9.344969e-05   2.945121e-06
  1.082749e+00   9.067510e-05   2.899472e-06
  1.086672e+00   9.222592e-05   2.948519e-06
  1.090596e+00   8.602531e-05   2.884833e-06
  1.094520e+00   8.573806e-05   2.922504e-06
  1.098444e+00   8.598497e-05   2.890777e-06
  1.102368e+00   7.637895e-05   2.918622e-06
  1.106292e+00   8.403473e-05   2.775886e-06
  1.110216e+00   7.849313e-05   2.918860e-06
  1.114140e+00   8.059384e-05   2.849696e-06
  1.118064e+00   7.393554e-05   2.809023e-06
  1.121988e+00   8.435194e-05   2.876622e-06
  1.125911e+00   7.550908e-05   2.764604e-06
  1.129835e+00   7.556279e-05   2.845193e-06
  1.133759e+00   7.426034e-05   2.791503e-06
  1.137683e+00   7.397129e-05   2.749767e-06
  1.141607e+00   7.731735e-05   2.760110e-06
  1.145531e+00   7.369867e-05   2.833939e-06
  1.149454e+00   7.158289e-05   2.753765e-06
  1.153378e+00   7.448575e-05   2.709336e-06
  1.157302e+00   7.030020e-05   2.746021e-06
  1.161226e+00   6.230677e-05   2.723049e-06
  1.165150e+00   6.512976e-05   2.730331e-06
  1.169073e+00   6.999677e-05   2.721344e-06
  1.172997e+00   6.104395e-05   2.640660e-06
  1.176921e+00   6.356721e-05   2.710256e-06
  1.180845e+00   6.203619e-05   2.691341e-06
  1.184769e+00   6.081755e-05   2.671821e-06
  1.188692e+00   6.374211e-05   2.696191e-06
  1.192616e+00   6.055398e-05   2.728894e-06
  1.196540e+00   5.723432e-05   2.610485e-06
  1.200463e+00   5.707918e-05   2.642808e-06
  1.204387e+00   5.460585e-05   2.665616e-06
  1.208311e+00   5.663075e-05   2.633429e-06
  1.212235e+00   5.601320e-05   2.596950e-06
  1.216158e+00   6.093646e-05   2.677843e-06
  1.220082e+00   5.332731e-05   2.605028e-06
  1.224006e+00   5.229857e-05   2.614962e-06
  1.227929e+00   5.166034e-05   2.589662e-06
  1.231853e+00   4.976884e-05   2.587212e-06
  1.235777e+00   4.923245e-05   2.583626e-06
  1.239700e+00   5.459935e-05   2.597492e-06
  1.243624e+00   4.580078e-05   2.592302e-06
  1.247547e+00   4.714690e-05   2.515350e-06
  1.251471e+00   4.799527e-05   2.589497e-06
  1.255395e+00   5.307221e-05   2.568046e-06
  1.259318e+00   4.826218e-05   2.495471e-06
  1.263242e+00   4.844378e-05   2.558409e-06
  1.267165e+00   5.041738e-05   2.516772e-06
  1.271089e+00   3.858908e-05   2.544413e-06
  1.275012e+00   4.676027e-05   2.512484e-06
  1.278936e+00   4.355378e-05   2.539955e-06
  1.282859e+00   4.817255e-05   2.504916e-06
  1.286783e+00   4.444187e-05   2.470055e-06
  1.290706e+00   4.566782e-05   2.489526e-06
  1.294630e+00   4.548218e-05   2.483057e-06
  1.298553e+00   4.303439e-05   2.507039e-06
  1.302477e+00   4.001374e-05   2.465180e-06
  1.306400e+00   4.553690e-05   2.484859e-06
  1.310324e+00   4.273888e-05   2.475312e-06
  1.314247e+00   3.901459e-05   2.472801e-06
  1.318171e+00   3.903486e-05   2.469284e-06
  1.322094e+00   4.459364e-05   2.473683e-06
  1.326018e+00   4.326354e-05   2.394249e-06
  1.329941e+00   3.943636e-05   2.473461e-06
  1.333864e+00   4.047272e-05   2.447047e-06
  1.337788e+00   3.744636e-05   2.400469e-06
  1.341711e+00   3.682092e-05   2.475731e-06
  1.345634e+00   3.761823e-05   2.369359e-06
  1.349558e+00   3.374612e-05   2.388623e-06
  1.353481e+00   3.893340e-05   2.431156e-06
  1.357404e+00   3.828367e-05   2.389411e-06
  1.361328e+00   3.455503e-05   2.343991e-06
  1.365251e+00   4.162639e-05   2.400745e-06
  1.369174e+00   3.831755e-05   2.357682e-06
  1.373098e+00   3.662105e-05   2.379965e-06
  1.377021e+00   3.538925e-05   2.352871e-06
  1.380944e+00   3.634942e-05   2.397007e-06
  1.384868e+00   3.369054e-05   2.340490e-06
  1.388791e+00   3.535827e-05   2.378772e-06
  1.392714e+00   3.013150e-05   2.354504e-06
  1.396637e+00   3.530486e-05   2.358811e-06
  1.400560e+00   2.942840e-05   2.302769e-06
  1.404484e+00   3.472908e-05   2.371155e-06
  1.408407e+00   3.085946e-05   2.300474e-06
  1.412330e+00   3.636728e-05   2.348893e-06
  1.416253e+00   3.204684e-05   2.305810e-06
  1.420177e+00   3.168820e-05   2.366952e-06
  1.424100e+00   3.199952e-05   2.303475e-06
  1.428023e+00   3.574156e-05   2.293044e-06
  1.431946e+00   3.294619e-05   2.367020e-06
  1.435869e+00   3.025922e-05   2.288757e-06
  1.439792e+00   3.149167e-05   2.299982e-06
  1.443715e+00   3.182395e-05   2.294712e-06
  1.447639e+00   3.808010e-05   2.302589e-06
  1.451562e+00   3.138929e-05   2.284706e-06
  1.455485e+00   3.127782e-05   2.306468e-06
  1.459408e+00   3.269741e-05   2.300643e-06
  1.463331e+00   3.486810e-05   2.331899e-06
  1.467254e+00   3.141871e-05   2.259460e-06
  1.471177e+00   3.200153e-05   2.339453e-06
  1.475100e+00   2.872619e-05   2.312906e-06
  1.479023e+00   3.182490e-05   2.310664e-06
  1.482946e+00   2.985156e-05   2.343521e-06
  1.486869e+00   2.417752e-05   2.312817e-06
  1.490792e+00   2.812599e-05   2.328202e-06
  1.494715e+00   3.059473e-05   2.328286e-06
  1.498638e+00   3.194173e-05   2.300128e-06
  1.502561e+00   2.707837e-05   2.331141e-06
  1.506484e+00   2.712534e-05   2.379956e-06
  1.510407e+00   2.558646e-05   2.328195e-06
  1.514330e+00   3.204102e-05   2.340723e-06
  1.518253e+00   3.041905e-05   2.311883e-06
  1.522176e+00   2.895510e-05   2.334185e-06
  1.526098e+00   3.014585e-05   2.333635e-06
  1.530021e+00   2.703231e-05   2.328272e-06
  1.533944e+00   2.743582e-05   2.334754e-06
  1.537867e+00   2.815677e-05   2.298341e-06
  1.541790e+00   2.652721e-05   2.308298e-06
  1.545713e+00   2.552769e-05   2.379417e-06
  1.549636e+00   3.123173e-05   2.271412e-06
  1.553558e+00   2.600418e-05   2.348292e-06
  1.557481e+00   2.720578e-05   2.258365e-06
  1.561404e+00   2.974446e-05   2.321363e-06
  1.565327e+00   2.725694e-05   2.261330e-06
  1.569250e+00   2.249748e-05   2.300622e-06
  1.573172e+00   2.846701e-05   2.227873e-06
  1.577095e+00   2.547082e-05   2.244269e-06
  1.581018e+00   2.880398e-05   2.213206e-06
  1.584940e+00   2.488187e-05   2.247202e-06
  1.588863e+00   2.712534e-05   2.223169e-06
  1.592786e+00   2.409670e-05   2.226044e-06
  1.596708e+00   2.602119e-05   2.210221e-06
  1.600631e+00   2.304701e-05   2.228385e-06
  1.604554e+00   2.611956e-05   2.214362e-06
  1.608476e+00   2.637422e-05   2.220845e-06
  1.612399e+00   2.544765e-05   2.206714e-06
  1.616322e+00   2.608646e-05   2.159698e-06
  1.620245e+00   2.067973e-05   2.207218e-06
  1.624167e+00   2.213187e-05   2.206669e-06
  1.628090e+00   2.628187e-05   2.156197e-06
  1.632012e+00   2.512765e-05   2.189108e-06
  1.635935e+00   2.260738e-05   2.172006e-06
  1.639857e+00   2.398534e-05   2.139122e-06
  1.643780e+00   2.546912e-05   2.205609e-06
  1.647702e+00   2.166867e-05   2.132627e-06
  1.651625e+00   2.039173e-05   2.159072e-06
  1.655547e+00   2.369558e-05   2.135035e-06
  1.659470e+00   2.622969e-05   2.154512e-06
  1.663392e+00   2.178728e-05   2.147364e-06
  1.667315e+00   2.521541e-05   2.136862e-06
  1.671237e+00   2.289582e-05   2.132705e-06
  1.675160e+00   2.005704e-05   2.142071e-06
  1.679082e+00   2.505667e-05   2.136293e-06
  1.683005e+00   2.337088e-05   2.140381e-06
  1.686927e+00   2.019204e-05   2.120339e-06
  1.690849e+00   2.133381e-05   2.091559e-06
  1.694772e+00   2.293003e-05   2.121000e-06
  1.698694e+00   2.512177e-05   2.090469e-06
  1.702617e+00   2.008861e-05   2.122145e-06
  1.706539e+00   2.193857e-05   2.083376e-06
  1.710461e+00   2.205537e-05   2.123374e-06
  1.714384e+00   2.041235e-05   2.079248e-06
  1.718306e+00   2.046497e-05   2.075730e-06
  1.722228e+00   1.732020e-05   2.133909e-06
  1.726151e+00   1.768238e-05   2.067476e-06
  1.730073e+00   2.047510e-05   2.073404e-06
  1.733995e+00   1.920146e-05   2.077512e-06
  1.737917e+00   2.262187e-05   2.066404e-06
  1.741840e+00   1.914619e-05   2.082817e-06
  1.745762e+00   2.148129e-05   2.066409e-06
  1.749684e+00   2.068745e-05   2.076394e-06
  1.753606e+00   1.570888e-05   2.014590e-06
  1.757528e+00   2.196102e-05   2.077612e-06
  1.761451e+00   2.012391e-05   2.054068e-06
  1.765373e+00   1.942276e-05   2.032306e-06
  1.769295e+00   1.997218e-05   2.045854e-06
  1.773217e+00   1.815143e-05   2.062888e-06
  1.777139e+00   1.771762e-05   2.011730e-06
  1.781061e+00   1.676255e-05   2.015842e-06
  1.784983e+00   1.627218e-05   2.054659e-06
  1.788906e+00   1.833109e-05   2.021173e-06
  1.792827e+00   2.092156e-05   2.013576e-06
  1.796750e+00   1.934486e-05   2.049434e-06
  1.800672e+00   1.625857e-05   2.017647e-06
  1.804594e+00   1.313820e-05   2.007633e-06
  1.808516e+00   1.584602e-05   2.014130e-06
  1.812438e+00   1.479024e-05   2.011780e-06
  1.816360e+00   1.821024e-05   2.008884e-06
  1.820282e+00   1.515167e-05   2.015918e-06
  1.824203e+00   1.750405e-05   1.962436e-06
  1.828126e+00   1.988310e-05   2.018932e-06
  1.832047e+00   1.846554e-05   2.040682e-06
  1.835969e+00   1.857643e-05   2.031283e-06
  1.839891e+00   1.773837e-05   2.018930e-06
  1.843813e+00   1.798347e-05   2.037765e-06
  1.847735e+00   1.554272e-05   2.028925e-06
  1.851657e+00   1.949422e-05   2.057796e-06
  1.855579e+00   1.602071e-05   2.019535e-06
  1.859501e+00   1.607697e-05   2.021312e-06
  1.863423e+00   1.642748e-05   2.076021e-06
  1.867344e+00   1.300197e-05   2.038358e-06
  1.871266e+00   1.560653e-05   2.020157e-06
  1.875188e+00   1.644497e-05   2.044287e-06
  1.879110e+00   1.246779e-05   2.035444e-06
  1.883031e+00   1.426830e-05   2.037815e-06
  1.886953e+00   1.209381e-05   2.052516e-06
  1.890875e+00   1.237544e-05   2.051939e-06
  1.894797e+00   1.492667e-05   2.040793e-06
  1.898718e+00   1.587010e-05   2.059042e-06
  1.902640e+00   1.515014e-05   2.050812e-06
  1.906562e+00   1.510310e-05   2.012002e-06
  1.910483e+00   1.338861e-05   2.053758e-06
  1.914405e+00   1.138197e-05   2.013175e-06
  1.918327e+00   1.301483e-05   2.048482e-06
  1.922248e+00   1.559078e-05   2.031457e-06
  1.926170e+00   1.585007e-05   2.063231e-06
  1.930092e+00   1.234966e-05   2.023216e-06
  1.934013e+00   1.846384e-05   2.074454e-06
  1.937935e+00   1.004776e-05   2.023815e-06
  1.941856e+00   1.483660e-05   2.036203e-06
  1.945778e+00   1.332816e-05   2.039731e-06
  1.949699e+00   1.776224e-05   2.037430e-06
  1.953621e+00   1.387582e-05   2.050928e-06
  1.957542e+00   1.388187e-05   2.017412e-06
  1.961464e+00   1.697381e-05   2.055094e-06
  1.965385e+00   1.933299e-05   2.038082e-06
  1.969307e+00   1.460452e-05   2.032152e-06
  1.973228e+00   1.372541e-05   2.052153e-06
  1.977150e+00   1.497568e-05   2.005709e-06
  1.981071e+00   1.324425e-05   2.039230e-06
  1.984992e+00   1.570197e-05   2.056907e-06
  1.988914e+00   1.515680e-05   2.023974e-06
  1.992835e+00   1.037673e-05   2.031012e-06
  1.996757e+00   1.480806e-05   2.016345e-06
  2.000678e+00   1.143245e-05   2.046917e-06
  2.004599e+00   1.230949e-05   2.010463e-06
  2.008521e+00   1.148088e-05   2.019880e-06
  2.012442e+00   1.340024e-05   2.026961e-06
  2.016363e+00   1.317054e-05   2.054613e-06
  2.020285e+00   1.479728e-05   2.030521e-06
  2.024206e+00   1.169272e-05   2.015215e-06
  2.028127e+00   1.538456e-05   2.035253e-06
  2.032048e+00   1.553898e-05   2.018795e-06
  2.035969e+00   1.175269e-05   2.028776e-06
  2.039891e+00   1.191561e-05   1.989964e-06
  2.043812e+00   1.100912e-05   2.031146e-06
  2.047733e+00   1.274486e-05   2.028223e-06
  2.051654e+00   8.385136e-06   2.026456e-06
  2.055575e+00   1.689670e-05   1.978867e-06
  2.059496e+00   1.406476e-05   2.027088e-06
  2.063417e+00   1.403388e-05   1.986510e-06
  2.067338e+00   1.185211e-05   2.025328e-06
  2.071260e+00   1.460772e-05   1.993594e-06
  2.075181e+00   1.106306e-05   2.011229e-06
  2.079102e+00   1.131204e-05   1.981237e-06
  2.083023e+00   7.772789e-06   1.991832e-06
  2.086944e+00   9.747619e-06   1.996549e-06
  2.090865e+00   1.107626e-05   2.021859e-06
  2.094786e+00   9.779490e-06   2.005394e-06
  2.098707e+00   1.251269e-05   1.980118e-06
  2.102628e+00   1.022085e-05   2.010710e-06
  2.106549e+00   7.109320e-06   1.987777e-06
  2.110470e+00   1.278150e-05   2.006037e-06
  2.114391e+00   9.961088e-06   1.947206e-06
  2.118311e+00   9.963333e-06   2.035459e-06
  2.122232e+00   1.242830e-05   2.018420e-06
  2.126153e+00   1.093677e-05   2.060192e-06
  2.130074e+00   1.469357e-05   1.998455e-06
  2.133995e+00   1.294099e-05   2.052575e-06
  2.137916e+00   1.221391e-05   2.031404e-06
  2.141836e+00   8.131190e-06   2.076114e-06
  2.145757e+00   1.200000e-05   2.033188e-06
  2.149678e+00   1.047017e-05   2.066138e-06
  2.153599e+00   1.076554e-05   2.076740e-06
  2.157519e+00   9.969966e-06   2.050863e-06
  2.161440e+00   1.060310e-05   2.084410e-06
  2.165361e+00   1.149864e-05   2.053832e-06
  2.169281e+00   7.110238e-06   2.066191e-06
  2.173202e+00   9.945646e-06   2.085618e-06
  2.177123e+00   8.360612e-06   2.075626e-06
  2.181043e+00   7.268435e-06   2.082698e-06
  2.184964e+00   8.074082e-06   2.097417e-06
  2.188885e+00   1.057650e-05   2.072721e-06
  2.192806e+00   6.103503e-06   2.093914e-06
  2.196726e+00   1.290520e-05   2.068638e-06
  2.200646e+00   9.490238e-06   2.096874e-06
  2.204567e+00   1.204071e-05   2.065712e-06
  2.208488e+00   8.500510e-06   2.113959e-06
  2.212408e+00   8.541395e-06   2.064548e-06
  2.216329e+00   1.153922e-05   2.105163e-06
  2.220249e+00   7.512653e-06   2.051627e-06
  2.224169e+00   1.096418e-05   2.085180e-06
  2.228090e+00   9.607993e-06   2.043413e-06
  2.232011e+00   7.595068e-06   2.044601e-06
  2.235931e+00   1.188490e-05   2.025204e-06
  2.239851e+00   6.982789e-06   2.038740e-06
  2.243772e+00   6.619286e-06   2.029927e-06
  2.247692e+00   6.012279e-06   2.029351e-06
  2.251612e+00   6.503469e-06   2.026419e-06
  2.255533e+00   8.088980e-06   2.032900e-06
  2.259453e+00   1.050082e-05   2.032327e-06
  2.263373e+00   8.224184e-06   2.002326e-06
  2.267294e+00   9.190000e-06   2.011164e-06
  2.271214e+00   4.185884e-06   2.004714e-06
  2.275134e+00   8.107313e-06   2.010597e-06
  2.279054e+00   7.716735e-06   1.998841e-06
  2.282975e+00   7.288367e-06   2.022978e-06
  2.286895e+00   1.322412e-05   1.972991e-06
  2.290815e+00   9.233605e-06   2.038299e-06
  2.294735e+00   7.437857e-06   1.970053e-06
  2.298655e+00   9.086327e-06   1.980067e-06
  2.302576e+00   8.780408e-06   1.990082e-06
  2.306496e+00   6.117041e-06   2.017753e-06
  2.310416e+00   8.672109e-06   1.985397e-06
  2.314336e+00   7.267687e-06   1.983055e-06
  2.318256e+00   6.371735e-06   1.977185e-06
  2.322176e+00   9.409252e-06   1.988962e-06
  2.326096e+00   4.828503e-06   1.997222e-06
  2.330016e+00   6.934762e-06   1.981925e-06
  2.333936e+00   8.287007e-06   1.959573e-06
  2.337856e+00   8.571259e-06   1.987831e-06
  2.341776e+00   9.970306e-06   1.975486e-06
  2.345696e+00   4.606565e-06   1.978448e-06
  2.349616e+00   7.785204e-06   1.949614e-06
  2.353536e+00   5.970476e-06   1.977877e-06
  2.357455e+00   7.196088e-06   1.963761e-06
  2.361376e+00   6.784082e-06   1.965539e-06
  2.365295e+00   9.209524e-06   1.941421e-06
  2.369215e+00   6.005068e-06   1.939082e-06
  2.373135e+00   9.395952e-06   1.930851e-06
  2.377055e+00   4.786463e-06   1.967947e-06
  2.380975e+00   8.949184e-06   1.945586e-06
  2.384894e+00   7.612857e-06   1.928531e-06
  2.388814e+00   7.259252e-06   1.955614e-06
  2.392734e+00   8.309762e-06   1.918548e-06
  2.396653e+00   5.662177e-06   1.929159e-06
  2.400573e+00   8.240918e-06   1.941523e-06
  2.404494e+00   7.431633e-06   1.942713e-06
  2.408413e+00   8.868469e-06   1.908589e-06
  2.412332e+00   5.766905e-06   1.946860e-06
  2.416252e+00   6.188299e-06   1.920973e-06
  2.420172e+00   4.370408e-06   1.916873e-06
  2.424091e+00   4.887551e-06   1.938659e-06
  2.428011e+00   6.247279e-06   1.945728e-06
  2.431931e+00   3.655782e-06   1.913971e-06
  2.435850e+00   6.532211e-06   1.908670e-06
  2.439770e+00   8.386088e-06   1.953411e-06
  2.443689e+00   5.260816e-06   1.915761e-06
  2.447609e+00   7.967925e-06   1.912823e-06
  2.451528e+00   8.050510e-06   1.920486e-06
  2.455448e+00   8.641327e-06   1.949926e-06
  2.459367e+00   7.087551e-06   1.914036e-06
  2.463286e+00   6.862823e-06   1.928174e-06
  2.467206e+00   6.037585e-06   1.908765e-06
  2.471125e+00   6.201224e-06   1.901713e-06
  2.475045e+00   6.157619e-06   1.891130e-06
  2.478964e+00   8.128844e-06   1.909973e-06
  2.482883e+00   1.652347e-06   1.905899e-06
  2.486803e+00   6.874184e-06   1.937662e-06
  2.490722e+00   5.127551e-06   1.869402e-06
  2.494641e+00   2.731837e-06   1.910045e-06
  2.498561e+00   8.938639e-06   1.888843e-06
  2.502480e+00  -1.362585e-07   1.918923e-06
  2.506399e+00   5.288810e-06   1.891816e-06
  2.510318e+00   6.356190e-06   1.927140e-06
  2.514238e+00   4.110510e-06   1.879484e-06
  2.518157e+00   7.570340e-06   1.900085e-06
  2.522076e+00   8.567857e-06   1.916578e-06
  2.525995e+00   5.061463e-06   1.905412e-06
  2.529914e+00   5.689116e-06   1.900125e-06
  2.533834e+00   3.538810e-06   1.911921e-06
  2.537752e+00   6.330374e-06   1.897204e-06
  2.541671e+00   6.079762e-06   1.921939e-06
  2.545591e+00   5.686803e-06   1.914301e-06
  2.549510e+00   4.553435e-06   1.917261e-06
  2.553428e+00   2.114762e-06   1.885505e-06
  2.557348e+00   5.208095e-06   1.904331e-06
  2.561266e+00   3.164762e-06   1.934967e-06
  2.565185e+00   7.096463e-06   1.884923e-06
  2.569104e+00   5.569150e-06   1.926147e-06
  2.573023e+00   2.078401e-06   1.889682e-06
  2.576942e+00   5.127075e-06   1.914987e-06
  2.580861e+00   7.865748e-06   1.895567e-06
  2.584780e+00   7.032177e-06   1.950328e-06
  2.588699e+00   4.020408e-06   1.891483e-06
  2.592618e+00   7.642483e-06   1.913264e-06
  2.596537e+00   3.932449e-06   1.886798e-06
  2.600455e+00   6.305510e-06   1.920355e-06
  2.604374e+00   4.974422e-06   1.910954e-06
  2.608293e+00   3.949762e-06   1.919803e-06
  2.612211e+00   3.291088e-06   1.910986e-06
  2.616130e+00   4.768299e-06   1.912759e-06
  2.620049e+00   4.950918e-06   1.883334e-06
  2.623968e+00   5.700306e-06   1.916900e-06
  2.627886e+00   6.683946e-06   1.918675e-06
  2.631805e+00   3.353946e-06   1.923415e-06
  2.635724e+00   8.328810e-06   1.901624e-06
  2.639642e+00   6.508469e-06   1.926955e-06
  2.643561e+00   3.075442e-06   1.902257e-06
  2.647479e+00   5.173367e-06   1.929340e-06
  2.651398e+00   2.191156e-06   1.905234e-06
  2.655316e+00   5.645544e-06   1.924065e-06
  2.659235e+00   7.046361e-06   1.912298e-06
  2.663154e+00   5.916293e-06   1.892884e-06
  2.667072e+00   5.228129e-06   1.938823e-06
  2.670990e+00   5.177891e-06   1.916463e-06
  2.674909e+00   5.038435e-06   1.898224e-06
  2.678827e+00   3.721429e-06   1.908252e-06
  2.682745e+00   8.124150e-06   1.951232e-06
  2.686664e+00   4.458810e-06   1.934181e-06
  2.690582e+00   3.441531e-06   1.960697e-06
  2.694500e+00   7.609116e-06   1.971290e-06
  2.698419e+00   3.757925e-06   1.946000e-06
  2.702337e+00   2.696190e-06   1.977228e-06
  2.706255e+00   4.174932e-06   1.987239e-06
  2.710173e+00   5.508537e-06   1.974291e-06
  2.714092e+00   5.368946e-06   2.006101e-06
  2.718010e+00   6.779252e-06   2.003168e-06
  2.721929e+00   5.085000e-06   1.993765e-06
  2.725847e+00   4.868027e-06   2.002612e-06
  2.729765e+00   8.270816e-06   2.004972e-06
  2.733683e+00   5.921088e-06   2.024422e-06
  2.737601e+00   4.602449e-06   2.018553e-06
  2.741519e+00   6.081531e-06   2.045058e-06
  2.745437e+00   3.772041e-06   2.029184e-06
  2.749355e+00   7.735680e-06   2.040960e-06
  2.753273e+00   8.465340e-06   2.023308e-06
  2.757191e+00   7.132211e-06   2.039221e-06
  2.761109e+00   6.953163e-06   2.042770e-06
  2.765028e+00   4.201054e-06   2.039262e-06
  2.768945e+00   3.334626e-06   2.032214e-06
  2.772863e+00   6.523810e-06   2.046935e-06
  2.776781e+00   5.267517e-06   2.046364e-06
  2.780699e+00   6.836327e-06   2.075228e-06
  2.784617e+00   4.502789e-06   2.023430e-06
  2.788535e+00   5.483537e-06   2.091750e-06
  2.792452e+00   4.336259e-06   2.067037e-06
  2.796370e+00   3.381293e-06   2.104160e-06
  2.800288e+00   3.783844e-06   2.062359e-06
  2.804206e+00   5.533673e-06   2.067073e-06
  2.808123e+00   2.331122e-06   2.101267e-06
  2.812041e+00   5.968980e-06   2.072401e-06
  2.815959e+00   9.117177e-06   2.075945e-06
  2.819876e+00   3.161871e-06   2.103069e-06
  2.823794e+00   6.239184e-06   2.097767e-06
  2.827712e+00   3.979864e-06   2.077180e-06
  2.831630e+00   7.025646e-06   2.112517e-06
  2.835547e+00   2.168776e-06   2.096658e-06
  2.839465e+00   6.211088e-06   2.078389e-06
  2.843382e+00   3.728095e-06   2.093143e-06
  2.847300e+00   3.376088e-06   2.122020e-06
  2.851218e+00   7.138707e-06   2.070186e-06
  2.855135e+00   5.845510e-06   2.132045e-06
  2.859052e+00   5.333061e-06   2.107326e-06
  2.862970e+00   2.593707e-06   2.084981e-06
  2.866887e+00   3.770850e-06   2.127979e-06
  2.870805e+00   4.752857e-06   2.094416e-06
  2.874722e+00   6.477721e-06   2.100903e-06
  2.878640e+00   8.197279e-09   2.129242e-06
  2.882557e+00   8.155612e-06   2.093862e-06
  2.886474e+00   4.505544e-06   2.102134e-06
  2.890392e+00   5.416259e-06   2.106267e-06
  2.894309e+00   4.484864e-06   2.109232e-06
  2.898226e+00   8.710000e-06   2.121017e-06
  2.902143e+00   7.953639e-06   2.096882e-06
  2.906060e+00   5.356939e-06   2.122820e-06
  2.909978e+00   8.582109e-06   2.126363e-06
  2.913895e+00   3.755748e-06   2.112847e-06
  2.917812e+00   2.310816e-06   2.128780e-06
  2.921729e+00   4.390272e-06   2.117585e-06
  2.925646e+00   3.522109e-06   2.104650e-06
  2.929564e+00   5.440136e-06   2.140584e-06
  2.933481e+00   1.885204e-06   2.123543e-06
  2.937398e+00   2.086497e-06   2.118253e-06
  2.941315e+00   2.415986e-06   2.123567e-06
  2.945232e+00   4.052619e-06   2.150078e-06
  2.949149e+00   3.142755e-06   2.130661e-06
  2.953066e+00   7.546463e-06   2.125944e-06
  2.956983e+00   3.577075e-06   2.152486e-06
  2.960900e+00   3.636701e-06   2.113622e-06
  2.964817e+00   6.126156e-06   2.150146e-06
  2.968734e+00   4.406735e-06   2.134265e-06
  2.972650e+00   7.152483e-06   2.140749e-06
  2.976567e+00   4.685170e-06   2.150200e-06
  2.980484e+00   3.729082e-06   2.131959e-06
  2.984401e+00   5.447041e-06   2.133733e-06
  2.988318e+00   4.124320e-06   2.137291e-06
  2.992234e+00   8.615544e-06   2.123743e-06
  2.996151e+00   5.273333e-06   2.156167e-06
  3.000068e+00   4.254014e-06   2.133212e-06
  3.003985e+00   3.829456e-06   2.131463e-06
  3.007901e+00   8.613265e-07   2.156845e-06
  3.011818e+00   5.059524e-06   2.107334e-06
  3.015735e+00   3.862959e-06   2.159789e-06
  3.019651e+00   4.503333e-06   2.135648e-06
  3.023568e+00   3.031667e-06   2.130373e-06
  3.027484e+00   2.415034e-06   2.165153e-06
  3.031401e+00   3.923231e-06   2.153962e-06
  3.035317e+00   5.756803e-06   2.115673e-06
  3.039234e+00   3.232381e-06   2.157534e-06
  3.043150e+00   2.114116e-06   2.126337e-06
  3.047067e+00   5.891429e-06   2.149303e-06
  3.050983e+00   5.135782e-06   2.162284e-06
  3.054900e+00   6.740136e-06   2.135781e-06
  3.058816e+00   9.617721e-06   2.154652e-06
  3.062732e+00   6.291667e-06   2.169989e-06
  3.066649e+00   8.791497e-06   2.157039e-06
  3.070565e+00   3.342483e-06   2.137631e-06
  3.074481e+00   7.438639e-06   2.165910e-06
  3.078398e+00   9.258912e-06   2.142948e-06
  3.082314e+00   1.626224e-06   2.161852e-06
  3.086230e+00   5.084456e-06   2.141810e-06
  3.090146e+00   3.468980e-06   2.162460e-06
  3.094063e+00   4.974864e-06   2.166590e-06
  3.097979e+00   3.360918e-06   2.144816e-06
  3.101895e+00   7.067041e-06   2.194310e-06
  3.105811e+00   1.482925e-06   2.150759e-06
  3.109727e+00   2.535680e-06   2.171390e-06
  3.113643e+00   5.960442e-06   2.165489e-06
  3.117559e+00   2.433299e-06   2.186745e-06
  3.121475e+00   7.072823e-06   2.150789e-06
  3.125391e+00   5.529558e-06   2.175558e-06
  3.129308e+00   4.361259e-06   2.181474e-06
  3.133224e+00   4.840680e-06   2.160864e-06
  3.137139e+00   8.299252e-06   2.190336e-06
  3.141055e+00   2.826224e-06   2.147360e-06
  3.144971e+00   1.432551e-06   2.169782e-06
  3.148887e+00   4.842823e-06   2.192163e-06
  3.152803e+00   6.172483e-06   2.160352e-06
  3.156719e+00   4.373810e-06   2.188077e-06
  3.160634e+00   1.253265e-06   2.178694e-06
  3.164550e+00   8.125476e-06   2.161579e-06
  3.168466e+00   2.404320e-06   2.214074e-06
  3.172382e+00   1.908571e-06   2.174022e-06
  3.176297e+00   7.435238e-06   2.188738e-06
  3.180213e+00   5.005136e-06   2.171674e-06
  3.184129e+00   3.947755e-06   2.203519e-06
  3.188044e+00   2.656429e-06   2.176442e-06
  3.191960e+00   7.846939e-06   2.191164e-06
  3.195876e+00   6.779354e-06   2.176450e-06
  3.199791e+00   5.770714e-06   2.182363e-06
  3.203707e+00   4.582789e-06   2.171189e-06
  3.207622e+00   7.072517e-06   2.179448e-06
  3.211538e+00   6.619490e-06   2.195379e-06
  3.215453e+00   4.846973e-06   2.210136e-06
  3.219369e+00   8.662891e-06   2.151798e-06
  3.223284e+00   4.240646e-06   2.191906e-06
  3.227200e+00   4.897891e-06   2.174238e-06
  3.231115e+00   6.398197e-06   2.199593e-06
  3.235030e+00   4.475374e-06   2.197261e-06
  3.238946e+00   2.700034e-06   2.194935e-06
  3.242861e+00   1.632993e-06   2.184942e-06
  3.246776e+00   4.730238e-06   2.186113e-06
  3.250692e+00   2.934932e-06   2.195575e-06
  3.254607e+00   1.113310e-05   2.201472e-06
  3.258522e+00   3.633776e-06   2.225664e-06
  3.262437e+00   7.371939e-06   2.170849e-06
  3.266353e+00   3.395306e-06   2.209200e-06
  3.270268e+00   6.722007e-06   2.204483e-06
  3.274183e+00   4.555646e-06   2.202741e-06
  3.278098e+00   4.454660e-06   2.183308e-06
  3.282013e+00   2.809490e-06   2.201024e-06
  3.285928e+00   4.722347e-06   2.212226e-06
  3.289843e+00   5.697721e-06   2.211649e-06
  3.293758e+00   6.185578e-06   2.176297e-06
  3.297673e+00   2.830204e-06   2.213472e-06
  3.301588e+00   3.346088e-06   2.195800e-06
  3.305503e+00   2.641939e-06   2.188163e-06
  3.309418e+00   5.430510e-06   2.212918e-06
  3.313333e+00   3.373571e-06   2.224150e-06
  3.317247e+00   5.865850e-06   2.192321e-06
  3.321162e+00   1.563299e-06   2.205339e-06
  3.325078e+00   3.839286e-06   2.188242e-06
  3.328992e+00   5.414694e-06   2.193556e-06
  3.332907e+00   5.068605e-06   2.207135e-06
  3.336822e+00   6.391803e-06   2.199483e-06
  3.340736e+00   1.023337e-05   2.263172e-06
  3.344651e+00   6.359864e-06   2.236070e-06
  3.348566e+00   4.211395e-06   2.273240e-06
  3.352480e+00  -5.169048e-07   2.296309e-06
  3.356395e+00   3.439456e-06   2.264441e-06
  3.360310e+00   6.955204e-06   2.299224e-06
  3.364224e+00  -4.529252e-07   2.299903e-06
  3.368139e+00   1.028537e-06   2.295181e-06
  3.372053e+00   7.372551e-06   2.264497e-06
  3.375968e+00   4.814626e-07   2.347696e-06
  3.379882e+00   4.981531e-06   2.271617e-06
  3.383797e+00   3.783605e-06   2.330603e-06
  3.387711e+00   5.462041e-06   2.324715e-06
  3.391625e+00   5.140918e-06   2.287003e-06
  3.395540e+00   1.743503e-06   2.320657e-06
  3.399454e+00   1.090816e-06   2.332476e-06
  3.403368e+00   9.645136e-06   2.284696e-06
  3.407283e+00   4.854456e-06   2.325407e-06
  3.411197e+00   2.715850e-06   2.340184e-06
  3.415111e+00   4.049626e-06   2.323092e-06
  3.419026e+00   3.463299e-06   2.313094e-06
  3.422940e+00   4.811871e-06   2.349659e-06
  3.426854e+00   4.196803e-06   2.293668e-06
  3.430768e+00   4.391701e-06   2.310785e-06
  3.434682e+00   4.425000e-06   2.336750e-06
  3.438596e+00   1.475782e-06   2.334438e-06
  3.442511e+00   3.903639e-06   2.334435e-06
  3.446425e+00   2.930748e-06   2.363356e-06
  3.450339e+00   3.735068e-06   2.349806e-06
  3.454252e+00   6.346973e-06   2.294972e-06
  3.458167e+00   2.791837e-06   2.353982e-06
  3.462081e+00   7.617381e-06   2.373435e-06
  3.465995e+00   7.502109e-06   2.331588e-06
  3.469908e+00   2.542415e-06   2.377044e-06
  3.473823e+00   5.029830e-06   2.369377e-06
  3.477736e+00   5.974932e-06   2.316910e-06
  3.481650e+00   4.868299e-06   2.364700e-06
  3.485564e+00   7.378980e-06   2.373557e-06
  3.489478e+00   3.013639e-06   2.340577e-06
  3.493391e+00   2.137075e-07   2.348301e-06
  3.497305e+00   1.932823e-06   2.384862e-06
  3.501219e+00   3.870306e-06   2.314683e-06
  3.505132e+00   1.697245e-06   2.331826e-06
  3.509046e+00   2.962585e-06   2.367219e-06
  3.512960e+00   8.387959e-06   2.356598e-06
  3.516874e+00   7.092857e-06   2.352491e-06
  3.520787e+00   5.307823e-06   2.363133e-06
  3.524701e+00   1.906224e-06   2.378516e-06
  3.528615e+00   3.595476e-06   2.333110e-06
  3.532528e+00   5.488503e-06   2.377350e-06
  3.536441e+00   2.373401e-06   2.379752e-06
  3.540355e+00   5.057823e-06   2.342595e-06
  3.544268e+00   8.960748e-06   2.369149e-06
  3.548182e+00   1.351190e-06   2.366851e-06
  3.552095e+00   5.278639e-06   2.380992e-06
  3.556008e+00   7.048061e-06   2.356235e-06
  3.559922e+00   3.301837e-06   2.387536e-06
  3.563835e+00   5.960068e-06   2.340945e-06
  3.567748e+00   1.363878e-06   2.379931e-06
  3.571661e+00   1.035102e-06   2.407679e-06
  3.575574e+00   2.133231e-06   2.365810e-06
  3.579488e+00   2.625782e-06   2.380568e-06
  3.583401e+00   8.707959e-06   2.385282e-06
  3.587314e+00   2.428844e-06   2.388874e-06
  3.591227e+00   6.373231e-06   2.357603e-06
  3.595140e+00   2.704898e-06   2.432561e-06
  3.599053e+00   2.938503e-06   2.348228e-06
  3.602967e+00   4.729830e-06   2.382448e-06
  3.606879e+00   6.419150e-06   2.370664e-06
  3.610793e+00   1.553129e-06   2.399039e-06
  3.614706e+00   3.446803e-06   2.371315e-06
  3.618618e+00   4.407755e-06   2.390204e-06
  3.622531e+00   7.475000e-06   2.399061e-06
  3.626444e+00   4.565306e-07   2.374364e-06
  3.630357e+00   1.970272e-06   2.375543e-06
  3.634270e+00   5.992483e-06   2.429803e-06
  3.638182e+00   1.373980e-06   2.354355e-06
  3.642096e+00   3.448571e-06   2.408626e-06
  3.646008e+00   2.665646e-06   2.379749e-06
  3.649921e+00   3.986259e-06   2.373861e-06
  3.653834e+00   6.529626e-06   2.399824e-06
  3.657746e+00   2.041497e-06   2.399877e-06
  3.661659e+00   3.666156e-06   2.388676e-06
  3.665572e+00   7.348912e-06   2.398118e-06
  3.669484e+00   5.840272e-06   2.420563e-06
  3.673397e+00   1.917755e-06   2.379318e-06
  3.677309e+00   3.055782e-06   2.397028e-06
  3.681222e+00   1.803401e-07   2.429537e-06
  3.685134e+00   2.880272e-06   2.369344e-06
  3.689047e+00   2.034524e-06   2.405951e-06
  3.692959e+00   3.019864e-06   2.442542e-06
  3.696872e+00   1.852755e-06   2.397148e-06
  3.700784e+00   2.695442e-06   2.402471e-06
  3.704696e+00   2.637415e-06   2.400726e-06
  3.708608e+00   2.877551e-06   2.410182e-06
  3.712521e+00   8.887959e-06   2.368290e-06
  3.716433e+00   8.435034e-07   2.429720e-06
  3.720345e+00   3.182075e-06   2.391367e-06
  3.724258e+00   3.913878e-06   2.412621e-06
  3.728170e+00  -1.233878e-06   2.399734e-06
  3.732082e+00   5.115782e-06   2.399678e-06
  3.735994e+00   3.070068e-06   2.390275e-06
  3.739906e+00   3.777619e-06   2.387340e-06
  3.743818e+00   2.602755e-06   2.453460e-06
  3.747730e+00  -1.282517e-06   2.378601e-06
  3.751642e+00   1.415306e-06   2.439949e-06
  3.755555e+00   5.939354e-06   2.418099e-06
  3.759466e+00   6.972517e-06   2.396875e-06
  3.763378e+00   3.357347e-06   2.393378e-06
  3.767290e+00   2.792619e-06   2.460084e-06
  3.771202e+00   7.823435e-06   2.365666e-06
  3.775114e+00   1.977551e-06   2.427096e-06
  3.779026e+00   1.211939e-06   2.437161e-06
  3.782938e+00   4.909116e-06   2.414721e-06
  3.786849e+00   3.399592e-06   2.361645e-06
  3.790761e+00  -1.917007e-07   2.453769e-06
  3.794673e+00   7.251939e-06   2.398846e-06
  3.798585e+00   5.932109e-06   2.440181e-06
  3.802496e+00   2.899898e-06   2.405997e-06
  3.806408e+00   2.281939e-06   2.448517e-06
  3.810320e+00   1.849660e-06   2.380680e-06
  3.814231e+00   6.522789e-06   2.430239e-06
  3.818143e+00   1.253605e-06   2.399618e-06
  3.822054e+00   5.638469e-06   2.451532e-06
  3.825966e+00   2.165680e-06   2.404964e-06
  3.829878e+00   5.569660e-06   2.433284e-06
  3.833789e+00   2.167313e-06   2.497074e-06
  3.837700e+00   2.274524e-06   2.497098e-06
  3.841612e+00   4.901088e-06   2.527788e-06
  3.845523e+00  -3.710884e-08   2.540265e-06
  3.849434e+00   4.717551e-06   2.564430e-06
  3.853345e+00   1.725306e-06   2.559764e-06
  3.857257e+00   6.063299e-06   2.611097e-06
  3.861168e+00   3.461735e-06   2.591074e-06
  3.865079e+00   4.862449e-06   2.631811e-06
  3.868991e+00   2.466020e-06   2.617105e-06
  3.872902e+00  -2.914082e-06   2.687465e-06
  3.876813e+00   4.212279e-06   2.653731e-06
  3.880724e+00   4.206463e-06   2.697436e-06
  3.884635e+00   3.060238e-06   2.677995e-06
  3.888546e+00   1.508061e-06   2.682761e-06
  3.892457e+00   6.108061e-06   2.727012e-06
  3.896368e+00   5.407245e-06   2.736487e-06
  3.900279e+00   8.228980e-06   2.734145e-06
  3.904190e+00  -6.700680e-08   2.813935e-06
  3.908101e+00   4.975578e-06   2.755459e-06
  3.912012e+00   6.968741e-06   2.751343e-06
  3.915923e+00   6.079388e-06   2.790922e-06
  3.919834e+00   1.261633e-06   2.805755e-06
  3.923744e+00   6.047517e-06   2.808686e-06
  3.927655e+00   9.022585e-06   2.821106e-06
  3.931566e+00   6.400000e-06   2.855965e-06
  3.935477e+00   7.738980e-06   2.838870e-06
  3.939387e+00   4.828469e-06   2.853077e-06
  3.943298e+00   5.058810e-06   2.811780e-06
  3.947209e+00   6.255816e-06   2.886773e-06
  3.951119e+00   6.791395e-06   2.882078e-06
  3.955030e+00   2.244558e-06   2.875058e-06
  3.958941e+00   2.869388e-06   2.859137e-06
  3.962851e+00   7.779660e-06   2.858545e-06
  3.966761e+00   7.121429e-06   2.865658e-06
  3.970672e+00   7.261769e-06   2.932399e-06
  3.974582e+00   6.009762e-06   2.908816e-06
  3.978493e+00   7.160918e-06   2.989134e-06
  3.982403e+00   5.149048e-06   2.935445e-06
  3.986314e+00  -1.653673e-06   3.015879e-06
  3.990224e+00   2.876088e-06   2.952649e-06
  3.994134e+00  -1.429830e-06   3.033641e-06
  3.998045e+00  -1.290340e-06   3.040161e-06
parent: /Users/petri/Documents/data/20131206_MAXLab_SAXS/Arne/20130612_Arne/Primus_Input/sub_001.dat
creator: datop
creator-version: v0.2 (r2481)
datop-operation: /Users/petri/Documents/data/20131206_MAXLab_SAXS/Arne/20130612_Arne/Primus_Input/sub_001.dat / 2.94
