Sample description: primus/qt temporary file
Sample: primus/qt tempo  c= 1.5 mg/ml  Code: tmp
Parent(s): /var/folders/my/9kqlz5zx61sd5jfjbtjhx37r0000gn/T/qt_temp.j38453 /var/folders/my/9kqlz5zx61sd5jfjbtjhx37r0000gn/T/qt_temp.K38453
  1.280030e-02   1.658310e+02   1.843938e+00
  1.329270e-02   1.608340e+02   1.525722e+00
  1.378500e-02   1.572710e+02   1.349065e+00
  1.427730e-02   1.523670e+02   1.102937e+00
  1.476960e-02   1.469930e+02   1.012147e+00
  1.526190e-02   1.423500e+02   8.587357e-01
  1.575430e-02   1.384440e+02   7.898665e-01
  1.624660e-02   1.333230e+02   7.175773e-01
  1.673890e-02   1.297940e+02   6.375015e-01
  1.723120e-02   1.265560e+02   6.204857e-01
  1.772350e-02   1.222950e+02   5.496598e-01
  1.821580e-02   1.181840e+02   5.181780e-01
  1.870820e-02   1.145990e+02   4.544783e-01
  1.920050e-02   1.104480e+02   4.392216e-01
  1.969280e-02   1.071640e+02   4.296985e-01
  2.018510e-02   1.036160e+02   3.754453e-01
  2.067740e-02   1.002700e+02   3.654711e-01
  2.116970e-02   9.730400e+01   3.348628e-01
  2.166210e-02   9.367900e+01   3.251284e-01
  2.215440e-02   9.099300e+01   3.219088e-01
  2.264670e-02   8.788100e+01   2.927973e-01
  2.313900e-02   8.539700e+01   2.828444e-01
  2.363130e-02   8.235100e+01   2.635993e-01
  2.412360e-02   7.925700e+01   2.647270e-01
  2.461590e-02   7.620400e+01   2.385491e-01
  2.510830e-02   7.406400e+01   2.395362e-01
  2.560060e-02   7.164500e+01   2.488666e-01
  2.609290e-02   6.946100e+01   2.252126e-01
  2.658520e-02   6.678200e+01   2.276489e-01
  2.707750e-02   6.486180e+01   2.035168e-01
  2.756980e-02   6.275700e+01   2.098170e-01
  2.806210e-02   6.055620e+01   2.019261e-01
  2.855440e-02   5.868920e+01   1.940489e-01
  2.904670e-02   5.672090e+01   1.911284e-01
  2.953900e-02   5.466070e+01   1.779800e-01
  3.003140e-02   5.292420e+01   1.813813e-01
  3.052370e-02   5.107970e+01   1.800658e-01
  3.101600e-02   4.936710e+01   1.787787e-01
  3.150830e-02   4.803230e+01   1.802081e-01
  3.200060e-02   4.637330e+01   1.698512e-01
  3.249290e-02   4.521440e+01   1.737276e-01
  3.298520e-02   4.340090e+01   1.658229e-01
  3.347750e-02   4.224690e+01   1.623980e-01
  3.396980e-02   4.114720e+01   1.694241e-01
  3.446210e-02   3.973410e+01   1.601774e-01
  3.495440e-02   3.838340e+01   1.607836e-01
  3.544670e-02   3.735540e+01   1.483261e-01
  3.593900e-02   3.588130e+01   1.498910e-01
  3.643130e-02   3.514510e+01   1.514608e-01
  3.692360e-02   3.439320e+01   1.475840e-01
  3.741590e-02   3.336070e+01   1.486140e-01
  3.790820e-02   3.262090e+01   1.413218e-01
  3.840050e-02   3.169150e+01   1.475479e-01
  3.889280e-02   3.082210e+01   1.383147e-01
  3.938510e-02   3.016240e+01   1.348776e-01
  3.987740e-02   2.956750e+01   1.388236e-01
  4.036970e-02   2.862320e+01   1.293917e-01
  4.086200e-02   2.804120e+01   1.324546e-01
  4.135430e-02   2.726350e+01   1.271370e-01
  4.184660e-02   2.638660e+01   1.243143e-01
  4.233890e-02   2.612100e+01   1.216630e-01
  4.283120e-02   2.545190e+01   1.208999e-01
  4.332350e-02   2.491220e+01   1.211255e-01
  4.381580e-02   2.429110e+01   1.146274e-01
  4.430810e-02   2.382910e+01   1.166212e-01
  4.480040e-02   2.323040e+01   1.148811e-01
  4.529270e-02   2.258580e+01   1.127528e-01
  4.578500e-02   2.213680e+01   1.109542e-01
  4.627720e-02   2.204630e+01   1.108622e-01
  4.676950e-02   2.148100e+01   1.117461e-01
  4.726180e-02   2.101500e+01   1.100409e-01
  4.775410e-02   2.070730e+01   1.052332e-01
  4.824640e-02   2.018390e+01   1.067123e-01
  4.873870e-02   1.997960e+01   1.040639e-01
  4.923100e-02   1.961330e+01   1.070189e-01
  4.972330e-02   1.905790e+01   1.020729e-01
  5.021550e-02   1.884710e+01   1.019584e-01
  5.070780e-02   1.847900e+01   1.040813e-01
  5.120010e-02   1.836790e+01   1.005458e-01
  5.169240e-02   1.809300e+01   1.018225e-01
  5.218470e-02   1.752250e+01   9.791456e-02
  5.267700e-02   1.736580e+01   1.018139e-01
  5.316920e-02   1.704130e+01   1.025244e-01
  5.366150e-02   1.669320e+01   1.001116e-01
  5.415380e-02   1.656580e+01   9.749430e-02
  5.464610e-02   1.620790e+01   9.495892e-02
  5.513830e-02   1.601850e+01   9.532985e-02
  5.563060e-02   1.579720e+01   9.546499e-02
  5.612290e-02   1.546870e+01   9.141292e-02
  5.661520e-02   1.553130e+01   9.366631e-02
  5.710740e-02   1.507120e+01   9.406292e-02
  5.759970e-02   1.489890e+01   9.195870e-02
  5.809200e-02   1.479580e+01   9.126469e-02
  5.858430e-02   1.438070e+01   8.981660e-02
  5.907650e-02   1.411390e+01   9.738388e-02
  5.956880e-02   1.398180e+01   9.151248e-02
  6.006110e-02   1.386750e+01   9.018599e-02
  6.055330e-02   1.363420e+01   8.662822e-02
  6.104560e-02   1.355270e+01   9.275380e-02
  6.153790e-02   1.348420e+01   8.868619e-02
  6.203010e-02   1.316270e+01   9.285794e-02
  6.252240e-02   1.304110e+01   8.962068e-02
  6.301470e-02   1.286220e+01   8.891935e-02
  6.350690e-02   1.270200e+01   9.104754e-02
  6.399920e-02   1.249100e+01   8.933734e-02
  6.449140e-02   1.253470e+01   9.084600e-02
  6.498370e-02   1.221660e+01   8.728594e-02
  6.547600e-02   1.196380e+01   8.725677e-02
  6.596820e-02   1.192440e+01   9.050483e-02
  6.646050e-02   1.182150e+01   8.733921e-02
  6.695270e-02   1.159180e+01   8.876976e-02
  6.744500e-02   1.162490e+01   8.709647e-02
  6.793720e-02   1.129010e+01   8.819091e-02
  6.842950e-02   1.114220e+01   8.953003e-02
  6.892170e-02   1.115740e+01   8.634707e-02
  6.941400e-02   1.104270e+01   8.842635e-02
  6.990620e-02   1.087860e+01   8.728222e-02
  7.039850e-02   1.081120e+01   8.737161e-02
  7.089070e-02   1.060450e+01   8.687447e-02
  7.138300e-02   1.048000e+01   8.589080e-02
  7.187520e-02   1.024790e+01   8.729868e-02
  7.236750e-02   1.035970e+01   8.672786e-02
  7.285970e-02   1.016060e+01   8.563595e-02
  7.335190e-02   1.006630e+01   8.611046e-02
  7.384420e-02   9.586300e+00   8.586072e-02
  7.433640e-02   9.807200e+00   8.798182e-02
  7.482870e-02   9.661400e+00   8.429063e-02
  7.532090e-02   9.556200e+00   8.658039e-02
  7.581310e-02   9.337300e+00   8.356143e-02
  7.630540e-02   9.344300e+00   8.535095e-02
  7.679760e-02   9.015700e+00   8.481100e-02
  7.728980e-02   9.016200e+00   8.416869e-02
  7.778210e-02   9.035600e+00   8.526870e-02
  7.827430e-02   8.785900e+00   8.362693e-02
  7.876650e-02   8.791800e+00   8.413111e-02
  7.925880e-02   8.437400e+00   8.203586e-02
  7.975100e-02   8.586300e+00   8.325933e-02
  8.024320e-02   8.482700e+00   8.458257e-02
  8.073540e-02   8.413900e+00   8.212483e-02
  8.122770e-02   8.294400e+00   8.326707e-02
  8.171990e-02   8.267300e+00   8.162254e-02
  8.221210e-02   8.088200e+00   8.319228e-02
  8.270430e-02   7.902200e+00   8.380496e-02
  8.319650e-02   7.746800e+00   8.065995e-02
  8.368880e-02   7.933200e+00   8.120615e-02
  8.418100e-02   7.522200e+00   8.120264e-02
  8.467320e-02   7.559900e+00   8.406213e-02
  8.516540e-02   7.524700e+00   8.281657e-02
  8.565760e-02   7.444100e+00   8.452407e-02
  8.614980e-02   7.332700e+00   8.561704e-02
  8.664200e-02   7.237700e+00   8.303073e-02
  8.713430e-02   7.165900e+00   8.472689e-02
  8.762650e-02   7.057200e+00   8.378752e-02
  8.811870e-02   7.064600e+00   8.513796e-02
  8.861090e-02   6.957300e+00   8.363776e-02
  8.910310e-02   6.907900e+00   8.347911e-02
  8.959530e-02   6.703800e+00   8.113754e-02
  9.008750e-02   6.639800e+00   8.079169e-02
  9.057970e-02   6.551000e+00   8.273486e-02
  9.107190e-02   6.626000e+00   8.073108e-02
  9.156410e-02   6.483700e+00   7.938236e-02
  9.205630e-02   6.350300e+00   8.014638e-02
  9.254850e-02   6.269600e+00   7.955400e-02
  9.304070e-02   6.352800e+00   8.028207e-02
  9.353280e-02   6.219000e+00   7.906285e-02
  9.402500e-02   6.036000e+00   7.841182e-02
  9.451720e-02   5.818300e+00   8.033711e-02
  9.500940e-02   5.988300e+00   7.738607e-02
  9.550160e-02   5.776100e+00   7.838915e-02
  9.599380e-02   5.931000e+00   7.719995e-02
  9.648600e-02   5.752600e+00   7.790354e-02
  9.697810e-02   5.734600e+00   7.882930e-02
  9.747030e-02   5.569900e+00   7.772229e-02
  9.796250e-02   5.636400e+00   7.794767e-02
  9.845470e-02   5.509300e+00   7.643000e-02
  9.894690e-02   5.341300e+00   7.779057e-02
  9.943900e-02   5.234800e+00   7.848655e-02
  9.993120e-02   5.400300e+00   7.571655e-02
  1.004230e-01   5.170200e+00   7.764010e-02
  1.009160e-01   5.050700e+00   7.593594e-02
  1.014080e-01   5.136500e+00   7.758718e-02
  1.019000e-01   4.965100e+00   7.621144e-02
  1.023920e-01   5.000900e+00   7.587420e-02
  1.028840e-01   4.880900e+00   7.608959e-02
  1.033760e-01   4.889700e+00   7.615641e-02
  1.038690e-01   4.912200e+00   7.479905e-02
  1.043610e-01   4.871200e+00   7.511781e-02
  1.048530e-01   4.668400e+00   7.457474e-02
  1.053450e-01   4.691200e+00   7.481288e-02
  1.058370e-01   4.665100e+00   7.567143e-02
  1.063290e-01   4.586900e+00   7.294238e-02
  1.068210e-01   4.560100e+00   7.384790e-02
  1.073140e-01   4.605200e+00   7.477987e-02
  1.078060e-01   4.400000e+00   7.418047e-02
  1.082980e-01   4.619100e+00   7.416149e-02
  1.087900e-01   4.294200e+00   7.357425e-02
  1.092820e-01   4.315000e+00   7.297315e-02
  1.097740e-01   4.552500e+00   7.370493e-02
  1.102660e-01   4.280400e+00   7.295434e-02
  1.107590e-01   4.367600e+00   7.379022e-02
  1.112510e-01   4.121900e+00   7.250239e-02
  1.117430e-01   4.170900e+00   7.340460e-02
  1.122350e-01   4.170100e+00   7.205008e-02
  1.127270e-01   4.125800e+00   7.145212e-02
  1.132190e-01   4.086600e+00   7.383229e-02
  1.137110e-01   3.973800e+00   7.255537e-02
  1.142040e-01   3.910500e+00   7.251852e-02
  1.146960e-01   4.017000e+00   7.141375e-02
  1.151880e-01   3.898100e+00   7.140993e-02
  1.156800e-01   3.813700e+00   7.249443e-02
  1.161720e-01   3.770700e+00   7.221020e-02
  1.166640e-01   3.801200e+00   7.085911e-02
  1.171560e-01   3.736800e+00   7.137522e-02
  1.176480e-01   3.670400e+00   6.964554e-02
  1.181410e-01   3.736700e+00   7.177272e-02
  1.186330e-01   3.788500e+00   6.933775e-02
  1.191250e-01   3.655800e+00   6.935191e-02
  1.196170e-01   3.588300e+00   7.110244e-02
  1.201090e-01   3.402400e+00   7.003080e-02
  1.206010e-01   3.410100e+00   7.096306e-02
  1.210930e-01   3.668600e+00   6.905109e-02
  1.215850e-01   3.455100e+00   7.061042e-02
  1.220770e-01   3.408600e+00   7.082395e-02
  1.225690e-01   3.351200e+00   7.001635e-02
  1.230620e-01   3.567900e+00   6.977718e-02
  1.235540e-01   3.337800e+00   6.975843e-02
  1.240460e-01   3.417100e+00   6.965173e-02
  1.245380e-01   3.436000e+00   6.964557e-02
  1.250300e-01   3.269600e+00   6.789621e-02
  1.255220e-01   3.403900e+00   6.731948e-02
  1.260140e-01   3.445900e+00   6.786640e-02
  1.265060e-01   3.322500e+00   6.856674e-02
  1.269980e-01   3.112400e+00   6.741022e-02
  1.274900e-01   3.326000e+00   6.826144e-02
  1.279820e-01   3.285000e+00   6.849155e-02
  1.284740e-01   3.414300e+00   6.845455e-02
  1.289670e-01   3.178200e+00   6.790080e-02
  1.294590e-01   3.142500e+00   6.817541e-02
  1.299510e-01   3.281400e+00   6.853084e-02
  1.304430e-01   3.172700e+00   6.685570e-02
  1.309350e-01   3.066300e+00   6.731178e-02
  1.314270e-01   2.982100e+00   6.800331e-02
  1.319190e-01   3.168000e+00   6.721810e-02
  1.324110e-01   3.193200e+00   6.786298e-02
  1.329030e-01   3.032300e+00   6.737946e-02
  1.333950e-01   3.015900e+00   6.681318e-02
  1.338870e-01   3.072400e+00   6.655967e-02
  1.343790e-01   3.068800e+00   6.849555e-02
  1.348710e-01   3.081800e+00   6.984873e-02
  1.353630e-01   3.077600e+00   6.864309e-02
  1.358550e-01   3.122900e+00   7.029511e-02
  1.363470e-01   3.031000e+00   6.955992e-02
  1.368390e-01   2.860200e+00   7.023016e-02
  1.373320e-01   3.039100e+00   7.089369e-02
  1.378240e-01   2.969900e+00   7.008120e-02
  1.383160e-01   3.122900e+00   7.133828e-02
  1.388080e-01   3.040000e+00   7.091982e-02
  1.393000e-01   2.878300e+00   7.175730e-02
  1.397920e-01   2.878900e+00   7.121178e-02
  1.402840e-01   2.900600e+00   7.159527e-02
  1.407760e-01   2.954800e+00   7.319496e-02
  1.412680e-01   2.914600e+00   7.199370e-02
  1.417600e-01   2.843900e+00   7.226552e-02
  1.422520e-01   2.719200e+00   7.202054e-02
  1.427440e-01   2.997400e+00   7.147919e-02
  1.432360e-01   2.874700e+00   7.223807e-02
  1.437280e-01   2.802200e+00   6.860370e-02
  1.442200e-01   2.889300e+00   7.040971e-02
  1.447120e-01   2.698800e+00   6.908363e-02
  1.452040e-01   2.935500e+00   6.909143e-02
  1.456960e-01   2.957100e+00   6.818337e-02
  1.461880e-01   2.752100e+00   6.770549e-02
  1.466800e-01   2.759900e+00   6.840096e-02
  1.471720e-01   2.703600e+00   6.752784e-02
  1.476640e-01   2.635700e+00   6.640126e-02
  1.481560e-01   2.821400e+00   6.641747e-02
  1.486480e-01   2.762800e+00   6.574478e-02
  1.491400e-01   2.835300e+00   6.732347e-02
  1.496320e-01   2.815000e+00   6.641633e-02
  1.501240e-01   2.760200e+00   6.568830e-02
  1.506160e-01   2.718400e+00   6.691217e-02
  1.511080e-01   2.745700e+00   6.617048e-02
  1.516000e-01   2.632600e+00   6.669534e-02
  1.520920e-01   2.743200e+00   6.522081e-02
  1.525840e-01   2.632900e+00   6.601540e-02
  1.530760e-01   2.606400e+00   6.531611e-02
  1.535680e-01   2.691800e+00   6.591856e-02
  1.540600e-01   2.784600e+00   6.603314e-02
  1.545520e-01   2.682500e+00   6.509856e-02
  1.550440e-01   2.682100e+00   6.726633e-02
  1.555360e-01   2.607700e+00   6.807891e-02
  1.560270e-01   2.813100e+00   6.792255e-02
  1.565190e-01   2.578400e+00   6.780136e-02
  1.570110e-01   2.649600e+00   6.852600e-02
  1.575030e-01   2.697900e+00   6.839352e-02
  1.579950e-01   2.727000e+00   6.784021e-02
  1.584870e-01   2.690100e+00   6.781246e-02
  1.589790e-01   2.547500e+00   6.867497e-02
  1.594710e-01   2.607400e+00   6.954029e-02
  1.599630e-01   2.578600e+00   6.795002e-02
  1.604550e-01   2.627400e+00   6.795920e-02
  1.609470e-01   2.481400e+00   6.822045e-02
  1.614390e-01   2.594300e+00   6.806622e-02
  1.619310e-01   2.650500e+00   6.931513e-02
  1.624230e-01   2.505500e+00   6.855498e-02
  1.629150e-01   2.514600e+00   6.946224e-02
  1.634070e-01   2.662700e+00   6.945770e-02
  1.638990e-01   2.501500e+00   6.886381e-02
  1.643900e-01   2.527900e+00   6.947199e-02
  1.648820e-01   2.499600e+00   6.951843e-02
  1.653740e-01   2.503800e+00   6.988594e-02
  1.658660e-01   2.555400e+00   7.062075e-02
  1.663580e-01   2.422500e+00   6.842318e-02
  1.668500e-01   2.384300e+00   6.975172e-02
  1.673420e-01   2.480600e+00   6.904390e-02
  1.678340e-01   2.392500e+00   6.983777e-02
  1.683260e-01   2.387500e+00   7.006403e-02
  1.688180e-01   2.518300e+00   6.890136e-02
  1.693090e-01   2.544800e+00   6.990137e-02
  1.698010e-01   2.444400e+00   6.916639e-02
  1.702930e-01   2.344600e+00   7.027459e-02
  1.707850e-01   2.463200e+00   6.953574e-02
  1.712770e-01   2.398300e+00   7.009145e-02
  1.717690e-01   2.448500e+00   7.016271e-02
  1.722610e-01   2.301300e+00   6.892478e-02
  1.727530e-01   2.395400e+00   6.935680e-02
  1.732450e-01   2.383100e+00   6.929999e-02
  1.737360e-01   2.367700e+00   6.913488e-02
  1.742280e-01   2.447100e+00   6.995879e-02
  1.747200e-01   2.408700e+00   6.855399e-02
  1.752120e-01   2.348700e+00   7.005771e-02
  1.757040e-01   2.447100e+00   6.795525e-02
  1.761960e-01   2.368000e+00   6.978030e-02
  1.766880e-01   2.384200e+00   6.952367e-02
  1.771790e-01   2.374600e+00   6.792010e-02
  1.776710e-01   2.306800e+00   6.847693e-02
  1.781630e-01   2.247000e+00   6.784847e-02
  1.786550e-01   2.264100e+00   6.881225e-02
  1.791470e-01   2.347500e+00   6.732494e-02
  1.796390e-01   2.334200e+00   6.809004e-02
  1.801310e-01   2.321500e+00   6.879800e-02
  1.806220e-01   2.423300e+00   6.920291e-02
  1.811140e-01   2.251100e+00   6.840131e-02
  1.816060e-01   2.220500e+00   6.759034e-02
  1.820980e-01   2.331900e+00   6.824146e-02
  1.825900e-01   2.241100e+00   6.849325e-02
  1.830810e-01   2.146400e+00   6.864674e-02
  1.835730e-01   2.475300e+00   6.857320e-02
  1.840650e-01   2.357300e+00   6.757026e-02
  1.845570e-01   2.283100e+00   6.852503e-02
  1.850490e-01   2.303900e+00   6.818150e-02
  1.855410e-01   2.181600e+00   6.770988e-02
  1.860320e-01   2.298300e+00   6.817981e-02
  1.865240e-01   2.235300e+00   6.772194e-02
  1.870160e-01   2.199100e+00   6.843432e-02
  1.875080e-01   2.268600e+00   6.753632e-02
  1.880000e-01   2.245400e+00   6.768495e-02
  1.884910e-01   2.299100e+00   6.792624e-02
  1.889830e-01   2.185800e+00   6.797799e-02
  1.894750e-01   2.274600e+00   6.779937e-02
  1.899670e-01   2.284700e+00   6.792996e-02
  1.904580e-01   2.197200e+00   6.729713e-02
  1.909500e-01   2.143200e+00   6.607846e-02
  1.914420e-01   2.227600e+00   6.623335e-02
  1.919340e-01   2.199400e+00   6.676997e-02
  1.924260e-01   2.171200e+00   6.718961e-02
  1.929170e-01   2.104700e+00   6.722841e-02
  1.934090e-01   2.112200e+00   6.735800e-02
  1.939010e-01   2.150800e+00   6.607836e-02
  1.943930e-01   2.182400e+00   6.730592e-02
  1.948840e-01   2.164900e+00   6.662114e-02
  1.953760e-01   2.170000e+00   6.730906e-02
  1.958680e-01   2.048600e+00   6.663346e-02
  1.963600e-01   2.042900e+00   6.646707e-02
  1.968510e-01   2.073600e+00   6.724559e-02
  1.973430e-01   2.081800e+00   6.592691e-02
  1.978350e-01   2.112500e+00   6.672182e-02
  1.983270e-01   2.066400e+00   6.661471e-02
  1.988180e-01   2.127700e+00   6.698405e-02
  1.993100e-01   2.120100e+00   6.732302e-02
  1.998020e-01   2.068700e+00   6.595474e-02
  2.002930e-01   2.078800e+00   6.686706e-02
  2.007850e-01   2.200500e+00   6.601312e-02
  2.012770e-01   2.029600e+00   6.710504e-02
  2.017690e-01   2.117100e+00   6.652738e-02
  2.022600e-01   2.181900e+00   6.662387e-02
  2.027520e-01   2.078000e+00   6.661933e-02
  2.032440e-01   2.074200e+00   6.682872e-02
  2.037350e-01   2.103600e+00   6.625116e-02
  2.042270e-01   1.936100e+00   6.726820e-02
  2.047190e-01   2.120100e+00   6.854507e-02
  2.052110e-01   1.925100e+00   6.991851e-02
  2.057020e-01   1.974400e+00   6.829786e-02
  2.061940e-01   2.068200e+00   6.907284e-02
  2.066860e-01   2.165400e+00   6.724604e-02
  2.071770e-01   2.027300e+00   6.846685e-02
  2.076690e-01   2.034200e+00   6.568762e-02
  2.081610e-01   1.981400e+00   6.857829e-02
  2.086520e-01   2.040600e+00   6.636629e-02
  2.091440e-01   1.979800e+00   6.657102e-02
  2.096360e-01   1.992600e+00   6.911151e-02
  2.101270e-01   1.977000e+00   6.447869e-02
  2.106190e-01   2.201400e+00   6.480997e-02
  2.111110e-01   1.958300e+00   6.507600e-02
  2.116020e-01   2.060300e+00   6.504148e-02
  2.120940e-01   1.937900e+00   6.521427e-02
  2.125860e-01   1.949300e+00   6.357387e-02
  2.130770e-01   1.997200e+00   6.464064e-02
  2.135690e-01   1.981400e+00   6.449255e-02
  2.140600e-01   2.027500e+00   6.494920e-02
  2.145520e-01   1.864900e+00   6.435788e-02
  2.150440e-01   2.045300e+00   6.399619e-02
  2.155350e-01   1.957500e+00   6.483687e-02
  2.160270e-01   1.988000e+00   6.441542e-02
  2.165190e-01   1.892600e+00   6.473012e-02
  2.170100e-01   2.187600e+00   6.489350e-02
  2.175020e-01   2.036900e+00   6.484639e-02
  2.179930e-01   1.925300e+00   6.502155e-02
  2.184850e-01   2.000700e+00   6.361113e-02
  2.189770e-01   1.870100e+00   6.423799e-02
  2.194680e-01   1.896600e+00   6.415484e-02
  2.199600e-01   2.045200e+00   6.434145e-02
  2.204510e-01   1.943800e+00   6.529377e-02
  2.209430e-01   2.005300e+00   6.346132e-02
  2.214350e-01   1.870400e+00   6.395915e-02
  2.219260e-01   2.067100e+00   6.421589e-02
  2.224180e-01   1.898000e+00   6.415774e-02
  2.229090e-01   2.036000e+00   6.438631e-02
  2.234010e-01   1.935800e+00   6.356307e-02
  2.238930e-01   1.904600e+00   6.441870e-02
  2.243840e-01   1.990900e+00   6.387700e-02
  2.248760e-01   1.926700e+00   6.389246e-02
  2.253670e-01   1.953300e+00   6.424169e-02
  2.258590e-01   1.923700e+00   6.377624e-02
  2.263500e-01   1.923300e+00   6.421186e-02
  2.268420e-01   1.857800e+00   6.410766e-02
  2.273340e-01   1.865100e+00   6.380225e-02
  2.278250e-01   1.991900e+00   6.357889e-02
  2.283170e-01   1.914400e+00   6.330182e-02
  2.288080e-01   1.879400e+00   6.362542e-02
  2.293000e-01   1.913000e+00   6.305584e-02
  2.297910e-01   1.975600e+00   6.438547e-02
  2.302830e-01   1.907200e+00   6.297485e-02
  2.307740e-01   1.971300e+00   6.312502e-02
  2.312660e-01   1.881700e+00   6.304263e-02
  2.317570e-01   2.029200e+00   6.325966e-02
  2.322490e-01   1.858600e+00   6.344586e-02
  2.327400e-01   1.880900e+00   6.348285e-02
  2.332320e-01   1.873700e+00   6.269085e-02
  2.337230e-01   1.872000e+00   6.319490e-02
  2.342150e-01   1.881900e+00   6.358860e-02
  2.347060e-01   1.908600e+00   6.368447e-02
  2.351980e-01   1.885900e+00   6.258246e-02
  2.356890e-01   1.854700e+00   6.336457e-02
  2.361810e-01   1.972300e+00   6.267503e-02
  2.366720e-01   1.916900e+00   6.299260e-02
  2.371640e-01   1.926100e+00   6.188818e-02
  2.376550e-01   1.893200e+00   6.157467e-02
  2.381470e-01   1.848000e+00   6.195999e-02
  2.386380e-01   1.876200e+00   6.321559e-02
  2.391300e-01   1.770900e+00   6.586360e-02
  2.396210e-01   1.887600e+00   6.424871e-02
  2.401130e-01   1.923100e+00   6.565635e-02
  2.406040e-01   1.922700e+00   6.704076e-02
  2.410960e-01   1.822600e+00   6.691838e-02
  2.415870e-01   1.932800e+00   6.732897e-02
  2.420780e-01   1.808900e+00   6.698342e-02
  2.425700e-01   1.887800e+00   6.754465e-02
  2.430610e-01   1.892600e+00   6.868200e-02
  2.435530e-01   1.707300e+00   6.721169e-02
  2.440440e-01   1.775100e+00   6.954187e-02
  2.445360e-01   1.863700e+00   6.844903e-02
  2.450270e-01   1.839700e+00   6.969688e-02
  2.455180e-01   1.896800e+00   6.969022e-02
  2.460100e-01   1.813000e+00   6.951992e-02
  2.465010e-01   1.832400e+00   7.147492e-02
  2.469930e-01   1.803200e+00   7.089060e-02
  2.474840e-01   1.769800e+00   6.960457e-02
  2.479750e-01   1.834600e+00   6.687095e-02
  2.484670e-01   1.802400e+00   6.731567e-02
  2.489580e-01   1.817800e+00   6.715695e-02
  2.494500e-01   1.903600e+00   6.650685e-02
  2.499410e-01   1.773200e+00   6.678471e-02
  2.504320e-01   1.652200e+00   6.639759e-02
  2.509240e-01   1.902700e+00   6.600463e-02
  2.514150e-01   1.829500e+00   6.578276e-02
  2.519070e-01   1.931400e+00   6.516470e-02
  2.523980e-01   1.873300e+00   6.577199e-02
  2.528890e-01   1.789100e+00   6.561698e-02
  2.533810e-01   1.720900e+00   6.620528e-02
  2.538720e-01   1.793500e+00   6.467464e-02
  2.543630e-01   1.812800e+00   6.484019e-02
  2.548550e-01   1.824900e+00   6.477501e-02
  2.553460e-01   1.782100e+00   6.415262e-02
  2.558370e-01   1.810000e+00   6.478721e-02
  2.563290e-01   1.747200e+00   6.344016e-02
  2.568200e-01   1.841500e+00   6.464141e-02
  2.573110e-01   1.858500e+00   6.408317e-02
  2.578030e-01   1.685200e+00   6.459511e-02
  2.582940e-01   1.881500e+00   6.322509e-02
  2.587850e-01   1.748100e+00   6.414332e-02
  2.592770e-01   1.764300e+00   6.381879e-02
  2.597680e-01   1.713700e+00   6.374839e-02
  2.602590e-01   1.722800e+00   6.332340e-02
  2.607510e-01   1.745300e+00   6.327405e-02
  2.612420e-01   1.755700e+00   6.311823e-02
  2.617330e-01   1.718900e+00   6.416436e-02
  2.622250e-01   1.913100e+00   6.281668e-02
  2.627160e-01   1.760800e+00   6.422720e-02
  2.632070e-01   1.905400e+00   6.327043e-02
  2.636980e-01   1.769200e+00   6.287846e-02
  2.641900e-01   1.762400e+00   6.408679e-02
  2.646810e-01   1.753200e+00   6.239707e-02
  2.651720e-01   1.777900e+00   6.350956e-02
  2.656640e-01   1.681100e+00   6.278462e-02
  2.661550e-01   1.857400e+00   6.366417e-02
  2.666460e-01   1.793000e+00   6.334827e-02
  2.671370e-01   1.739500e+00   6.200308e-02
  2.676290e-01   1.759800e+00   6.196866e-02
  2.681200e-01   1.808900e+00   6.095176e-02
  2.686110e-01   1.751200e+00   6.180187e-02
  2.691020e-01   1.834900e+00   6.255859e-02
  2.695940e-01   1.779800e+00   6.202407e-02
  2.700850e-01   1.737500e+00   6.289663e-02
  2.705760e-01   1.647200e+00   6.213595e-02
  2.710670e-01   1.763300e+00   6.176468e-02
  2.715580e-01   1.849800e+00   6.206060e-02
  2.720500e-01   1.696300e+00   6.148130e-02
  2.725410e-01   1.717400e+00   6.271043e-02
  2.730320e-01   1.769800e+00   6.138589e-02
  2.735230e-01   1.813800e+00   6.218467e-02
  2.740140e-01   1.758000e+00   6.194365e-02
  2.745060e-01   1.819600e+00   6.207311e-02
  2.749970e-01   1.874300e+00   6.244678e-02
  2.754880e-01   1.613900e+00   6.107058e-02
  2.759790e-01   1.684800e+00   6.226972e-02
  2.764700e-01   1.699200e+00   6.153287e-02
  2.769620e-01   1.751200e+00   6.163893e-02
  2.774530e-01   1.737000e+00   6.180875e-02
  2.779440e-01   1.723900e+00   6.141911e-02
  2.784350e-01   1.755200e+00   6.170630e-02
  2.789260e-01   1.735800e+00   6.178630e-02
  2.794170e-01   1.564000e+00   6.099168e-02
  2.799090e-01   1.769300e+00   6.086095e-02
  2.804000e-01   1.802200e+00   6.182336e-02
  2.808910e-01   1.700500e+00   6.137770e-02
  2.813820e-01   1.662400e+00   6.131839e-02
  2.818730e-01   1.735200e+00   6.137913e-02
  2.823640e-01   1.727500e+00   6.141534e-02
  2.828550e-01   1.754300e+00   6.101548e-02
  2.833470e-01   1.685000e+00   6.080007e-02
  2.838380e-01   1.633000e+00   6.076218e-02
  2.843290e-01   1.647700e+00   6.397853e-02
  2.848200e-01   1.691500e+00   6.174473e-02
  2.853110e-01   1.662000e+00   6.149457e-02
  2.858020e-01   1.638700e+00   6.218379e-02
  2.862930e-01   1.689100e+00   6.207328e-02
  2.867840e-01   1.538200e+00   6.405817e-02
  2.872750e-01   1.639400e+00   6.155188e-02
  2.877660e-01   1.797600e+00   6.189203e-02
  2.882580e-01   1.619600e+00   6.110440e-02
  2.887490e-01   1.581200e+00   6.230561e-02
  2.892400e-01   1.685100e+00   6.120176e-02
  2.897310e-01   1.709100e+00   6.220459e-02
  2.902220e-01   1.663400e+00   6.169807e-02
  2.907130e-01   1.783300e+00   6.094563e-02
  2.912040e-01   1.629100e+00   5.980318e-02
  2.916950e-01   1.650400e+00   5.919853e-02
  2.921860e-01   1.705600e+00   5.936428e-02
  2.926770e-01   1.781600e+00   5.990246e-02
  2.931680e-01   1.589400e+00   5.955654e-02
  2.936590e-01   1.582000e+00   5.836849e-02
  2.941500e-01   1.748100e+00   5.979980e-02
  2.946410e-01   1.748100e+00   5.930263e-02
  2.951320e-01   1.666000e+00   5.865787e-02
  2.956230e-01   1.581400e+00   5.735244e-02
  2.961140e-01   1.624000e+00   5.867944e-02
  2.966050e-01   1.765700e+00   5.899883e-02
  2.970960e-01   1.728700e+00   5.827762e-02
  2.975870e-01   1.674200e+00   5.765214e-02
  2.980780e-01   1.695800e+00   5.692174e-02
  2.985690e-01   1.635600e+00   5.816213e-02
  2.990600e-01   1.743900e+00   5.862745e-02
  2.995510e-01   1.691100e+00   5.883470e-02
  3.000420e-01   1.674100e+00   5.772594e-02
  3.005330e-01   1.682000e+00   5.854686e-02
  3.010240e-01   1.630600e+00   5.838629e-02
  3.015150e-01   1.734700e+00   5.820164e-02
  3.020060e-01   1.533700e+00   5.870385e-02
  3.024970e-01   1.634800e+00   5.804168e-02
  3.029880e-01   1.771800e+00   5.836366e-02
  3.034790e-01   1.498300e+00   5.816058e-02
  3.039700e-01   1.615100e+00   5.835715e-02
  3.044610e-01   1.598000e+00   5.833688e-02
  3.049520e-01   1.614300e+00   5.822452e-02
  3.054430e-01   1.700700e+00   5.844386e-02
  3.059340e-01   1.620200e+00   5.799270e-02
  3.064240e-01   1.654200e+00   5.815331e-02
  3.069150e-01   1.659700e+00   5.860117e-02
  3.074060e-01   1.685300e+00   5.788584e-02
  3.078970e-01   1.564900e+00   5.816650e-02
  3.083880e-01   1.627600e+00   5.810384e-02
  3.088790e-01   1.604200e+00   5.801125e-02
  3.093700e-01   1.598200e+00   5.811208e-02
  3.098610e-01   1.682200e+00   5.802086e-02
  3.103520e-01   1.598000e+00   5.783414e-02
  3.108430e-01   1.591600e+00   5.760051e-02
  3.113330e-01   1.549200e+00   5.776815e-02
  3.118240e-01   1.646400e+00   5.806689e-02
  3.123150e-01   1.562200e+00   5.743880e-02
  3.128060e-01   1.595700e+00   5.761848e-02
  3.132970e-01   1.636500e+00   5.760638e-02
  3.137880e-01   1.582000e+00   5.766347e-02
  3.142790e-01   1.675300e+00   5.783871e-02
  3.147690e-01   1.684000e+00   5.733318e-02
  3.152600e-01   1.551100e+00   5.783947e-02
  3.157510e-01   1.568200e+00   5.696065e-02
  3.162420e-01   1.665600e+00   5.767041e-02
  3.167330e-01   1.681000e+00   5.716086e-02
  3.172240e-01   1.587500e+00   5.807914e-02
  3.177140e-01   1.584000e+00   5.775460e-02
  3.182050e-01   1.567600e+00   5.695777e-02
  3.186960e-01   1.599100e+00   5.708782e-02
  3.191870e-01   1.601000e+00   5.747958e-02
  3.196780e-01   1.562600e+00   5.747057e-02
  3.201680e-01   1.679200e+00   5.747275e-02
  3.206590e-01   1.573400e+00   5.697112e-02
  3.211500e-01   1.586200e+00   5.745030e-02
  3.216410e-01   1.571500e+00   5.647558e-02
  3.221310e-01   1.539100e+00   5.909171e-02
  3.226220e-01   1.695200e+00   5.913864e-02
  3.231130e-01   1.733000e+00   5.921567e-02
  3.236040e-01   1.696000e+00   5.983108e-02
  3.240950e-01   1.687200e+00   5.965611e-02
  3.245850e-01   1.590600e+00   5.979378e-02
  3.250760e-01   1.651600e+00   6.047757e-02
  3.255670e-01   1.539000e+00   6.110786e-02
  3.260580e-01   1.585700e+00   6.150035e-02
  3.265480e-01   1.559900e+00   6.150057e-02
  3.270390e-01   1.502600e+00   6.082266e-02
  3.275300e-01   1.688900e+00   6.130963e-02
  3.280200e-01   1.630000e+00   6.116505e-02
  3.285110e-01   1.765400e+00   6.252844e-02
  3.290020e-01   1.608700e+00   6.184111e-02
  3.294930e-01   1.645100e+00   6.214576e-02
  3.299830e-01   1.535800e+00   6.180081e-02
  3.304740e-01   1.593200e+00   6.224142e-02
  3.309650e-01   1.617900e+00   6.195851e-02
  3.314550e-01   1.574000e+00   6.219515e-02
  3.319460e-01   1.543500e+00   6.263461e-02
  3.324370e-01   1.631900e+00   6.227382e-02
  3.329270e-01   1.500700e+00   6.183104e-02
  3.334180e-01   1.596900e+00   6.249486e-02
  3.339090e-01   1.581700e+00   6.303496e-02
  3.343990e-01   1.582500e+00   6.221831e-02
  3.348900e-01   1.688700e+00   6.341457e-02
  3.353810e-01   1.628500e+00   6.166643e-02
  3.358710e-01   1.582400e+00   6.281861e-02
  3.363620e-01   1.601700e+00   6.318609e-02
  3.368520e-01   1.604800e+00   6.293513e-02
  3.373430e-01   1.743200e+00   6.264966e-02
  3.378340e-01   1.621100e+00   6.327470e-02
  3.383240e-01   1.531800e+00   6.330343e-02
  3.388150e-01   1.575300e+00   6.316951e-02
  3.393050e-01   1.598700e+00   6.278355e-02
  3.397960e-01   1.567800e+00   6.315768e-02
  3.402870e-01   1.595300e+00   6.324717e-02
  3.407770e-01   1.703800e+00   6.294448e-02
  3.412680e-01   1.552300e+00   6.366850e-02
  3.417580e-01   1.612800e+00   6.347083e-02
  3.422490e-01   1.590900e+00   6.323563e-02
  3.427400e-01   1.587400e+00   6.587006e-02
  3.432300e-01   1.642800e+00   6.640116e-02
  3.437210e-01   1.631300e+00   6.781197e-02
  3.442110e-01   1.735500e+00   6.871450e-02
  3.447020e-01   1.569400e+00   6.882309e-02
  3.451920e-01   1.503200e+00   6.995888e-02
  3.456830e-01   1.570100e+00   6.949656e-02
  3.461730e-01   1.471800e+00   7.121726e-02
  3.466640e-01   1.458300e+00   7.141373e-02
  3.471540e-01   1.533300e+00   7.225334e-02
  3.476450e-01   1.841600e+00   7.192443e-02
  3.481350e-01   1.606300e+00   7.264591e-02
  3.486260e-01   1.665800e+00   7.408485e-02
  3.491160e-01   1.588000e+00   7.437505e-02
  3.496070e-01   1.604700e+00   7.449631e-02
  3.500970e-01   1.592100e+00   7.459615e-02
  3.505880e-01   1.621000e+00   7.574438e-02
  3.510780e-01   1.559400e+00   7.577085e-02
  3.515690e-01   1.575600e+00   7.201976e-02
  3.520590e-01   1.570900e+00   7.102781e-02
  3.525500e-01   1.634000e+00   7.007273e-02
  3.530400e-01   1.752400e+00   7.055906e-02
  3.535310e-01   1.685800e+00   7.001478e-02
  3.540210e-01   1.535000e+00   6.943558e-02
  3.545120e-01   1.661500e+00   6.883080e-02
  3.550020e-01   1.615400e+00   6.878953e-02
  3.554930e-01   1.628700e+00   6.943718e-02
  3.559830e-01   1.597500e+00   6.815865e-02
  3.564730e-01   1.656000e+00   6.908350e-02
  3.569640e-01   1.684800e+00   6.798494e-02
  3.574540e-01   1.570800e+00   6.868288e-02
  3.579450e-01   1.677400e+00   6.823220e-02
  3.584350e-01   1.656800e+00   6.801217e-02
  3.589250e-01   1.753900e+00   6.890567e-02
  3.594160e-01   1.552100e+00   6.858529e-02
  3.599060e-01   1.603100e+00   6.775435e-02
  3.603970e-01   1.582200e+00   6.825484e-02
  3.608870e-01   1.608600e+00   6.765687e-02
  3.613770e-01   1.577300e+00   6.822552e-02
  3.618680e-01   1.526100e+00   6.872744e-02
  3.623580e-01   1.562900e+00   6.788184e-02
  3.628480e-01   1.530900e+00   6.813805e-02
  3.633390e-01   1.537100e+00   6.756704e-02
  3.638290e-01   1.577800e+00   6.864837e-02
  3.643190e-01   1.517900e+00   6.734382e-02
  3.648100e-01   1.561600e+00   6.837024e-02
  3.653000e-01   1.450400e+00   6.784666e-02
  3.657900e-01   1.602600e+00   6.808167e-02
  3.662810e-01   1.666900e+00   6.876309e-02
  3.667710e-01   1.613200e+00   6.797193e-02
  3.672610e-01   1.571200e+00   6.765734e-02
  3.677520e-01   1.645400e+00   6.776242e-02
  3.682420e-01   1.529000e+00   6.756559e-02
  3.687320e-01   1.621400e+00   6.743532e-02
  3.692230e-01   1.555900e+00   6.825451e-02
  3.697130e-01   1.573600e+00   6.837371e-02
  3.702030e-01   1.520900e+00   6.745320e-02
  3.706930e-01   1.508100e+00   6.733791e-02
  3.711840e-01   1.550200e+00   6.755777e-02
  3.716740e-01   1.563400e+00   6.768274e-02
  3.721640e-01   1.641600e+00   6.785116e-02
  3.726540e-01   1.595600e+00   6.678257e-02
  3.731450e-01   1.539400e+00   6.787660e-02
  3.736350e-01   1.605800e+00   6.778961e-02
  3.741250e-01   1.621400e+00   6.770105e-02
  3.746150e-01   1.431900e+00   6.790141e-02
  3.751060e-01   1.568700e+00   6.743749e-02
  3.755960e-01   1.481900e+00   7.131152e-02
  3.760860e-01   1.686100e+00   7.084297e-02
  3.765760e-01   1.600400e+00   7.099940e-02
  3.770660e-01   1.741000e+00   7.151648e-02
  3.775570e-01   1.574400e+00   7.158683e-02
  3.780470e-01   1.619500e+00   7.188626e-02
  3.785370e-01   1.590400e+00   7.233348e-02
  3.790270e-01   1.551400e+00   6.987263e-02
  3.795170e-01   1.663300e+00   7.039253e-02
  3.800070e-01   1.646600e+00   7.074810e-02
  3.804980e-01   1.601200e+00   7.060805e-02
  3.809880e-01   1.638500e+00   7.201543e-02
  3.814780e-01   1.528600e+00   6.976849e-02
  3.819680e-01   1.555500e+00   6.992963e-02
  3.824580e-01   1.651900e+00   7.053829e-02
  3.829480e-01   1.475600e+00   6.998449e-02
  3.834380e-01   1.602900e+00   6.643575e-02
  3.839290e-01   1.552600e+00   6.647050e-02
  3.844190e-01   1.655400e+00   6.586500e-02
  3.849090e-01   1.435500e+00   6.636711e-02
  3.853990e-01   1.521700e+00   6.646475e-02
  3.858890e-01   1.567200e+00   6.634883e-02
  3.863790e-01   1.481100e+00   6.637862e-02
  3.868690e-01   1.565200e+00   6.629446e-02
  3.873590e-01   1.544900e+00   6.633488e-02
  3.878490e-01   1.567800e+00   6.545822e-02
  3.883390e-01   1.551500e+00   6.620491e-02
  3.888290e-01   1.552800e+00   6.622318e-02
  3.893200e-01   1.621700e+00   6.632936e-02
  3.898100e-01   1.406700e+00   6.628918e-02
  3.903000e-01   1.484200e+00   6.649125e-02
  3.907900e-01   1.591200e+00   6.635704e-02
  3.912800e-01   1.551800e+00   6.590521e-02
  3.917700e-01   1.486300e+00   6.627918e-02
  3.922600e-01   1.525900e+00   6.689240e-02
  3.927500e-01   1.489900e+00   6.546098e-02
  3.932400e-01   1.487200e+00   6.693575e-02
  3.937300e-01   1.517600e+00   6.583150e-02
  3.942200e-01   1.532000e+00   6.639521e-02
  3.947100e-01   1.569900e+00   6.646192e-02
  3.952000e-01   1.476100e+00   6.593807e-02
  3.956900e-01   1.524300e+00   6.625287e-02
  3.961800e-01   1.530900e+00   6.603632e-02
  3.966700e-01   1.507700e+00   6.647336e-02
  3.971600e-01   1.597700e+00   6.620167e-02
  3.976500e-01   1.570200e+00   6.567300e-02
  3.981400e-01   1.566700e+00   6.668786e-02
  3.986300e-01   1.435000e+00   6.549036e-02
  3.991200e-01   1.604900e+00   6.449171e-02
  3.996090e-01   1.588400e+00   6.386482e-02
  4.000990e-01   1.572300e+00   6.539725e-02
  4.005890e-01   1.662200e+00   6.568148e-02
  4.010790e-01   1.605800e+00   6.499235e-02
  4.015690e-01   1.584800e+00   6.612844e-02
  4.020590e-01   1.501600e+00   6.461212e-02
  4.025490e-01   1.490100e+00   6.560278e-02
  4.030390e-01   1.438200e+00   6.492919e-02
  4.035290e-01   1.629400e+00   6.495977e-02
  4.040190e-01   1.576900e+00   6.545407e-02
  4.045090e-01   1.505800e+00   6.555173e-02
  4.049980e-01   1.580700e+00   6.546600e-02
  4.054880e-01   1.660900e+00   6.532594e-02
  4.059780e-01   1.582800e+00   6.519741e-02
  4.064680e-01   1.587300e+00   6.600685e-02
  4.069580e-01   1.490400e+00   6.509694e-02
  4.074480e-01   1.544600e+00   6.547855e-02
  4.079370e-01   1.473400e+00   6.523639e-02
  4.084270e-01   1.609500e+00   6.534078e-02
  4.089170e-01   1.601900e+00   6.615513e-02
  4.094070e-01   1.651800e+00   6.522495e-02
  4.098970e-01   1.558400e+00   6.589293e-02
  4.103870e-01   1.508100e+00   6.521371e-02
  4.108760e-01   1.470200e+00   6.597585e-02
  4.113660e-01   1.444600e+00   6.557290e-02
  4.118560e-01   1.579900e+00   6.461760e-02
  4.123460e-01   1.643000e+00   6.556443e-02
  4.128360e-01   1.600800e+00   6.521995e-02
  4.133250e-01   1.544800e+00   6.612308e-02
  4.138150e-01   1.557100e+00   6.581441e-02
  4.143050e-01   1.542400e+00   6.543180e-02
  4.147950e-01   1.575200e+00   6.548021e-02
  4.152840e-01   1.425700e+00   6.580244e-02
  4.157740e-01   1.633700e+00   6.582388e-02
  4.162640e-01   1.551500e+00   6.524069e-02
  4.167540e-01   1.548900e+00   6.579126e-02
  4.172430e-01   1.608400e+00   6.597869e-02
  4.177330e-01   1.633100e+00   6.589385e-02
  4.182230e-01   1.597400e+00   6.537262e-02
  4.187120e-01   1.526000e+00   6.612539e-02
  4.192020e-01   1.434700e+00   6.556188e-02
  4.196920e-01   1.540100e+00   6.599251e-02
  4.201810e-01   1.567200e+00   6.591801e-02
  4.206710e-01   1.567500e+00   6.567554e-02
  4.211610e-01   1.519000e+00   6.544012e-02
  4.216500e-01   1.585000e+00   6.590186e-02
  4.221400e-01   1.577000e+00   6.563187e-02
  4.226300e-01   1.571800e+00   6.605906e-02
  4.231190e-01   1.719000e+00   6.580466e-02
  4.236090e-01   1.519000e+00   6.589045e-02
  4.240990e-01   1.570900e+00   6.618514e-02
  4.245880e-01   1.585800e+00   6.502706e-02
  4.250780e-01   1.660600e+00   6.588267e-02
  4.255680e-01   1.629300e+00   6.620994e-02
  4.260570e-01   1.520700e+00   6.594206e-02
  4.265470e-01   1.513400e+00   6.605914e-02
  4.270360e-01   1.561300e+00   6.519719e-02
  4.275260e-01   1.437000e+00   6.585808e-02
  4.280160e-01   1.658600e+00   6.527164e-02
  4.285050e-01   1.617800e+00   6.633266e-02
  4.289950e-01   1.589600e+00   6.683686e-02
  4.294840e-01   1.445000e+00   6.561478e-02
  4.299740e-01   1.640700e+00   6.594408e-02
  4.304630e-01   1.551300e+00   6.570483e-02
  4.309530e-01   1.517400e+00   6.597156e-02
  4.314430e-01   1.618500e+00   6.585857e-02
  4.319320e-01   1.465500e+00   6.621035e-02
  4.324220e-01   1.568600e+00   6.686506e-02
  4.329110e-01   1.469000e+00   6.501110e-02
  4.334010e-01   1.550200e+00   6.555568e-02
  4.338900e-01   1.555200e+00   6.590404e-02
  4.343800e-01   1.550400e+00   6.620211e-02
  4.348690e-01   1.588800e+00   6.610591e-02
  4.353590e-01   1.559300e+00   6.534975e-02
  4.358480e-01   1.478500e+00   6.985091e-02
  4.363380e-01   1.580500e+00   6.975223e-02
  4.368270e-01   1.585000e+00   7.144660e-02
  4.373170e-01   1.582900e+00   7.280181e-02
  4.378060e-01   1.575300e+00   7.434364e-02
  4.382950e-01   1.642700e+00   7.836092e-02
  4.387850e-01   1.523800e+00   7.729428e-02
  4.392740e-01   1.385300e+00   8.201568e-02
  4.397640e-01   1.454600e+00   8.501804e-02
  4.402530e-01   1.291100e+00   9.487578e-02
  4.407430e-01   1.489200e+00   1.144882e-01
  4.412320e-01   1.691800e+00   1.330549e-01
