CYCLE:   26  Chi^2:48.761  GENER.:1000  ENSEMBLES: 50  CURVES:  6
  1.257242e-02   3.618900e+01   9.394081e-02   3.484104e+01
  1.304294e-02   3.578041e+01   8.931386e-02   3.450273e+01
  1.351346e-02   3.565789e+01   8.532528e-02   3.416442e+01
  1.398397e-02   3.531163e+01   8.168458e-02   3.382612e+01
  1.445449e-02   3.488568e+01   7.834690e-02   3.348781e+01
  1.492501e-02   3.449562e+01   7.533636e-02   3.314950e+01
  1.539553e-02   3.424538e+01   7.248460e-02   3.281119e+01
  1.586605e-02   3.387332e+01   6.983705e-02   3.247288e+01
  1.633656e-02   3.346000e+01   6.757285e-02   3.213457e+01
  1.680708e-02   3.300324e+01   6.544741e-02   3.179626e+01
  1.727760e-02   3.269470e+01   6.345339e-02   3.145795e+01
  1.774812e-02   3.224766e+01   6.153884e-02   3.111964e+01
  1.821864e-02   3.182493e+01   5.988796e-02   3.078133e+01
  1.868915e-02   3.145272e+01   5.834237e-02   3.044303e+01
  1.915967e-02   3.099537e+01   5.684951e-02   3.010472e+01
  1.963019e-02   3.053651e+01   5.535933e-02   2.976641e+01
  2.010071e-02   3.005979e+01   5.404648e-02   2.941149e+01
  2.057122e-02   2.965099e+01   5.287324e-02   2.899558e+01
  2.104174e-02   2.926090e+01   5.177771e-02   2.857965e+01
  2.151226e-02   2.870801e+01   5.054185e-02   2.816373e+01
  2.198278e-02   2.823290e+01   4.949778e-02   2.774781e+01
  2.245330e-02   2.781066e+01   4.852289e-02   2.733189e+01
  2.292381e-02   2.733507e+01   4.759665e-02   2.691597e+01
  2.339433e-02   2.694651e+01   4.662887e-02   2.650005e+01
  2.386485e-02   2.648412e+01   4.572616e-02   2.608413e+01
  2.433537e-02   2.604874e+01   4.488371e-02   2.566821e+01
  2.480588e-02   2.555919e+01   4.406315e-02   2.525229e+01
  2.527640e-02   2.512912e+01   4.325439e-02   2.483637e+01
  2.574692e-02   2.465035e+01   4.247872e-02   2.442045e+01
  2.621744e-02   2.416630e+01   4.177117e-02   2.400452e+01
  2.668796e-02   2.375139e+01   4.109725e-02   2.358860e+01
  2.715847e-02   2.328879e+01   4.039733e-02   2.317269e+01
  2.762899e-02   2.285019e+01   3.972987e-02   2.275677e+01
  2.809951e-02   2.240195e+01   3.912652e-02   2.234084e+01
  2.857003e-02   2.196374e+01   3.856166e-02   2.192492e+01
  2.904054e-02   2.155565e+01   3.799542e-02   2.150901e+01
  2.951106e-02   2.119076e+01   3.741074e-02   2.109309e+01
  2.998158e-02   2.077195e+01   3.688145e-02   2.067716e+01
  3.045210e-02   2.031187e+01   3.635188e-02   2.030813e+01
  3.092262e-02   1.990451e+01   3.585394e-02   1.994100e+01
  3.139313e-02   1.947076e+01   3.530523e-02   1.957389e+01
  3.186365e-02   1.905385e+01   3.482107e-02   1.920676e+01
  3.233417e-02   1.866049e+01   3.436309e-02   1.883964e+01
  3.280469e-02   1.822121e+01   3.389549e-02   1.847252e+01
  3.327521e-02   1.789317e+01   3.342725e-02   1.810539e+01
  3.374572e-02   1.751478e+01   3.302180e-02   1.773827e+01
  3.421624e-02   1.716506e+01   3.290008e-02   1.737115e+01
  3.468676e-02   1.682569e+01   3.320172e-02   1.700403e+01
  3.515728e-02   1.640520e+01   3.370484e-02   1.663690e+01
  3.562779e-02   1.602191e+01   3.418533e-02   1.626978e+01
  3.609831e-02   1.567216e+01   3.445911e-02   1.590266e+01
  3.656883e-02   1.526276e+01   3.462638e-02   1.553554e+01
  3.703935e-02   1.494697e+01   3.476226e-02   1.516841e+01
  3.750987e-02   1.454697e+01   3.476927e-02   1.480129e+01
  3.798038e-02   1.423090e+01   3.482326e-02   1.443417e+01
  3.845090e-02   1.387424e+01   3.485018e-02   1.406705e+01
  3.892142e-02   1.354888e+01   3.487721e-02   1.369992e+01
  3.939194e-02   1.327340e+01   3.486085e-02   1.333280e+01
  3.986245e-02   1.296692e+01   3.515209e-02   1.296568e+01
  4.033297e-02   1.256501e+01   3.617369e-02   1.267878e+01
  4.080349e-02   1.224073e+01   3.688755e-02   1.242502e+01
  4.127401e-02   1.197051e+01   3.756183e-02   1.217127e+01
  4.174453e-02   1.167471e+01   3.813280e-02   1.191751e+01
  4.221504e-02   1.132447e+01   3.867008e-02   1.166376e+01
  4.268556e-02   1.105478e+01   3.921593e-02   1.141000e+01
  4.315608e-02   1.076126e+01   3.966470e-02   1.115624e+01
  4.362660e-02   1.047565e+01   4.004031e-02   1.090248e+01
  4.409711e-02   1.019950e+01   4.044573e-02   1.064873e+01
  4.456763e-02   9.932699e+00   4.072612e-02   1.039497e+01
  4.503815e-02   9.666391e+00   4.090560e-02   1.014121e+01
  4.550867e-02   9.438018e+00   4.108856e-02   9.887453e+00
  4.597919e-02   9.218696e+00   4.128659e-02   9.633694e+00
  4.644970e-02   9.030222e+00   4.057759e-02   9.379941e+00
  4.692022e-02   8.861845e+00   3.909072e-02   9.126183e+00
  4.739074e-02   8.604763e+00   3.822212e-02   8.872425e+00
  4.786126e-02   8.356320e+00   3.762424e-02   8.618667e+00
  4.833177e-02   8.085262e+00   3.713190e-02   8.364914e+00
  4.880229e-02   7.906906e+00   3.671451e-02   8.111155e+00
  4.927281e-02   7.701551e+00   3.630981e-02   7.857397e+00
  4.974333e-02   7.553401e+00   3.600264e-02   7.603639e+00
  5.021385e-02   7.322683e+00   3.567694e-02   7.399922e+00
  5.068436e-02   7.144811e+00   3.540177e-02   7.256269e+00
  5.115488e-02   6.968788e+00   3.508539e-02   7.112614e+00
  5.162540e-02   6.804958e+00   3.484939e-02   6.968958e+00
  5.209592e-02   6.637165e+00   3.460709e-02   6.825303e+00
  5.256644e-02   6.455900e+00   3.436052e-02   6.681647e+00
  5.303695e-02   6.329768e+00   3.409842e-02   6.537995e+00
  5.350747e-02   6.094570e+00   3.372965e-02   6.394339e+00
  5.397799e-02   6.021148e+00   3.346942e-02   6.250684e+00
  5.444851e-02   5.849296e+00   3.315213e-02   6.107028e+00
  5.491902e-02   5.716961e+00   3.284498e-02   5.963376e+00
  5.538954e-02   5.612827e+00   3.256531e-02   5.819720e+00
  5.586006e-02   5.407877e+00   3.226552e-02   5.676065e+00
  5.633058e-02   5.248430e+00   3.198571e-02   5.532409e+00
  5.680110e-02   5.150392e+00   3.171523e-02   5.388754e+00
  5.727161e-02   5.089626e+00   3.148837e-02   5.245101e+00
  5.774213e-02   4.924441e+00   3.125066e-02   5.101446e+00
  5.821265e-02   4.850763e+00   3.106121e-02   4.957790e+00
  5.868317e-02   4.742645e+00   3.090609e-02   4.814135e+00
  5.915368e-02   4.626243e+00   3.074602e-02   4.670483e+00
  5.962420e-02   4.538993e+00   3.065845e-02   4.526827e+00
  6.009472e-02   4.425019e+00   3.051770e-02   4.397684e+00
  6.056524e-02   4.275694e+00   3.035481e-02   4.326121e+00
  6.103576e-02   4.172075e+00   3.020646e-02   4.254558e+00
  6.150627e-02   4.141268e+00   3.012527e-02   4.182996e+00
  6.197679e-02   4.019134e+00   2.999067e-02   4.111432e+00
  6.244731e-02   3.940838e+00   2.987835e-02   4.039869e+00
  6.291783e-02   3.829590e+00   2.973331e-02   3.968306e+00
  6.338834e-02   3.722967e+00   2.959931e-02   3.896744e+00
  6.385886e-02   3.693792e+00   2.950962e-02   3.825181e+00
  6.432938e-02   3.605044e+00   2.941259e-02   3.753617e+00
  6.479990e-02   3.478544e+00   2.926161e-02   3.682054e+00
  6.527042e-02   3.414167e+00   2.915361e-02   3.610491e+00
  6.574093e-02   3.355095e+00   2.905919e-02   3.538929e+00
  6.621145e-02   3.293418e+00   2.896723e-02   3.467365e+00
  6.668197e-02   3.266967e+00   2.888420e-02   3.395802e+00
  6.715249e-02   3.187410e+00   2.876135e-02   3.324239e+00
  6.762300e-02   3.105756e+00   2.865673e-02   3.252677e+00
  6.809352e-02   3.056539e+00   2.857097e-02   3.181114e+00
  6.856404e-02   2.992702e+00   2.846768e-02   3.109550e+00
  6.903456e-02   2.981842e+00   2.837135e-02   3.037987e+00
  6.950508e-02   2.908134e+00   2.828743e-02   2.966424e+00
  6.997559e-02   2.858427e+00   2.820362e-02   2.894862e+00
  7.044611e-02   2.762791e+00   2.810669e-02   2.856406e+00
  7.091663e-02   2.687669e+00   2.797390e-02   2.819761e+00
  7.138715e-02   2.665246e+00   2.791194e-02   2.783117e+00
  7.185767e-02   2.627690e+00   2.783366e-02   2.746473e+00
  7.232818e-02   2.591359e+00   2.775339e-02   2.709829e+00
  7.279870e-02   2.539530e+00   2.765318e-02   2.673185e+00
  7.326922e-02   2.493719e+00   2.757634e-02   2.636540e+00
  7.373974e-02   2.453279e+00   2.749864e-02   2.599896e+00
  7.421025e-02   2.438186e+00   2.742506e-02   2.563253e+00
  7.468077e-02   2.364564e+00   2.732853e-02   2.526608e+00
  7.515129e-02   2.310092e+00   2.723790e-02   2.489964e+00
  7.562181e-02   2.271035e+00   2.717811e-02   2.453319e+00
  7.609233e-02   2.270746e+00   2.710678e-02   2.416675e+00
  7.656284e-02   2.221672e+00   2.702171e-02   2.380032e+00
  7.703336e-02   2.215028e+00   2.694924e-02   2.343387e+00
  7.750388e-02   2.156809e+00   2.689118e-02   2.306743e+00
  7.797440e-02   2.129752e+00   2.684021e-02   2.270098e+00
  7.844491e-02   2.085083e+00   2.674312e-02   2.233455e+00
  7.891543e-02   2.071206e+00   2.665421e-02   2.196811e+00
  7.938595e-02   2.068452e+00   2.659654e-02   2.160166e+00
  7.985647e-02   2.006368e+00   2.651318e-02   2.123522e+00
  8.032699e-02   1.952256e+00   2.643889e-02   2.096665e+00
  8.079750e-02   1.916143e+00   2.637093e-02   2.074105e+00
  8.126802e-02   1.919755e+00   2.632961e-02   2.051545e+00
  8.173854e-02   1.906452e+00   2.626188e-02   2.028984e+00
  8.220906e-02   1.868937e+00   2.617341e-02   2.006424e+00
  8.267957e-02   1.887148e+00   2.609806e-02   1.983864e+00
  8.315009e-02   1.823554e+00   2.604064e-02   1.961304e+00
  8.362061e-02   1.787553e+00   2.599377e-02   1.938743e+00
  8.409113e-02   1.773790e+00   2.591618e-02   1.916183e+00
  8.456165e-02   1.775811e+00   2.584799e-02   1.893622e+00
  8.503216e-02   1.701575e+00   2.577671e-02   1.871063e+00
  8.550268e-02   1.694371e+00   2.571791e-02   1.848502e+00
  8.597320e-02   1.636263e+00   2.564588e-02   1.825942e+00
  8.644372e-02   1.625598e+00   2.558096e-02   1.803381e+00
  8.691423e-02   1.604035e+00   2.551407e-02   1.780821e+00
  8.738475e-02   1.609140e+00   2.546946e-02   1.758261e+00
  8.785527e-02   1.595600e+00   2.541748e-02   1.735701e+00
  8.832579e-02   1.566874e+00   2.535706e-02   1.713140e+00
  8.879631e-02   1.514927e+00   2.527927e-02   1.690580e+00
  8.926682e-02   1.509063e+00   2.522624e-02   1.668020e+00
  8.973734e-02   1.493240e+00   2.516986e-02   1.645459e+00
  9.020786e-02   1.448193e+00   2.510625e-02   1.625974e+00
  9.067838e-02   1.452306e+00   2.504406e-02   1.610374e+00
  9.114890e-02   1.432374e+00   2.498835e-02   1.594774e+00
  9.161941e-02   1.400481e+00   2.493146e-02   1.579174e+00
  9.208993e-02   1.395735e+00   2.488157e-02   1.563574e+00
  9.256045e-02   1.397898e+00   2.482423e-02   1.547974e+00
  9.303097e-02   1.385961e+00   2.478426e-02   1.532373e+00
  9.350148e-02   1.342257e+00   2.471405e-02   1.516774e+00
  9.397200e-02   1.365627e+00   2.467163e-02   1.501174e+00
  9.444252e-02   1.352960e+00   2.461499e-02   1.485573e+00
  9.491304e-02   1.335945e+00   2.455891e-02   1.469973e+00
  9.538356e-02   1.294656e+00   2.450162e-02   1.454373e+00
  9.585407e-02   1.284841e+00   2.445092e-02   1.438773e+00
  9.632459e-02   1.292007e+00   2.440945e-02   1.423173e+00
  9.679511e-02   1.261050e+00   2.434786e-02   1.407573e+00
  9.726563e-02   1.224422e+00   2.429349e-02   1.391973e+00
  9.773614e-02   1.193722e+00   2.423464e-02   1.376373e+00
  9.820666e-02   1.197476e+00   2.418833e-02   1.360773e+00
  9.867718e-02   1.185224e+00   2.413630e-02   1.345173e+00
  9.914770e-02   1.177594e+00   2.409176e-02   1.329573e+00
  9.961822e-02   1.195925e+00   2.404572e-02   1.313973e+00
  1.000887e-01   1.194506e+00   2.401684e-02   1.299373e+00
  1.005593e-01   1.175928e+00   2.395535e-02   1.289073e+00
  1.010298e-01   1.138657e+00   2.389059e-02   1.278774e+00
  1.015003e-01   1.115637e+00   2.384804e-02   1.268476e+00
  1.019708e-01   1.082797e+00   2.379810e-02   1.258178e+00
  1.024413e-01   1.078723e+00   2.373599e-02   1.247880e+00
  1.029118e-01   1.091223e+00   2.369445e-02   1.237581e+00
  1.033824e-01   1.041389e+00   2.364173e-02   1.227281e+00
  1.038529e-01   1.007125e+00   2.360292e-02   1.216982e+00
  1.043234e-01   1.010031e+00   2.355716e-02   1.206684e+00
  1.047939e-01   1.010474e+00   2.349934e-02   1.196386e+00
  1.052644e-01   9.807980e-01   2.343850e-02   1.186087e+00
  1.057349e-01   9.615496e-01   2.340973e-02   1.175789e+00
  1.062055e-01   9.802813e-01   2.336509e-02   1.165489e+00
  1.066760e-01   1.000146e+00   2.332478e-02   1.155190e+00
  1.071465e-01   9.751858e-01   2.328315e-02   1.144892e+00
  1.076170e-01   9.522866e-01   2.324401e-02   1.134594e+00
  1.080875e-01   9.174269e-01   2.319668e-02   1.124295e+00
  1.085581e-01   9.395121e-01   2.315904e-02   1.113995e+00
  1.090286e-01   9.036188e-01   2.309830e-02   1.103696e+00
  1.094991e-01   9.043565e-01   2.306544e-02   1.093398e+00
  1.099696e-01   8.835049e-01   2.302154e-02   1.083100e+00
  1.104401e-01   8.741325e-01   2.296441e-02   1.076361e+00
  1.109106e-01   8.704803e-01   2.292833e-02   1.069868e+00
  1.113812e-01   8.576817e-01   2.288465e-02   1.063374e+00
  1.118517e-01   8.193200e-01   2.282932e-02   1.056881e+00
  1.123222e-01   7.971216e-01   2.277752e-02   1.050388e+00
  1.127927e-01   8.543643e-01   2.276267e-02   1.043895e+00
  1.132632e-01   8.224831e-01   2.271509e-02   1.037402e+00
  1.137337e-01   8.150504e-01   2.268182e-02   1.030909e+00
  1.142043e-01   7.589547e-01   2.261895e-02   1.024414e+00
  1.146748e-01   7.643643e-01   2.258132e-02   1.017921e+00
  1.151453e-01   7.623416e-01   2.254497e-02   1.011428e+00
  1.156158e-01   7.584125e-01   2.250709e-02   1.004935e+00
  1.160863e-01   7.548469e-01   2.247260e-02   9.984424e-01
  1.165569e-01   7.666467e-01   2.245480e-02   9.919480e-01
  1.170274e-01   7.351447e-01   2.239838e-02   9.854550e-01
  1.174979e-01   7.290631e-01   2.235491e-02   9.789620e-01
  1.179684e-01   7.174024e-01   2.230742e-02   9.724690e-01
  1.184389e-01   7.079547e-01   2.225739e-02   9.659760e-01
  1.189094e-01   7.041596e-01   2.222711e-02   9.594830e-01
  1.193800e-01   7.028669e-01   2.219267e-02   9.529887e-01
  1.198505e-01   6.887243e-01   2.216873e-02   9.464957e-01
  1.203210e-01   7.084658e-01   2.226635e-02   9.410526e-01
  1.207915e-01   6.954619e-01   2.295543e-02   9.360985e-01
  1.212620e-01   6.562007e-01   2.339194e-02   9.311444e-01
  1.217326e-01   6.743269e-01   2.374736e-02   9.261892e-01
  1.222031e-01   6.571684e-01   2.401680e-02   9.212351e-01
  1.226736e-01   6.568713e-01   2.427780e-02   9.162810e-01
  1.231441e-01   6.318811e-01   2.450651e-02   9.113269e-01
  1.236146e-01   6.220753e-01   2.471966e-02   9.063728e-01
  1.240851e-01   6.078066e-01   2.491439e-02   9.014187e-01
  1.245557e-01   5.928584e-01   2.510738e-02   8.964635e-01
  1.250262e-01   5.891504e-01   2.529875e-02   8.915094e-01
  1.254967e-01   5.823807e-01   2.542888e-02   8.865553e-01
  1.259672e-01   5.974515e-01   2.549678e-02   8.816012e-01
  1.264377e-01   5.959546e-01   2.554517e-02   8.766471e-01
  1.269082e-01   5.800101e-01   2.531672e-02   8.716930e-01
  1.273788e-01   6.128945e-01   2.444579e-02   8.667378e-01
  1.278493e-01   6.120399e-01   2.391252e-02   8.617837e-01
  1.283198e-01   5.497009e-01   2.351164e-02   8.568296e-01
  1.287903e-01   5.687835e-01   2.323678e-02   8.518755e-01
  1.292608e-01   5.409467e-01   2.299156e-02   8.469214e-01
  1.297314e-01   6.008179e-01   2.279697e-02   8.419662e-01
  1.302019e-01   5.385325e-01   2.258166e-02   8.369205e-01
  1.306724e-01   5.445007e-01   2.242017e-02   8.317530e-01
  1.311429e-01   5.213806e-01   2.225931e-02   8.265855e-01
  1.316134e-01   4.944711e-01   2.212203e-02   8.214180e-01
  1.320839e-01   5.210641e-01   2.203420e-02   8.162504e-01
  1.325545e-01   5.326024e-01   2.198254e-02   8.110818e-01
  1.330250e-01   5.316925e-01   2.194155e-02   8.059143e-01
  1.334955e-01   5.121072e-01   2.188143e-02   8.007467e-01
  1.339660e-01   4.890630e-01   2.181419e-02   7.955792e-01
  1.344365e-01   5.118273e-01   2.177170e-02   7.904117e-01
  1.349071e-01   5.295698e-01   2.173045e-02   7.852430e-01
  1.353776e-01   5.168196e-01   2.168517e-02   7.800755e-01
  1.358481e-01   5.061062e-01   2.163303e-02   7.749080e-01
  1.363186e-01   4.943329e-01   2.158869e-02   7.697404e-01
  1.367891e-01   4.343205e-01   2.152932e-02   7.645729e-01
  1.372596e-01   4.320156e-01   2.148151e-02   7.594054e-01
  1.377302e-01   4.416323e-01   2.144552e-02   7.542367e-01
  1.382007e-01   4.719997e-01   2.141062e-02   7.490692e-01
  1.386712e-01   4.788637e-01   2.137622e-02   7.439017e-01
  1.391417e-01   4.690213e-01   2.133333e-02   7.387341e-01
  1.396122e-01   4.579310e-01   2.129125e-02   7.335666e-01
  1.400827e-01   4.336915e-01   2.124058e-02   7.283131e-01
  1.405533e-01   4.403474e-01   2.121066e-02   7.226554e-01
  1.410238e-01   4.190269e-01   2.116554e-02   7.169988e-01
  1.414943e-01   4.377778e-01   2.113454e-02   7.113423e-01
  1.419648e-01   4.448508e-01   2.109402e-02   7.056858e-01
  1.424353e-01   4.339138e-01   2.106070e-02   7.000292e-01
  1.429059e-01   4.075848e-01   2.101841e-02   6.943715e-01
  1.433764e-01   3.991618e-01   2.098311e-02   6.887150e-01
  1.438469e-01   4.020774e-01   2.094813e-02   6.830584e-01
  1.443174e-01   3.745594e-01   2.090959e-02   6.774019e-01
  1.447879e-01   3.960876e-01   2.087956e-02   6.717453e-01
  1.452584e-01   4.262906e-01   2.085523e-02   6.660888e-01
  1.457290e-01   3.972932e-01   2.081073e-02   6.604311e-01
  1.461995e-01   3.872944e-01   2.078484e-02   6.547745e-01
  1.466700e-01   3.729062e-01   2.073634e-02   6.491180e-01
  1.471405e-01   3.766149e-01   2.071134e-02   6.434615e-01
  1.476110e-01   3.654347e-01   2.067093e-02   6.378049e-01
  1.480815e-01   3.500595e-01   2.063219e-02   6.321484e-01
  1.485521e-01   3.662023e-01   2.061699e-02   6.264906e-01
  1.490226e-01   3.764370e-01   2.058975e-02   6.208341e-01
  1.494931e-01   3.392638e-01   2.056065e-02   6.151776e-01
  1.499636e-01   3.545820e-01   2.069156e-02   6.095210e-01
  1.504341e-01   3.731852e-01   2.132330e-02   6.041013e-01
  1.509047e-01   3.722637e-01   2.174873e-02   5.987003e-01
  1.513752e-01   3.415562e-01   2.205795e-02   5.933005e-01
  1.518457e-01   3.693490e-01   2.233662e-02   5.879007e-01
  1.523162e-01   3.461202e-01   2.256882e-02   5.825008e-01
  1.527867e-01   3.451286e-01   2.247439e-02   5.771010e-01
  1.532572e-01   3.425335e-01   2.191243e-02   5.717011e-01
  1.537278e-01   3.215776e-01   2.159337e-02   5.663001e-01
  1.541983e-01   3.399887e-01   2.134405e-02   5.609003e-01
  1.546688e-01   3.324149e-01   2.111180e-02   5.555004e-01
  1.551393e-01   3.312568e-01   2.091424e-02   5.501006e-01
  1.556098e-01   3.267291e-01   2.069411e-02   5.447008e-01
  1.560804e-01   3.164983e-01   2.047977e-02   5.392998e-01
  1.565509e-01   3.272396e-01   2.030375e-02   5.338999e-01
  1.570214e-01   3.234080e-01   2.019668e-02   5.285001e-01
  1.574919e-01   3.266792e-01   2.013550e-02   5.231002e-01
  1.579624e-01   2.960782e-01   2.010192e-02   5.177004e-01
  1.584329e-01   3.071568e-01   2.012800e-02   5.123005e-01
  1.589035e-01   3.054743e-01   2.014608e-02   5.068995e-01
  1.593740e-01   3.097022e-01   2.016521e-02   5.014997e-01
  1.598445e-01   2.913129e-01   2.015838e-02   4.960999e-01
  1.603150e-01   3.012375e-01   2.013383e-02   4.912499e-01
  1.607855e-01   2.694429e-01   2.008689e-02   4.866713e-01
  1.612560e-01   2.807351e-01   2.005492e-02   4.820928e-01
  1.617266e-01   2.696828e-01   2.001639e-02   4.775132e-01
  1.621971e-01   2.511396e-01   1.997916e-02   4.729347e-01
  1.626676e-01   2.629661e-01   1.995373e-02   4.683561e-01
  1.631381e-01   2.803652e-01   1.992202e-02   4.637776e-01
  1.636086e-01   2.659543e-01   1.988191e-02   4.591990e-01
  1.640792e-01   2.773831e-01   1.986314e-02   4.546195e-01
  1.645497e-01   2.565122e-01   1.983180e-02   4.500409e-01
  1.650202e-01   2.914835e-01   1.980484e-02   4.454623e-01
  1.654907e-01   2.650138e-01   1.976190e-02   4.408838e-01
  1.659612e-01   2.494929e-01   1.972722e-02   4.363052e-01
  1.664317e-01   2.479949e-01   1.969798e-02   4.317267e-01
  1.669023e-01   2.699338e-01   1.967974e-02   4.271471e-01
  1.673728e-01   2.630009e-01   1.964517e-02   4.225686e-01
  1.678433e-01   2.322217e-01   1.960236e-02   4.179900e-01
  1.683138e-01   2.208663e-01   1.957373e-02   4.134115e-01
  1.687843e-01   2.256829e-01   1.954879e-02   4.088329e-01
  1.692549e-01   2.642747e-01   1.952986e-02   4.042534e-01
  1.697254e-01   2.710229e-01   1.950464e-02   3.996748e-01
  1.701959e-01   2.528714e-01   1.947409e-02   3.953865e-01
  1.706664e-01   2.124040e-01   1.943451e-02   3.915049e-01
  1.711369e-01   2.287557e-01   1.940882e-02   3.876233e-01
  1.716074e-01   2.247892e-01   1.937991e-02   3.837417e-01
  1.720780e-01   2.223217e-01   1.935986e-02   3.798592e-01
  1.725485e-01   2.332885e-01   1.933085e-02   3.759776e-01
  1.730190e-01   2.421550e-01   1.930381e-02   3.720960e-01
  1.734895e-01   2.296309e-01   1.927489e-02   3.682144e-01
  1.739600e-01   2.303117e-01   1.924973e-02   3.643328e-01
  1.744305e-01   2.070035e-01   1.921715e-02   3.604512e-01
  1.749011e-01   2.220749e-01   1.919664e-02   3.565688e-01
  1.753716e-01   2.356619e-01   1.917425e-02   3.526872e-01
  1.758421e-01   2.364670e-01   1.915253e-02   3.488056e-01
  1.763126e-01   2.266985e-01   1.912352e-02   3.449240e-01
  1.767831e-01   2.199699e-01   1.909116e-02   3.410424e-01
  1.772537e-01   2.089398e-01   1.906734e-02   3.371600e-01
  1.777242e-01   2.186175e-01   1.905172e-02   3.332784e-01
  1.781947e-01   2.071673e-01   1.901340e-02   3.293968e-01
  1.786652e-01   2.020677e-01   1.899136e-02   3.255152e-01
  1.791357e-01   2.483564e-01   1.897747e-02   3.216336e-01
  1.796062e-01   2.100045e-01   1.894071e-02   3.177520e-01
  1.800768e-01   2.233628e-01   1.892332e-02   3.139273e-01
  1.805473e-01   1.824001e-01   1.888806e-02   3.103995e-01
  1.810178e-01   1.763343e-01   1.885819e-02   3.068717e-01
  1.814883e-01   1.612185e-01   1.882183e-02   3.033439e-01
  1.819588e-01   2.082740e-01   1.882192e-02   2.998160e-01
  1.824293e-01   2.003332e-01   1.879875e-02   2.962882e-01
  1.828999e-01   2.005542e-01   1.876893e-02   2.927597e-01
  1.833704e-01   1.937794e-01   1.873946e-02   2.892318e-01
  1.838409e-01   1.965761e-01   1.871558e-02   2.857040e-01
  1.843114e-01   1.952744e-01   1.869213e-02   2.821762e-01
  1.847819e-01   2.004825e-01   1.868658e-02   2.786484e-01
  1.852525e-01   1.957878e-01   1.865406e-02   2.751198e-01
  1.857230e-01   1.633037e-01   1.861397e-02   2.715920e-01
  1.861935e-01   1.955836e-01   1.860657e-02   2.680642e-01
  1.866640e-01   1.984516e-01   1.858640e-02   2.645364e-01
  1.871345e-01   1.571802e-01   1.854560e-02   2.610085e-01
  1.876050e-01   1.536007e-01   1.851718e-02   2.574807e-01
  1.880756e-01   1.632399e-01   1.850371e-02   2.539522e-01
  1.885461e-01   1.812103e-01   1.848451e-02   2.504243e-01
  1.890166e-01   1.947560e-01   1.845914e-02   2.468965e-01
  1.894871e-01   1.831670e-01   1.843481e-02   2.433687e-01
  1.899576e-01   1.627622e-01   1.841181e-02   2.398409e-01
  1.904282e-01   1.773974e-01   1.839355e-02   2.366009e-01
  1.908987e-01   1.428163e-01   1.836455e-02   2.333901e-01
  1.913692e-01   1.549606e-01   1.834083e-02   2.301794e-01
  1.918397e-01   1.391353e-01   1.831810e-02   2.269686e-01
  1.923102e-01   1.334078e-01   1.829186e-02   2.237578e-01
  1.927807e-01   1.575880e-01   1.826145e-02   2.205471e-01
  1.932513e-01   1.329350e-01   1.820042e-02   2.173356e-01
  1.937218e-01   1.443168e-01   1.815599e-02   2.141249e-01
  1.941923e-01   1.260048e-01   1.810462e-02   2.109141e-01
  1.946628e-01   1.490445e-01   1.807763e-02   2.077034e-01
  1.951333e-01   1.353944e-01   1.804773e-02   2.044926e-01
  1.956038e-01   1.515876e-01   1.803520e-02   2.012819e-01
  1.960744e-01   1.193986e-01   1.800183e-02   1.980704e-01
  1.965449e-01   1.243817e-01   1.799484e-02   1.948597e-01
  1.970154e-01   1.124555e-01   1.798260e-02   1.916489e-01
  1.974859e-01   1.152581e-01   1.798649e-02   1.884381e-01
  1.979564e-01   1.592675e-01   1.800283e-02   1.852274e-01
  1.984270e-01   1.530636e-01   1.800648e-02   1.820159e-01
  1.988975e-01   1.303175e-01   1.800031e-02   1.788052e-01
  1.993680e-01   1.518716e-01   1.797908e-02   1.755944e-01
  1.998385e-01   1.459452e-01   1.795503e-02   1.723837e-01
  2.003090e-01   1.199676e-01   1.793645e-02   1.695458e-01
  2.007795e-01   1.298024e-01   1.799280e-02   1.669030e-01
  2.012501e-01   1.408751e-01   1.846954e-02   1.642595e-01
  2.017206e-01   1.420272e-01   1.880470e-02   1.616166e-01
  2.021911e-01   1.452715e-01   1.905228e-02   1.589737e-01
  2.026616e-01   1.363958e-01   1.924585e-02   1.563308e-01
  2.031321e-01   1.382297e-01   1.942226e-02   1.536879e-01
  2.036027e-01   1.233012e-01   1.958851e-02   1.510445e-01
  2.040732e-01   1.174274e-01   1.970767e-02   1.484016e-01
  2.045437e-01   1.454004e-01   1.978400e-02   1.457587e-01
  2.050142e-01   1.486590e-01   1.983687e-02   1.431158e-01
  2.054847e-01   1.396508e-01   1.988623e-02   1.404729e-01
  2.059552e-01   1.219568e-01   1.992529e-02   1.378300e-01
  2.064258e-01   1.025846e-01   1.996053e-02   1.351866e-01
  2.068963e-01   1.548566e-01   2.002185e-02   1.325437e-01
  2.073668e-01   1.380953e-01   1.991340e-02   1.299008e-01
  2.078373e-01   1.336411e-01   1.933796e-02   1.272579e-01
  2.083078e-01   1.390137e-01   1.898156e-02   1.246150e-01
  2.087783e-01   1.183822e-01   1.872487e-02   1.219721e-01
  2.092489e-01   1.406807e-01   1.854342e-02   1.193287e-01
  2.097194e-01   1.330835e-01   1.838233e-02   1.166858e-01
  2.101899e-01   1.426054e-01   1.825195e-02   1.143368e-01
  2.106604e-01   8.841981e-02   1.814813e-02   1.124220e-01
  2.111309e-01   1.121034e-01   1.810840e-02   1.105073e-01
  2.116015e-01   1.290307e-01   1.806805e-02   1.085921e-01
  2.120720e-01   1.079113e-01   1.802602e-02   1.066774e-01
  2.125425e-01   1.099696e-01   1.798030e-02   1.047626e-01
  2.130130e-01   1.669186e-01   1.795176e-02   1.028479e-01
  2.134835e-01   1.432924e-01   1.791416e-02   1.009331e-01
  2.139540e-01   1.131133e-01   1.787685e-02   9.901838e-02
  2.144246e-01   1.057413e-01   1.784091e-02   9.710323e-02
  2.148951e-01   8.826603e-02   1.780443e-02   9.518848e-02
  2.153656e-01   1.020677e-01   1.777971e-02   9.327373e-02
  2.158361e-01   8.812398e-02   1.774760e-02   9.135898e-02
  2.163066e-01   8.244528e-02   1.771339e-02   8.944423e-02
  2.167771e-01   1.267023e-01   1.769314e-02   8.752949e-02
  2.172477e-01   1.265008e-01   1.767008e-02   8.561433e-02
  2.177182e-01   1.009528e-01   1.763644e-02   8.369958e-02
  2.181887e-01   1.127164e-01   1.761514e-02   8.178483e-02
  2.186592e-01   1.159156e-01   1.758598e-02   7.987009e-02
  2.191297e-01   1.118794e-01   1.756322e-02   7.795534e-02
  2.196003e-01   1.011766e-01   1.753416e-02   7.604018e-02
  2.200708e-01   9.102025e-02   1.750561e-02   7.421807e-02
  2.205413e-01   8.648030e-02   1.747293e-02   7.291895e-02
  2.210118e-01   7.424565e-02   1.744986e-02   7.161983e-02
  2.214823e-01   8.788415e-02   1.743398e-02   7.032070e-02
  2.219528e-01   8.844521e-02   1.741666e-02   6.902158e-02
  2.224234e-01   1.034611e-01   1.739334e-02   6.772218e-02
  2.228939e-01   7.988922e-02   1.736452e-02   6.642306e-02
  2.233644e-01   7.795940e-02   1.733967e-02   6.512393e-02
  2.238349e-01   8.903343e-02   1.732279e-02   6.382481e-02
  2.243054e-01   1.152891e-01   1.730900e-02   6.252569e-02
  2.247760e-01   6.172688e-02   1.726747e-02   6.122629e-02
  2.252465e-01   7.215947e-02   1.725240e-02   5.992717e-02
  2.257170e-01   1.228494e-01   1.724418e-02   5.862804e-02
  2.261875e-01   1.185811e-01   1.721968e-02   5.732892e-02
  2.266580e-01   9.911779e-02   1.719161e-02   5.602980e-02
  2.271285e-01   1.050958e-01   1.717539e-02   5.473067e-02
  2.275991e-01   1.071182e-01   1.714824e-02   5.343127e-02
  2.280696e-01   5.218696e-02   1.712147e-02   5.213215e-02
  2.285401e-01   8.245725e-02   1.710452e-02   5.083303e-02
  2.290106e-01   1.018113e-01   1.709130e-02   4.953390e-02
  2.294811e-01   1.009925e-01   1.707122e-02   4.823478e-02
  2.299516e-01   6.616385e-02   1.704867e-02   4.693566e-02
  2.304222e-01   8.914587e-02   1.702911e-02   4.598340e-02
  2.308927e-01   9.195162e-02   1.700676e-02   4.507114e-02
  2.313632e-01   8.540839e-02   1.699127e-02   4.415887e-02
  2.318337e-01   8.878274e-02   1.697814e-02   4.324660e-02
  2.323042e-01   7.759946e-02   1.695204e-02   4.233434e-02
  2.327748e-01   1.216583e-01   1.694445e-02   4.142188e-02
  2.332453e-01   1.110908e-01   1.692438e-02   4.050961e-02
  2.337158e-01   9.325220e-02   1.689955e-02   3.959735e-02
  2.341863e-01   9.224474e-02   1.687632e-02   3.868508e-02
  2.346568e-01   8.864905e-02   1.685280e-02   3.777281e-02
  2.351273e-01   8.064544e-02   1.683158e-02   3.686055e-02
  2.355979e-01   6.943914e-02   1.681476e-02   3.594809e-02
  2.360684e-01   6.632580e-02   1.679479e-02   3.503582e-02
  2.365389e-01   1.171733e-01   1.678514e-02   3.412356e-02
  2.370094e-01   9.504316e-02   1.675951e-02   3.321129e-02
  2.374799e-01   1.064998e-01   1.674578e-02   3.229903e-02
  2.379505e-01   8.869131e-02   1.672270e-02   3.138657e-02
  2.384210e-01   9.037367e-02   1.670387e-02   3.047430e-02
  2.388915e-01   8.104948e-02   1.668327e-02   2.956203e-02
  2.393620e-01   7.798786e-02   1.666698e-02   2.864977e-02
  2.398325e-01   9.485902e-02   1.665111e-02   2.773750e-02
  2.403030e-01   8.805262e-02   1.663246e-02   2.696089e-02
  2.407736e-01   9.028753e-02   1.661581e-02   2.625912e-02
  2.412441e-01   1.024595e-01   1.660185e-02   2.555749e-02
  2.417146e-01   7.025001e-02   1.657934e-02   2.485587e-02
  2.421851e-01   7.349554e-02   1.655594e-02   2.415425e-02
  2.426556e-01   9.528398e-02   1.654548e-02   2.345262e-02
  2.431261e-01   7.621610e-02   1.652517e-02   2.275100e-02
  2.435967e-01   8.577190e-02   1.651518e-02   2.204922e-02
  2.440672e-01   9.277180e-02   1.649236e-02   2.134760e-02
  2.445377e-01   9.748789e-02   1.647967e-02   2.064598e-02
  2.450082e-01   9.576031e-02   1.646734e-02   1.994435e-02
  2.454787e-01   7.141034e-02   1.644744e-02   1.924273e-02
  2.459493e-01   8.473889e-02   1.642414e-02   1.854096e-02
  2.464198e-01   6.985791e-02   1.640517e-02   1.783933e-02
  2.468903e-01   1.062781e-01   1.640065e-02   1.713771e-02
  2.473608e-01   1.084012e-01   1.638617e-02   1.643609e-02
  2.478313e-01   8.087084e-02   1.635551e-02   1.573446e-02
  2.483018e-01   8.629276e-02   1.634021e-02   1.503284e-02
  2.487724e-01   8.892581e-02   1.632658e-02   1.433106e-02
  2.492429e-01   8.919571e-02   1.631265e-02   1.362944e-02
  2.497134e-01   1.057630e-01   1.629971e-02   1.292782e-02
  2.501839e-01   1.008459e-01   1.627991e-02   1.228712e-02
  2.506544e-01   1.040937e-01   1.626183e-02   1.174136e-02
  2.511249e-01   1.023910e-01   1.623463e-02   1.119560e-02
  2.515955e-01   1.009816e-01   1.619876e-02   1.064973e-02
  2.520660e-01   8.704127e-02   1.616182e-02   1.010397e-02
  2.525365e-01   9.729684e-02   1.613743e-02   9.558218e-03
  2.530070e-01   1.036759e-01   1.612338e-02   9.012461e-03
  2.534775e-01   1.093294e-01   1.610901e-02   8.466705e-03
  2.539481e-01   4.941174e-02   1.607530e-02   7.920832e-03
  2.544186e-01   5.201453e-02   1.605851e-02   7.375076e-03
  2.548891e-01   9.459478e-02   1.605740e-02   6.829319e-03
  2.553596e-01   8.342635e-02   1.604179e-02   6.283563e-03
  2.558301e-01   7.067080e-02   1.602136e-02   5.737807e-03
  2.563006e-01   9.076800e-02   1.602791e-02   5.192050e-03
  2.567712e-01   9.272496e-02   1.602832e-02   4.646178e-03
  2.572417e-01   9.174098e-02   1.603174e-02   4.100421e-03
  2.577122e-01   8.932568e-02   1.602627e-02   3.554665e-03
  2.581827e-01   1.047925e-01   1.601558e-02   3.008908e-03
  2.586532e-01   7.916515e-02   1.599537e-02   2.463152e-03
  2.591238e-01   7.730454e-02   1.598071e-02   1.917279e-03
  2.595943e-01   9.433518e-02   1.596985e-02   1.371523e-03
  2.600648e-01   9.299457e-02   1.595480e-02   8.524159e-04
  2.605353e-01   6.929552e-02   1.593451e-02   5.001569e-04
  2.610058e-01   9.115376e-02   1.592524e-02   1.478979e-04
  2.614763e-01   8.644712e-02   1.590718e-02  -2.043612e-04
  2.619469e-01   8.710316e-02   1.588928e-02  -5.566951e-04
  2.624174e-01   9.240402e-02   1.587838e-02  -9.089541e-04
  2.628879e-01   6.694140e-02   1.585700e-02  -1.261213e-03
  2.633584e-01   7.183530e-02   1.584563e-02  -1.613472e-03
  2.638289e-01   8.039329e-02   1.583281e-02  -1.965731e-03
  2.642994e-01   7.252060e-02   1.581497e-02  -2.317990e-03
  2.647700e-01   1.149418e-01   1.581013e-02  -2.670324e-03
  2.652405e-01   9.662066e-02   1.579748e-02  -3.022583e-03
  2.657110e-01   8.587294e-02   1.577177e-02  -3.374842e-03
  2.661815e-01   8.691293e-02   1.575942e-02  -3.727101e-03
  2.666520e-01   1.040005e-01   1.575223e-02  -4.079360e-03
  2.671226e-01   1.041861e-01   1.573921e-02  -4.431694e-03
  2.675931e-01   9.595304e-02   1.571325e-02  -4.783953e-03
  2.680636e-01   7.384494e-02   1.570356e-02  -5.136212e-03
  2.685341e-01   8.469331e-02   1.569660e-02  -5.488471e-03
  2.690046e-01   1.146386e-01   1.568864e-02  -5.840730e-03
  2.694751e-01   6.902834e-02   1.565404e-02  -6.192989e-03
  2.699457e-01   8.124669e-02   1.564469e-02  -6.545323e-03
  2.704162e-01   6.380140e-02   1.562447e-02  -6.682526e-03
  2.708867e-01   6.788000e-02   1.561560e-02  -6.791671e-03
  2.713572e-01   8.084832e-02   1.560254e-02  -6.900816e-03
  2.718277e-01   7.462193e-02   1.558884e-02  -7.009961e-03
  2.722983e-01   9.321485e-02   1.557950e-02  -7.119130e-03
  2.727688e-01   6.017064e-02   1.556156e-02  -7.228275e-03
  2.732393e-01   9.155885e-02   1.555018e-02  -7.337420e-03
  2.737098e-01   1.055607e-01   1.553989e-02  -7.446565e-03
  2.741803e-01   6.685121e-02   1.551770e-02  -7.555710e-03
  2.746508e-01   6.741773e-02   1.550583e-02  -7.664855e-03
  2.751214e-01   8.783735e-02   1.549448e-02  -7.774024e-03
  2.755919e-01   8.563784e-02   1.548037e-02  -7.883169e-03
  2.760624e-01   1.057139e-01   1.547004e-02  -7.992314e-03
  2.765329e-01   1.080786e-01   1.546213e-02  -8.101459e-03
  2.770034e-01   9.519849e-02   1.544488e-02  -8.210604e-03
  2.774739e-01   1.028752e-01   1.542977e-02  -8.319749e-03
  2.779445e-01   7.184586e-02   1.540666e-02  -8.428918e-03
  2.784150e-01   1.068731e-01   1.540580e-02  -8.538063e-03
  2.788855e-01   8.649684e-02   1.538759e-02  -8.647208e-03
  2.793560e-01   8.650362e-02   1.537252e-02  -8.756353e-03
  2.798265e-01   8.332964e-02   1.536431e-02  -8.865498e-03
  2.802971e-01   8.878944e-02   1.535552e-02  -8.819018e-03
  2.807676e-01   8.384149e-02   1.535813e-02  -8.681672e-03
  2.812381e-01   6.878609e-02   1.539275e-02  -8.544326e-03
  2.817086e-01   8.771555e-02   1.576426e-02  -8.406980e-03
  2.821791e-01   8.739239e-02   1.601760e-02  -8.269634e-03
  2.826496e-01   7.952059e-02   1.619918e-02  -8.132288e-03
  2.831202e-01   8.694594e-02   1.635261e-02  -7.994912e-03
  2.835907e-01   7.357529e-02   1.646984e-02  -7.857566e-03
  2.840612e-01   1.062691e-01   1.653931e-02  -7.720220e-03
  2.845317e-01   7.427355e-02   1.657840e-02  -7.582874e-03
  2.850022e-01   8.602293e-02   1.662265e-02  -7.445528e-03
  2.854727e-01   5.360877e-02   1.665534e-02  -7.308182e-03
  2.859433e-01   2.094085e-02   1.668871e-02  -7.170806e-03
  2.864138e-01   9.002287e-02   1.674924e-02  -7.033460e-03
  2.868843e-01   7.108567e-02   1.677027e-02  -6.896114e-03
  2.873548e-01   7.356736e-02   1.680462e-02  -6.758768e-03
  2.878253e-01   6.531449e-02   1.671663e-02  -6.621422e-03
  2.882959e-01   6.820163e-02   1.628840e-02  -6.484047e-03
  2.887664e-01   7.678674e-02   1.603473e-02  -6.346700e-03
  2.892369e-01   4.423232e-02   1.584897e-02  -6.209354e-03
  2.897074e-01   7.858932e-02   1.572934e-02  -6.072008e-03
  2.901779e-01   8.676129e-02   1.564585e-02  -5.876099e-03
  2.906484e-01   8.604460e-02   1.559621e-02  -5.583869e-03
  2.911190e-01   8.655159e-02   1.556001e-02  -5.291577e-03
  2.915895e-01   8.116762e-02   1.552820e-02  -4.999347e-03
  2.920600e-01   7.234124e-02   1.549737e-02  -4.707117e-03
  2.925305e-01   8.752005e-02   1.546990e-02  -4.414887e-03
  2.930010e-01   7.282406e-02   1.543463e-02  -4.122657e-03
  2.934716e-01   7.342773e-02   1.540692e-02  -3.830364e-03
  2.939421e-01   4.798882e-02   1.537750e-02  -3.538134e-03
  2.944126e-01   5.905046e-02   1.535791e-02  -3.245904e-03
  2.948831e-01   7.311281e-02   1.534145e-02  -2.953674e-03
  2.953536e-01   7.261208e-02   1.532197e-02  -2.661444e-03
  2.958241e-01   8.800646e-02   1.530358e-02  -2.369214e-03
  2.962947e-01   8.371717e-02   1.527782e-02  -2.076922e-03
  2.967652e-01   7.993593e-02   1.525375e-02  -1.784692e-03
  2.972357e-01   8.190127e-02   1.523976e-02  -1.492462e-03
  2.977062e-01   7.392549e-02   1.522056e-02  -1.200232e-03
  2.981767e-01   7.334498e-02   1.520307e-02  -9.080016e-04
  2.986472e-01   7.040035e-02   1.518712e-02  -6.157716e-04
  2.991178e-01   7.131979e-02   1.516710e-02  -3.234794e-04
  2.995883e-01   8.626147e-02   1.514844e-02  -3.124930e-05
  3.000588e-01   8.764206e-02   1.513101e-02   2.611357e-04
  3.005293e-01   6.802178e-02   1.511187e-02   5.546052e-04
  3.009998e-01   8.178295e-02   1.510005e-02   8.480748e-04
  3.014704e-01   7.111940e-02   1.507948e-02   1.141607e-03
  3.019409e-01   6.028158e-02   1.506202e-02   1.435076e-03
  3.024114e-01   4.881559e-02   1.504252e-02   1.728546e-03
  3.028819e-01   6.688583e-02   1.502981e-02   2.022015e-03
  3.033524e-01   5.412362e-02   1.501068e-02   2.315485e-03
  3.038229e-01   7.521386e-02   1.500405e-02   2.608955e-03
  3.042935e-01   9.555726e-02   1.499441e-02   2.902487e-03
  3.047640e-01   9.279805e-02   1.497356e-02   3.195956e-03
  3.052345e-01   9.345774e-02   1.495832e-02   3.489426e-03
  3.057050e-01   8.437687e-02   1.494295e-02   3.782895e-03
  3.061755e-01   6.765827e-02   1.492940e-02   4.076365e-03
  3.066461e-01   6.434666e-02   1.491493e-02   4.369897e-03
  3.071166e-01   8.748411e-02   1.490907e-02   4.663366e-03
  3.075871e-01   8.776914e-02   1.489176e-02   4.956836e-03
  3.080576e-01   8.196757e-02   1.487776e-02   5.250305e-03
  3.085281e-01   9.885788e-02   1.487165e-02   5.543775e-03
  3.089986e-01   8.683044e-02   1.485037e-02   5.837245e-03
  3.094692e-01   6.595147e-02   1.483419e-02   6.130777e-03
  3.099397e-01   4.331721e-02   1.481631e-02   6.424246e-03
  3.104102e-01   5.661819e-02   1.480343e-02   6.593749e-03
  3.108807e-01   7.820590e-02   1.479221e-02   6.745028e-03
  3.113512e-01   9.375544e-02   1.478210e-02   6.896307e-03
  3.118217e-01   6.809992e-02   1.476587e-02   7.047586e-03
  3.122923e-01   6.566448e-02   1.475122e-02   7.198897e-03
  3.127628e-01   8.190541e-02   1.473792e-02   7.350177e-03
  3.132333e-01   8.088271e-02   1.472595e-02   7.501456e-03
  3.137038e-01   7.052576e-02   1.470782e-02   7.652735e-03
  3.141743e-01   8.746659e-02   1.469525e-02   7.804014e-03
  3.146449e-01   9.735780e-02   1.469263e-02   7.955326e-03
  3.151154e-01   7.253246e-02   1.467013e-02   8.106605e-03
  3.155859e-01   7.808816e-02   1.465607e-02   8.257884e-03
  3.160564e-01   7.377847e-02   1.464964e-02   8.409163e-03
  3.165269e-01   4.121829e-02   1.462869e-02   8.560442e-03
  3.169974e-01   7.139183e-02   1.461574e-02   8.711721e-03
  3.174680e-01   6.206220e-02   1.459783e-02   8.863033e-03
  3.179385e-01   7.620892e-02   1.458946e-02   9.014312e-03
  3.184090e-01   6.825562e-02   1.457297e-02   9.165591e-03
  3.188795e-01   6.758545e-02   1.455721e-02   9.316870e-03
  3.193500e-01   6.658403e-02   1.452821e-02   9.468150e-03
  3.198205e-01   6.950093e-02   1.450423e-02   9.619429e-03
  3.202911e-01   8.112779e-02   1.448535e-02   9.645721e-03
  3.207616e-01   9.727748e-02   1.447720e-02   9.594933e-03
  3.212321e-01   7.263639e-02   1.446059e-02   9.544145e-03
  3.217026e-01   6.637807e-02   1.444942e-02   9.493357e-03
  3.221731e-01   7.652647e-02   1.443794e-02   9.442569e-03
  3.226437e-01   7.759717e-02   1.442430e-02   9.391771e-03
  3.231142e-01   7.248399e-02   1.441399e-02   9.340983e-03
  3.235847e-01   9.500043e-02   1.440830e-02   9.290195e-03
  3.240552e-01   6.343964e-02   1.438380e-02   9.239407e-03
  3.245257e-01   8.276105e-02   1.438323e-02   9.188619e-03
  3.249962e-01   8.104772e-02   1.439269e-02   9.137831e-03
  3.254668e-01   7.761211e-02   1.439325e-02   9.087033e-03
  3.259373e-01   5.974249e-02   1.438275e-02   9.036245e-03
  3.264078e-01   7.082815e-02   1.437348e-02   8.985457e-03
  3.268783e-01   5.018805e-02   1.435794e-02   8.934669e-03
  3.273488e-01   6.083604e-02   1.435177e-02   8.883882e-03
  3.278194e-01   7.826488e-02   1.434306e-02   8.833083e-03
  3.282899e-01   7.529538e-02   1.432904e-02   8.782295e-03
  3.287604e-01   6.998444e-02   1.431842e-02   8.731507e-03
  3.292309e-01   6.827880e-02   1.430444e-02   8.680719e-03
  3.297014e-01   6.334556e-02   1.429347e-02   8.629932e-03
  3.301719e-01   7.641095e-02   1.428362e-02   8.522733e-03
  3.306425e-01   6.433134e-02   1.427198e-02   8.317503e-03
  3.311130e-01   7.637077e-02   1.426826e-02   8.112316e-03
  3.315835e-01   7.546314e-02   1.425355e-02   7.907129e-03
  3.320540e-01   6.805327e-02   1.424197e-02   7.701942e-03
  3.325245e-01   5.077675e-02   1.422499e-02   7.496756e-03
  3.329950e-01   5.403860e-02   1.421636e-02   7.291569e-03
  3.334656e-01   5.212805e-02   1.420581e-02   7.086338e-03
  3.339361e-01   7.468352e-02   1.419700e-02   6.881152e-03
  3.344066e-01   7.883827e-02   1.418900e-02   6.675965e-03
  3.348771e-01   5.698701e-02   1.417210e-02   6.470778e-03
  3.353476e-01   6.373661e-02   1.416509e-02   6.265591e-03
  3.358182e-01   6.381590e-02   1.415130e-02   6.060361e-03
  3.362887e-01   8.449955e-02   1.414719e-02   5.855174e-03
  3.367592e-01   9.420863e-02   1.414129e-02   5.649987e-03
  3.372297e-01   7.399775e-02   1.415556e-02   5.444800e-03
  3.377002e-01   7.600406e-02   1.443265e-02   5.239614e-03
  3.381707e-01   9.345147e-02   1.469413e-02   5.034427e-03
  3.386413e-01   8.954889e-02   1.486201e-02   4.829196e-03
  3.391118e-01   6.603447e-02   1.498802e-02   4.624010e-03
  3.395823e-01   6.937274e-02   1.505458e-02   4.418823e-03
  3.400528e-01   6.742772e-02   1.506881e-02   4.208071e-03
  3.405233e-01   1.002965e-01   1.507186e-02   3.953293e-03
  3.409939e-01   8.525455e-02   1.509506e-02   3.698461e-03
  3.414644e-01   4.815536e-02   1.512386e-02   3.443683e-03
  3.419349e-01   4.964598e-02   1.515250e-02   3.188905e-03
  3.424054e-01   7.385021e-02   1.519202e-02   2.934128e-03
  3.428759e-01   9.216056e-02   1.522924e-02   2.679350e-03
  3.433464e-01   8.484410e-02   1.526133e-02   2.424572e-03
  3.438170e-01   8.616943e-02   1.528649e-02   2.169740e-03
  3.442875e-01   5.365456e-02   1.530725e-02   1.914962e-03
  3.447580e-01   6.968273e-02   1.532904e-02   1.660185e-03
  3.452285e-01   6.365179e-02   1.535477e-02   1.405407e-03
  3.456990e-01   7.918934e-02   1.538074e-02   1.150629e-03
  3.461695e-01   8.041710e-02   1.540607e-02   8.958512e-04
  3.466401e-01   7.819497e-02   1.542600e-02   6.410192e-04
  3.471106e-01   7.733972e-02   1.544934e-02   3.862414e-04
  3.475811e-01   7.193231e-02   1.546169e-02   1.314636e-04
  3.480516e-01   6.281041e-02   1.548288e-02  -1.233142e-04
  3.485221e-01   8.581688e-02   1.551364e-02  -3.780919e-04
  3.489927e-01   7.253010e-02   1.552484e-02  -6.329239e-04
  3.494632e-01   8.278365e-02   1.554540e-02  -8.877017e-04
  3.499337e-01   7.639815e-02   1.556360e-02  -1.142479e-03
  3.504042e-01   7.041219e-02   1.557702e-02  -1.376522e-03
  3.508747e-01   6.726412e-02   1.559368e-02  -1.607164e-03
  3.513452e-01   7.263210e-02   1.561097e-02  -1.837806e-03
  3.518158e-01   4.696908e-02   1.561879e-02  -2.068496e-03
  3.522863e-01   5.668362e-02   1.563589e-02  -2.299138e-03
  3.527568e-01   6.988559e-02   1.565964e-02  -2.529780e-03
  3.532273e-01   7.604206e-02   1.567201e-02  -2.760421e-03
  3.536978e-01   9.466230e-02   1.569027e-02  -2.991063e-03
  3.541683e-01   7.706189e-02   1.570412e-02  -3.221705e-03
  3.546389e-01   7.945818e-02   1.572008e-02  -3.452395e-03
  3.551094e-01   7.723213e-02   1.572735e-02  -3.683037e-03
  3.555799e-01   7.005300e-02   1.573831e-02  -3.913679e-03
  3.560504e-01   8.737443e-02   1.575583e-02  -4.144321e-03
  3.565209e-01   9.470528e-02   1.577631e-02  -4.374962e-03
  3.569915e-01   8.391084e-02   1.579199e-02  -4.605653e-03
  3.574620e-01   7.682309e-02   1.579610e-02  -4.836295e-03
  3.579325e-01   7.184884e-02   1.580540e-02  -5.066936e-03
  3.584030e-01   7.223709e-02   1.580347e-02  -5.297578e-03
  3.588735e-01   4.191363e-02   1.577963e-02  -5.528220e-03
  3.593440e-01   6.859944e-02   1.576968e-02  -5.758861e-03
  3.598146e-01   7.371389e-02   1.575764e-02  -5.989552e-03
  3.602851e-01   9.486418e-02   1.575747e-02  -6.204414e-03
  3.607556e-01   1.017987e-01   1.576198e-02  -6.409014e-03
  3.612261e-01   9.111433e-02   1.578592e-02  -6.613614e-03
  3.616966e-01   6.334839e-02   1.597840e-02  -6.818214e-03
  3.621672e-01   8.901555e-02   1.652982e-02  -7.022857e-03
  3.626377e-01   5.247110e-02   1.683186e-02  -7.227457e-03
  3.631082e-01   4.875049e-02   1.705632e-02  -7.432057e-03
  3.635787e-01   7.600605e-02   1.724835e-02  -7.636657e-03
  3.640492e-01   7.090108e-02   1.736602e-02  -7.841257e-03
  3.645197e-01   7.883833e-02   1.747952e-02  -8.045857e-03
  3.649903e-01   1.069662e-01   1.757831e-02  -8.250500e-03
  3.654608e-01   1.088831e-01   1.767551e-02  -8.455100e-03
  3.659313e-01   1.026538e-01   1.776774e-02  -8.659700e-03
  3.664018e-01   6.150155e-02   1.784778e-02  -8.864300e-03
  3.668723e-01   8.064455e-02   1.793532e-02  -9.068900e-03
  3.673428e-01   8.479842e-02   1.802323e-02  -9.273500e-03
  3.678134e-01   8.288293e-02   1.810776e-02  -9.478143e-03
  3.682839e-01   7.818001e-02   1.818860e-02  -9.682743e-03
  3.687544e-01   9.820724e-02   1.827986e-02  -9.887343e-03
  3.692249e-01   7.222553e-02   1.835182e-02  -1.009194e-02
  3.696954e-01   7.089135e-02   1.842598e-02  -1.029654e-02
  3.701660e-01   7.287371e-02   1.850722e-02  -1.050314e-02
  3.706365e-01   9.703157e-02   1.859370e-02  -1.071328e-02
  3.711070e-01   9.863729e-02   1.867079e-02  -1.092341e-02
  3.715775e-01   7.086674e-02   1.873709e-02  -1.113355e-02
  3.720480e-01   7.694690e-02   1.881164e-02  -1.134369e-02
  3.725185e-01   9.088222e-02   1.889264e-02  -1.155383e-02
  3.729891e-01   9.147184e-02   1.897433e-02  -1.176401e-02
  3.734596e-01   9.736148e-02   1.904455e-02  -1.197414e-02
  3.739301e-01   9.151102e-02   1.911255e-02  -1.218428e-02
  3.744006e-01   7.593410e-02   1.918287e-02  -1.239442e-02
  3.748711e-01   9.487065e-02   1.926261e-02  -1.260455e-02
  3.753417e-01   9.426776e-02   1.933188e-02  -1.281474e-02
  3.758122e-01   1.006161e-01   1.940620e-02  -1.302487e-02
  3.762827e-01   8.183647e-02   1.947441e-02  -1.323501e-02
  3.767532e-01   6.721140e-02   1.954219e-02  -1.344515e-02
  3.772237e-01   6.522290e-02   1.961146e-02  -1.365528e-02
  3.776942e-01   8.710878e-02   1.968939e-02  -1.386542e-02
  3.781648e-01   9.480859e-02   1.976613e-02  -1.407560e-02
  3.786353e-01   8.630131e-02   1.983051e-02  -1.428574e-02
  3.791058e-01   8.814355e-02   1.990261e-02  -1.449588e-02
  3.795763e-01   7.715994e-02   1.996990e-02  -1.470601e-02
  3.800468e-01   6.806472e-02   2.004365e-02  -1.491783e-02
  3.805173e-01   7.155553e-02   2.012050e-02  -1.514480e-02
  3.809879e-01   6.252525e-02   2.018190e-02  -1.537182e-02
  3.814584e-01   7.323431e-02   2.025480e-02  -1.559879e-02
  3.819289e-01   1.137257e-01   2.033831e-02  -1.582577e-02
  3.823994e-01   8.557325e-02   2.039667e-02  -1.605274e-02
  3.828699e-01   8.076987e-02   2.047229e-02  -1.627971e-02
  3.833405e-01   7.095811e-02   2.054284e-02  -1.650673e-02
  3.838110e-01   8.268834e-02   2.061634e-02  -1.673371e-02
  3.842815e-01   5.740585e-02   2.067575e-02  -1.696068e-02
  3.847520e-01   8.273517e-02   2.077007e-02  -1.718765e-02
  3.852225e-01   7.786252e-02   2.082908e-02  -1.741462e-02
  3.856930e-01   7.634820e-02   2.090194e-02  -1.764160e-02
  3.861636e-01   9.715477e-02   2.097714e-02  -1.786862e-02
  3.866341e-01   9.325401e-02   2.104446e-02  -1.809559e-02
  3.871046e-01   8.557546e-02   2.111789e-02  -1.832256e-02
  3.875751e-01   7.814103e-02   2.119067e-02  -1.854954e-02
  3.880456e-01   6.941697e-02   2.126234e-02  -1.877651e-02
  3.885161e-01   6.018010e-02   2.132923e-02  -1.900348e-02
  3.889867e-01   5.641770e-02   2.140441e-02  -1.923050e-02
  3.894572e-01   7.676306e-02   2.148498e-02  -1.945748e-02
  3.899277e-01   6.283834e-02   2.155487e-02  -1.968445e-02
  3.903982e-01   7.501870e-02   2.163030e-02  -1.991003e-02
  3.908687e-01   1.140370e-01   2.173239e-02  -2.013536e-02
  3.913393e-01   8.365982e-02   2.178766e-02  -2.036074e-02
  3.918098e-01   7.644899e-02   2.181111e-02  -2.058607e-02
  3.922803e-01   7.414345e-02   2.182186e-02  -2.081140e-02
  3.927508e-01   9.842268e-02   2.184595e-02  -2.103672e-02
  3.932213e-01   7.382600e-02   2.186188e-02  -2.126205e-02
  3.936918e-01   7.550151e-02   2.188392e-02  -2.148738e-02
  3.941624e-01   8.752585e-02   2.191905e-02  -2.171276e-02
  3.946329e-01   5.421399e-02   2.193422e-02  -2.193809e-02
  3.951034e-01   7.860914e-02   2.198164e-02  -2.216342e-02
  3.955739e-01   5.290296e-02   2.197741e-02  -2.238874e-02
  3.960444e-01   6.995881e-02   2.201507e-02  -2.261407e-02
  3.965150e-01   6.716475e-02   2.208820e-02  -2.283945e-02
  3.969855e-01   6.359474e-02   2.215886e-02  -2.306478e-02
  3.974560e-01   9.670265e-02   2.224895e-02  -2.329011e-02
  3.979265e-01   7.195412e-02   2.231081e-02  -2.351544e-02
  3.983970e-01   6.584521e-02   2.238390e-02  -2.374077e-02
  3.988675e-01   8.674514e-02   2.247345e-02  -2.396609e-02
  3.993381e-01   1.079337e-01   2.255458e-02  -2.419147e-02
  3.998086e-01   1.158509e-01   2.263269e-02  -2.441680e-02
  4.002791e-01   9.395835e-02   2.269629e-02  -2.462901e-02
  4.007496e-01   1.043300e-01   2.278070e-02  -2.483222e-02
  4.012201e-01   1.243528e-01   2.286709e-02  -2.503543e-02
  4.016906e-01   6.520337e-02   2.291565e-02  -2.523864e-02
  4.021612e-01   7.897770e-02   2.300158e-02  -2.544189e-02
  4.026317e-01   7.841824e-02   2.307663e-02  -2.564510e-02
  4.031022e-01   5.894727e-02   2.315466e-02  -2.584831e-02
