 Wed Oct 29 13:54:01 2008
        MODEL     FREQUENCY
          12           2
          17           3
          22           1
          40           1
          53           1
          91           1
         128           1
         131           1
         140           1
         157           1
         179           1
         180           2
         223           1
         224           3
         242           2
         276           2
         298           2
         309           2
         312           1
         330           2
         358           6
         360           2
         414           3
         415           1
         425           2
         465           1
         471           1
         472           2
         478           2
         487           1
         500           1
         529           1
         531           2
         532           1
         537           2
         550           1
         589           2
         591          11
         617           5
         621           2
         622           1
         638           1
         645           2
         648           2
         665           2
         713           1
         725           1
         745           5
         762           1
         774           1
         785           1
         824           2
         855           2
         866           2
         942           2
         976           1
         983           3
        1045           1
        1073           2
        1083           5
        1086           1
        1099           1
        1122           1
        1127           9
        1136           1
        1176           1
        1182           1
        1187           2
        1190           1
        1211           1
        1214           1
        1232           1
        1249           1
        1260           1
        1272           2
        1287           1
        1353           1
        1356           1
        1426           1
        1466          10
        1475           1
        1505           1
        1522           1
        1523           1
        1524           1
        1542           3
        1545           4
        1550           9
        1559           5
        1567           1
        1569           1
        1615           5
        1616           1
        1627           1
        1637           2
        1638           1
        1652           1
        1665           1
        1667           2
        1685           5
        1699           1
        1719           1
        1732           2
        1757           1
        1764           1
        1788           1
        1802           3
        1816           4
        1823           2
        1840           1
        1872           1
        1884           1
        1903           1
        1909           2
        1939           2
        1988           1
        2006           1
        2030           1
        2040          11
        2074           2
        2096           1
        2133           1
        2146           1
        2147           1
        2188           4
        2216           2
        2254           1
        2291           1
        2330           2
        2344           1
        2352           3
        2360           2
        2389           3
        2410           1
        2430           1
        2437           1
        2471           1
        2500           1
        2552           3
        2560           2
        2581           1
        2623           1
        2625           1
        2640           6
        2641           3
        2654           1
        2724           3
        2740           2
        2789           5
        2797           1
        2817           3
        2832           2
        2870           2
        2884           4
        2894           1
        2936           1
        2938           2
        2946           1
        2947           3
        2963           1
        2968           1
        3018           1
        3045           1
        3051           1
        3066           1
        3202           1
        3210           1
        3217           1
        3221           1
        3229           2
        3271           1
        3283           3
        3291           1
        3299           2
        3328           1
        3332           1
        3341           1
        3350           2
        3353           1
        3389           5
        3456           1
        3501           1
        3552           2
        3578           2
        3594           1
        3602           1
        3605           1
        3653           2
        3657           1
        3671           5
        3682           4
        3686           1
        3688           1
        3707           3
        3758           5
        3766           4
        3780           2
        3800           1
        3814           1
        3862           2
        3863           2
        3868           2
        3902           3
        3913           2
        3925           3
        3928           1
        3944           2
        3952           1
        3955           3
        3983           3
        4006           1
        4007           2
        4056           1
        4079           6
        4099           1
        4139           2
        4165           4
        4216           9
        4230           1
        4237           1
        4249           1
        4261           1
        4349           1
        4380           1
        4425           2
        4467           1
        4481           3
        4500           3
        4526           1
        4546           1
        4553           3
        4573           1
        4597           1
        4602           1
        4609           1
        4613           1
        4617           1
        4635           2
        4663           1
        4666           8
        4669           2
        4671           1
        4678           1
        4744           4
        4752           3
        4807           1
        4813           5
        4823           1
        4842           3
        4854           3
        4872           1
        4898           1
        4908           1
        4918           1
        4928           2
        4933           2
        4967           2
        4993           1
        5012           4
        5034           2
        5074           1
        5101           1
        5108           1
        5124           1
        5145           1
        5160           8
        5175           2
        5196           1
        5210           2
        5222           3
        5223           1
        5245           3
        5257           1
        5262           1
        5265           1
        5304           4
        5305           3
        5344           2
        5350           1
        5361           2
        5414           1
        5425           3
        5445           1
        5473           1
        5478           1
        5517           1
        5525           1
        5526           1
        5534           1
        5544           1
        5557           3
        5567           2
        5585           1
        5604           1
        5609           2
        5614           2
        5634           1
        5658           1
        5709           1
        5712           4
        5716           1
        5722           1
        5736           1
        5780           1
        5804           1
        5887           3
        5894           1
        5940           2
        5954           3
        5984           1
        5995           1
        6013           1
        6024           1
        6052           6
        6053           1
        6060           1
        6099           1
        6125           1
        6129           1
        6216           3
        6217           1
        6221           1
        6227           5
        6259           1
        6270           3
        6304           2
        6314           2
        6368           3
        6379           1
        6385           1
        6394           2
        6395           2
        6433          10
        6467           1
        6472           1
        6474           1
        6500           2
        6504           1
        6596           9
        6617           1
        6652           1
        6656           1
        6668           1
        6691           2
        6725           6
        6757           2
        6758           1
        6773           5
        6794           2
        6850           3
        6856           1
        6863           4
        6886           3
        6904           2
        6920           1
        6974           2
        6989           2
        7027           1
        7065           3
        7074           1
        7137           3
        7168           1
        7218           2
        7222           1
        7229           1
        7238           1
        7247           1
        7257           2
        7275           1
        7295           1
        7297           1
        7331           1
        7335           5
        7356           2
        7366           1
        7370           1
        7374           1
        7380           2
        7389           2
        7398           1
        7400           1
        7522           1
        7523           2
        7526           1
        7570           1
        7575           1
        7595           2
        7618           2
        7640           1
        7674           1
        7706           3
        7714           2
        7729           2
        7731           1
        7735           4
        7761           5
        7777           1
        7781           2
        7783           1
        7793           1
        7818           1
        7835           7
        7840           2
        7843           1
        7859           2
        7896           1
        7938           2
        7939           1
        7977           1
        7990           3
        8000           1
        8013           2
        8015           1
        8018           2
        8031           1
        8038           1
        8063           1
        8079           1
        8100           2
        8101           4
        8106           1
        8187           1
        8250           4
        8271           1
        8316           2
        8359           2
        8446           1
        8463           2
        8468           2
        8474           2
        8492           6
        8506           3
        8521           1
        8531           1
        8542           1
        8547           2
        8577           1
        8604           5
        8611           1
        8634           3
        8674           1
        8683           1
        8711           2
        8729           1
        8756           8
        8769           1
        8775           1
        8794           1
        8817           2
        8836           4
        8911           1
        8912           1
        8945           7
        8974           2
        8977           9
        8983          11
        8986           1
        9003           1
        9014           1
        9037           1
        9065           1
        9090           2
        9129           1
        9165           1
        9201           1
        9208           1
        9218           1
        9221           3
        9242           1
        9254           5
        9257           1
        9262           1
        9280           2
        9282           1
        9288           3
        9302           1
        9326           4
        9343           1
        9349           1
        9367           1
        9397           1
        9511           1
        9524           2
        9572          10
        9579           1
        9590           1
        9596           2
        9664           1
        9669           1
        9687           1
        9695           1
        9715           1
        9716           1
        9738           1
        9758           3
        9815           1
        9820           1
        9830           1
        9865           1
        9889           2
        9891          11
        9907           1
        9921           1
        9973           3
        9988           2
