 sExp iExp Err iFit // Chi^2 = ******
 0.01212   0.714300E+02   0.154500E-03   0.708303E+02
 0.01267   0.687000E+02   0.144100E-03   0.702447E+02
 0.01322   0.700400E+02   0.136100E-03   0.696383E+02
 0.01377   0.694200E+02   0.128600E-03   0.690118E+02
 0.01432   0.670400E+02   0.121400E-03   0.683659E+02
 0.01487   0.668800E+02   0.116100E-03   0.677013E+02
 0.01542   0.672300E+02   0.110900E-03   0.670190E+02
 0.01597   0.637100E+02   0.105900E-03   0.663195E+02
 0.01652   0.670600E+02   0.102900E-03   0.656038E+02
 0.01707   0.626500E+02   0.984600E-04   0.648725E+02
 0.01762   0.652800E+02   0.963100E-04   0.641265E+02
 0.01817   0.624600E+02   0.930000E-04   0.633665E+02
 0.01872   0.610200E+02   0.897900E-04   0.625934E+02
 0.01927   0.626800E+02   0.881200E-04   0.618080E+02
 0.01982   0.612900E+02   0.856900E-04   0.610110E+02
 0.02037   0.594200E+02   0.832200E-04   0.602032E+02
 0.02092   0.590100E+02   0.812900E-04   0.593855E+02
 0.02147   0.586900E+02   0.793100E-04   0.585586E+02
 0.02202   0.583900E+02   0.776700E-04   0.577233E+02
 0.02257   0.578800E+02   0.761500E-04   0.568804E+02
 0.02312   0.570800E+02   0.747200E-04   0.560306E+02
 0.02367   0.560500E+02   0.731000E-04   0.551747E+02
 0.02422   0.544900E+02   0.717100E-04   0.543135E+02
 0.02477   0.537300E+02   0.700800E-04   0.534478E+02
 0.02532   0.520400E+02   0.687400E-04   0.525784E+02
 0.02587   0.504000E+02   0.673500E-04   0.517062E+02
 0.02642   0.511900E+02   0.666000E-04   0.508321E+02
 0.02697   0.505200E+02   0.654000E-04   0.499568E+02
 0.02752   0.477600E+02   0.637800E-04   0.490812E+02
 0.02807   0.476700E+02   0.628600E-04   0.482059E+02
 0.02862   0.458100E+02   0.615500E-04   0.473317E+02
 0.02917   0.454800E+02   0.607100E-04   0.464594E+02
 0.02972   0.445800E+02   0.598400E-04   0.455895E+02
 0.03027   0.445500E+02   0.591000E-04   0.447228E+02
 0.03081   0.433800E+02   0.579100E-04   0.438756E+02
 0.03136   0.438900E+02   0.573700E-04   0.430170E+02
 0.03191   0.415900E+02   0.562400E-04   0.421633E+02
 0.03246   0.411900E+02   0.554500E-04   0.413152E+02
 0.03301   0.409200E+02   0.547900E-04   0.404730E+02
 0.03356   0.392600E+02   0.536900E-04   0.396374E+02
 0.03411   0.401300E+02   0.533500E-04   0.388088E+02
 0.03466   0.384000E+02   0.521900E-04   0.379877E+02
 0.03521   0.369300E+02   0.513400E-04   0.371744E+02
 0.03576   0.355100E+02   0.502500E-04   0.363694E+02
 0.03631   0.353100E+02   0.496300E-04   0.355731E+02
 0.03686   0.353900E+02   0.492000E-04   0.347859E+02
 0.03741   0.343500E+02   0.483900E-04   0.340086E+02
 0.03796   0.329200E+02   0.472600E-04   0.332415E+02
 0.03851   0.335800E+02   0.470400E-04   0.324853E+02
 0.03906   0.328400E+02   0.463000E-04   0.317402E+02
 0.03961   0.309800E+02   0.452700E-04   0.310067E+02
 0.04016   0.298500E+02   0.443400E-04   0.302851E+02
 0.04071   0.294400E+02   0.438500E-04   0.295758E+02
 0.04126   0.288600E+02   0.430700E-04   0.288790E+02
 0.04181   0.282100E+02   0.424500E-04   0.281949E+02
 0.04236   0.278500E+02   0.419600E-04   0.275238E+02
 0.04291   0.280700E+02   0.415500E-04   0.268657E+02
 0.04346   0.267300E+02   0.407000E-04   0.262210E+02
 0.04401   0.257500E+02   0.400500E-04   0.255895E+02
 0.04456   0.247900E+02   0.393600E-04   0.249715E+02
 0.04511   0.249400E+02   0.390900E-04   0.243670E+02
 0.04566   0.234100E+02   0.384400E-04   0.237759E+02
 0.04621   0.233800E+02   0.395400E-04   0.231984E+02
 0.04676   0.217300E+02   0.402400E-04   0.226343E+02
 0.04731   0.223400E+02   0.411700E-04   0.220837E+02
 0.04786   0.218600E+02   0.414100E-04   0.215464E+02
 0.04841   0.215800E+02   0.417700E-04   0.210225E+02
 0.04896   0.211700E+02   0.419300E-04   0.205119E+02
 0.04951   0.210600E+02   0.422400E-04   0.200146E+02
 0.05006   0.192100E+02   0.419800E-04   0.195305E+02
 0.05061   0.192000E+02   0.416800E-04   0.190596E+02
 0.05116   0.192800E+02   0.392400E-04   0.186017E+02
 0.05171   0.190200E+02   0.379000E-04   0.181568E+02
 0.05225   0.171100E+02   0.365800E-04   0.177325E+02
 0.05280   0.169800E+02   0.359600E-04   0.173130E+02
 0.05335   0.168700E+02   0.354300E-04   0.169061E+02
 0.05390   0.157400E+02   0.345600E-04   0.165115E+02
 0.05445   0.163300E+02   0.343800E-04   0.161292E+02
 0.05500   0.156400E+02   0.337300E-04   0.157591E+02
 0.05555   0.154700E+02   0.334100E-04   0.154008E+02
 0.05610   0.150700E+02   0.330100E-04   0.150542E+02
 0.05665   0.154700E+02   0.328100E-04   0.147192E+02
 0.05720   0.141300E+02   0.321400E-04   0.143955E+02
 0.05775   0.144900E+02   0.320400E-04   0.140830E+02
 0.05830   0.143900E+02   0.317400E-04   0.137814E+02
 0.05885   0.130600E+02   0.311400E-04   0.134906E+02
 0.05940   0.134500E+02   0.310200E-04   0.132104E+02
 0.05995   0.124900E+02   0.305500E-04   0.129404E+02
 0.06050   0.132600E+02   0.307000E-04   0.126806E+02
 0.06105   0.123000E+02   0.301900E-04   0.124304E+02
 0.06160   0.114900E+02   0.297900E-04   0.121895E+02
 0.06215   0.122100E+02   0.297400E-04   0.119574E+02
 0.06270   0.116900E+02   0.294000E-04   0.117338E+02
 0.06325   0.114100E+02   0.291300E-04   0.115184E+02
 0.06380   0.107700E+02   0.287500E-04   0.113108E+02
 0.06435   0.108700E+02   0.286400E-04   0.111107E+02
 0.06490   0.998600E+01   0.282000E-04   0.109179E+02
 0.06545   0.108100E+02   0.282400E-04   0.107319E+02
 0.06600   0.100800E+02   0.278100E-04   0.105527E+02
 0.06655   0.106400E+02   0.278500E-04   0.103798E+02
 0.06710   0.106800E+02   0.277000E-04   0.102132E+02
 0.06765   0.101600E+02   0.273700E-04   0.100524E+02
 0.06820   0.902700E+01   0.268300E-04   0.989737E+01
 0.06875   0.999900E+01   0.270700E-04   0.974781E+01
 0.06930   0.933100E+01   0.267600E-04   0.960353E+01
 0.06985   0.923500E+01   0.267400E-04   0.946435E+01
 0.07040   0.941900E+01   0.268500E-04   0.933008E+01
 0.07095   0.930500E+01   0.270300E-04   0.920054E+01
 0.07150   0.915000E+01   0.269900E-04   0.907555E+01
 0.07205   0.896200E+01   0.268100E-04   0.895496E+01
 0.07260   0.879200E+01   0.265500E-04   0.883853E+01
 0.07315   0.858000E+01   0.263300E-04   0.872602E+01
 0.07369   0.845000E+01   0.261200E-04   0.861914E+01
 0.07424   0.909800E+01   0.261300E-04   0.851370E+01
 0.07479   0.834700E+01   0.257900E-04   0.841150E+01
 0.07534   0.809800E+01   0.255300E-04   0.831232E+01
 0.07589   0.823900E+01   0.254300E-04   0.821597E+01
 0.07644   0.832700E+01   0.252200E-04   0.812226E+01
 0.07699   0.827300E+01   0.251400E-04   0.803101E+01
 0.07754   0.794800E+01   0.248600E-04   0.794202E+01
 0.07809   0.769000E+01   0.246200E-04   0.785515E+01
 0.07864   0.779400E+01   0.245200E-04   0.777022E+01
 0.07919   0.802900E+01   0.245300E-04   0.768708E+01
 0.07974   0.780500E+01   0.242900E-04   0.760558E+01
 0.08029   0.759900E+01   0.241300E-04   0.752557E+01
 0.08084   0.725400E+01   0.238700E-04   0.744691E+01
 0.08139   0.706100E+01   0.236100E-04   0.736948E+01
 0.08194   0.726100E+01   0.234500E-04   0.729313E+01
 0.08249   0.754500E+01   0.232400E-04   0.721776E+01
 0.08304   0.734100E+01   0.230200E-04   0.714323E+01
 0.08359   0.706800E+01   0.228500E-04   0.706944E+01
 0.08414   0.671200E+01   0.226400E-04   0.699628E+01
 0.08469   0.703400E+01   0.227500E-04   0.692369E+01
 0.08524   0.679100E+01   0.227700E-04   0.685163E+01
 0.08579   0.657800E+01   0.226400E-04   0.678004E+01
 0.08634   0.676600E+01   0.225200E-04   0.670888E+01
 0.08689   0.636100E+01   0.223600E-04   0.663811E+01
 0.08744   0.653600E+01   0.222700E-04   0.656769E+01
 0.08799   0.670200E+01   0.221400E-04   0.649758E+01
 0.08854   0.630000E+01   0.220400E-04   0.642774E+01
 0.08909   0.659800E+01   0.219300E-04   0.635814E+01
 0.08964   0.616500E+01   0.217500E-04   0.628874E+01
 0.09019   0.624900E+01   0.216800E-04   0.621951E+01
 0.09074   0.631000E+01   0.215400E-04   0.615042E+01
 0.09129   0.590400E+01   0.213400E-04   0.608144E+01
 0.09184   0.579900E+01   0.212400E-04   0.601254E+01
 0.09239   0.574000E+01   0.211600E-04   0.594371E+01
 0.09294   0.564300E+01   0.210300E-04   0.587490E+01
 0.09349   0.574500E+01   0.209800E-04   0.580611E+01
 0.09404   0.585100E+01   0.209900E-04   0.573732E+01
 0.09459   0.561500E+01   0.208100E-04   0.566849E+01
 0.09513   0.568400E+01   0.207400E-04   0.560088E+01
 0.09568   0.550800E+01   0.206800E-04   0.553195E+01
 0.09623   0.560500E+01   0.206200E-04   0.546296E+01
 0.09678   0.553900E+01   0.205200E-04   0.539393E+01
 0.09733   0.575500E+01   0.205900E-04   0.532488E+01
 0.09788   0.528300E+01   0.204400E-04   0.525582E+01
 0.09843   0.489400E+01   0.202600E-04   0.518678E+01
 0.09898   0.523400E+01   0.202900E-04   0.511779E+01
 0.09953   0.491800E+01   0.201500E-04   0.504885E+01
 0.10010   0.522100E+01   0.201500E-04   0.497749E+01
 0.10060   0.496400E+01   0.201000E-04   0.491499E+01
 0.10120   0.452700E+01   0.200200E-04   0.484012E+01
 0.10170   0.510000E+01   0.201300E-04   0.477785E+01
 0.10230   0.513400E+01   0.200900E-04   0.470330E+01
 0.10280   0.521400E+01   0.201400E-04   0.464134E+01
 0.10340   0.462800E+01   0.199100E-04   0.456721E+01
 0.10390   0.445400E+01   0.198100E-04   0.450562E+01
 0.10450   0.442600E+01   0.203900E-04   0.443198E+01
 0.10500   0.436300E+01   0.208900E-04   0.437083E+01
 0.10560   0.446300E+01   0.211900E-04   0.429776E+01
 0.10610   0.388300E+01   0.212200E-04   0.423712E+01
 0.10670   0.429500E+01   0.214400E-04   0.416469E+01
 0.10720   0.410500E+01   0.215500E-04   0.410462E+01
 0.10780   0.392900E+01   0.214500E-04   0.403290E+01
 0.10830   0.431900E+01   0.215100E-04   0.397346E+01
 0.10890   0.376400E+01   0.213000E-04   0.390256E+01
 0.10940   0.349200E+01   0.205800E-04   0.384384E+01
 0.11000   0.391500E+01   0.203300E-04   0.377385E+01
 0.11050   0.408200E+01   0.199100E-04   0.371594E+01
 0.11110   0.404100E+01   0.196300E-04   0.364697E+01
 0.11160   0.374000E+01   0.193700E-04   0.358994E+01
 0.11220   0.366600E+01   0.192500E-04   0.352207E+01
 0.11270   0.363900E+01   0.190800E-04   0.346601E+01
 0.11330   0.340700E+01   0.188900E-04   0.339933E+01
 0.11380   0.372300E+01   0.188500E-04   0.334428E+01
 0.11440   0.354300E+01   0.187000E-04   0.327886E+01
 0.11490   0.343100E+01   0.185700E-04   0.322490E+01
 0.11550   0.287300E+01   0.183300E-04   0.316080E+01
 0.11600   0.301500E+01   0.182900E-04   0.310796E+01
 0.11660   0.285100E+01   0.181900E-04   0.304525E+01
 0.11710   0.263800E+01   0.180000E-04   0.299358E+01
 0.11770   0.270100E+01   0.179300E-04   0.293230E+01
 0.11820   0.262000E+01   0.178700E-04   0.288184E+01
 0.11880   0.329500E+01   0.179200E-04   0.282203E+01
 0.11930   0.321900E+01   0.178600E-04   0.277281E+01
 0.11990   0.269400E+01   0.176500E-04   0.271451E+01
 0.12040   0.227900E+01   0.174900E-04   0.266656E+01
 0.12100   0.244200E+01   0.174400E-04   0.260981E+01
 0.12150   0.261500E+01   0.174300E-04   0.256319E+01
 0.12210   0.258200E+01   0.173700E-04   0.250806E+01
 0.12260   0.265100E+01   0.173000E-04   0.246280E+01
 0.12320   0.213500E+01   0.171300E-04   0.240933E+01
 0.12370   0.265700E+01   0.171700E-04   0.236547E+01
 0.12430   0.231600E+01   0.170000E-04   0.231369E+01
 0.12480   0.199100E+01   0.167700E-04   0.227126E+01
 0.12540   0.236600E+01   0.168100E-04   0.222119E+01
 0.12590   0.206400E+01   0.166600E-04   0.218020E+01
 0.12650   0.214600E+01   0.166800E-04   0.213187E+01
 0.12700   0.173900E+01   0.165000E-04   0.209231E+01
 0.12760   0.225200E+01   0.165500E-04   0.204572E+01
 0.12810   0.239700E+01   0.165500E-04   0.200762E+01
 0.12870   0.219900E+01   0.165200E-04   0.196276E+01
 0.12920   0.191100E+01   0.165000E-04   0.192609E+01
 0.12980   0.180300E+01   0.163900E-04   0.188296E+01
 0.13030   0.195700E+01   0.163500E-04   0.184772E+01
 0.13090   0.181800E+01   0.163300E-04   0.180630E+01
 0.13140   0.146300E+01   0.161900E-04   0.177248E+01
 0.13200   0.154200E+01   0.161600E-04   0.173274E+01
 0.13250   0.160500E+01   0.161200E-04   0.170033E+01
 0.13310   0.199700E+01   0.161700E-04   0.166227E+01
 0.13360   0.164400E+01   0.160600E-04   0.163125E+01
 0.13420   0.139600E+01   0.159500E-04   0.159486E+01
 0.13470   0.129900E+01   0.159000E-04   0.156522E+01
 0.13530   0.133900E+01   0.158400E-04   0.153048E+01
 0.13580   0.127500E+01   0.157900E-04   0.150221E+01
 0.13640   0.144100E+01   0.158400E-04   0.146909E+01
 0.13690   0.153600E+01   0.157500E-04   0.144217E+01
 0.13750   0.139500E+01   0.157000E-04   0.141065E+01
 0.13800   0.136900E+01   0.155900E-04   0.138504E+01
 0.13860   0.149300E+01   0.155900E-04   0.135509E+01
 0.13910   0.128000E+01   0.155000E-04   0.133076E+01
 0.13970   0.131500E+01   0.154600E-04   0.130234E+01
 0.14020   0.169900E+01   0.155200E-04   0.127928E+01
 0.14080   0.164000E+01   0.154600E-04   0.125234E+01
 0.14150   0.107400E+01   0.152800E-04   0.122193E+01
 0.14210   0.125500E+01   0.152600E-04   0.119670E+01
 0.14270   0.108700E+01   0.152100E-04   0.117225E+01
 0.14320   0.841400E+00   0.151000E-04   0.115244E+01
 0.14380   0.132100E+01   0.151900E-04   0.112937E+01
 0.14430   0.107600E+01   0.150800E-04   0.111069E+01
 0.14490   0.144500E+01   0.151400E-04   0.108893E+01
 0.14540   0.102300E+01   0.149800E-04   0.107132E+01
 0.14600   0.104800E+01   0.149600E-04   0.105082E+01
 0.14650   0.764600E+00   0.148900E-04   0.103423E+01
 0.14710   0.905100E+00   0.149200E-04   0.101491E+01
 0.14760   0.109100E+01   0.148800E-04   0.999286E+00
 0.14820   0.881000E+00   0.148600E-04   0.981098E+00
 0.14870   0.101400E+01   0.148600E-04   0.966394E+00
 0.14930   0.759500E+00   0.147600E-04   0.949281E+00
 0.14980   0.808000E+00   0.147700E-04   0.935452E+00
 0.15040   0.905100E+00   0.147200E-04   0.919361E+00
 0.15090   0.104400E+01   0.147900E-04   0.906364E+00
 0.15150   0.819400E+00   0.147200E-04   0.891248E+00
 0.15200   0.752900E+00   0.147300E-04   0.879043E+00
 0.15260   0.561800E+00   0.146900E-04   0.864856E+00
 0.15310   0.726700E+00   0.146000E-04   0.853406E+00
 0.15370   0.701100E+00   0.144900E-04   0.840104E+00
 0.15420   0.902700E+00   0.144800E-04   0.829376E+00
 0.15480   0.652500E+00   0.144000E-04   0.816919E+00
 0.15530   0.648000E+00   0.143600E-04   0.806879E+00
 0.15590   0.100900E+01   0.144200E-04   0.795229E+00
 0.15640   0.576700E+00   0.142800E-04   0.785840E+00
 0.15700   0.886100E+00   0.143400E-04   0.774939E+00
 0.15750   0.986700E+00   0.143500E-04   0.766148E+00
 0.15810   0.640500E+00   0.141900E-04   0.755937E+00
 0.15860   0.649400E+00   0.141600E-04   0.747697E+00
 0.15920   0.475600E+00   0.141200E-04   0.738120E+00
 0.15970   0.559100E+00   0.141200E-04   0.730387E+00
 0.16030   0.723900E+00   0.141200E-04   0.721393E+00
 0.16080   0.771200E+00   0.140900E-04   0.714127E+00
 0.16140   0.808500E+00   0.140600E-04   0.705671E+00
 0.16190   0.664100E+00   0.140100E-04   0.698834E+00
 0.16250   0.797900E+00   0.141000E-04   0.690871E+00
 0.16300   0.562800E+00   0.144400E-04   0.684429E+00
 0.16360   0.645900E+00   0.146500E-04   0.676921E+00
 0.16410   0.667200E+00   0.147900E-04   0.670841E+00
 0.16470   0.690300E+00   0.149200E-04   0.663750E+00
 0.16520   0.928800E+00   0.151100E-04   0.658004E+00
 0.16580   0.801400E+00   0.152000E-04   0.651296E+00
 0.16630   0.633100E+00   0.152000E-04   0.645855E+00
 0.16690   0.520000E+00   0.152500E-04   0.639498E+00
 0.16740   0.678000E+00   0.149500E-04   0.634338E+00
 0.16800   0.814200E+00   0.146700E-04   0.628304E+00
 0.16850   0.596900E+00   0.144700E-04   0.623406E+00
 0.16910   0.342400E+00   0.142600E-04   0.617682E+00
 0.16960   0.678700E+00   0.142400E-04   0.613038E+00
 0.17020   0.560800E+00   0.142000E-04   0.607613E+00
 0.17070   0.479200E+00   0.140600E-04   0.603216E+00
 0.17130   0.599900E+00   0.140400E-04   0.598082E+00
 0.17180   0.610900E+00   0.139500E-04   0.593923E+00
 0.17240   0.566900E+00   0.138700E-04   0.589072E+00
 0.17290   0.462400E+00   0.138300E-04   0.585145E+00
 0.17350   0.561800E+00   0.138000E-04   0.580569E+00
 0.17400   0.504000E+00   0.137300E-04   0.576867E+00
 0.17460   0.382900E+00   0.136500E-04   0.572557E+00
 0.17510   0.682700E+00   0.136600E-04   0.569075E+00
 0.17570   0.558200E+00   0.136000E-04   0.565025E+00
 0.17620   0.371400E+00   0.134800E-04   0.561756E+00
 0.17680   0.640400E+00   0.134700E-04   0.557960E+00
 0.17730   0.774500E+00   0.134700E-04   0.554900E+00
 0.17790   0.695700E+00   0.133800E-04   0.551351E+00
 0.17840   0.498200E+00   0.133200E-04   0.548495E+00
 0.17900   0.875200E+00   0.133700E-04   0.545189E+00
 0.17950   0.672200E+00   0.132800E-04   0.542532E+00
 0.18010   0.416000E+00   0.131900E-04   0.539462E+00
 0.18060   0.154200E+00   0.131600E-04   0.537000E+00
 0.18120   0.602700E+00   0.132600E-04   0.534159E+00
 0.18170   0.681600E+00   0.132200E-04   0.531885E+00
 0.18230   0.331600E+00   0.131500E-04   0.529267E+00
 0.18280   0.712700E+00   0.132000E-04   0.527177E+00
 0.18340   0.376100E+00   0.131000E-04   0.524775E+00
 0.18390   0.458700E+00   0.130600E-04   0.522862E+00
 0.18450   0.666300E+00   0.130600E-04   0.520672E+00
 0.18500   0.940500E+00   0.131000E-04   0.518932E+00
 0.18560   0.509500E+00   0.129600E-04   0.516947E+00
 0.18610   0.536400E+00   0.129400E-04   0.515377E+00
 0.18670   0.452600E+00   0.128900E-04   0.513592E+00
 0.18720   0.674600E+00   0.129000E-04   0.512188E+00
 0.18780   0.648900E+00   0.128900E-04   0.510600E+00
 0.18830   0.480000E+00   0.128300E-04   0.509357E+00
 0.18890   0.478900E+00   0.128000E-04   0.507962E+00
 0.18940   0.397900E+00   0.128000E-04   0.506878E+00
 0.19000   0.496200E+00   0.127700E-04   0.505672E+00
 0.19050   0.345100E+00   0.127000E-04   0.504744E+00
 0.19110   0.338500E+00   0.126300E-04   0.503724E+00
