0.010642 398.339176359257 34.090041049115
0.011250 392.042225224549 75.6940480851914
0.011859 403.988326350658 151.880213148552
0.012467 397.562722118813 266.463600745355
0.013075 406.98843905377 145.146436492099
0.013683 394.672534841486 120.759071711419
0.014291 395.417807536874 93.9891147962467
0.014899 389.362362272263 72.6199876116533
0.015507 392.314782354476 57.6694213643202
0.016115 388.455419661958 45.8435062744925
0.016724 385.449856559595 36.3515277608559
0.017332 386.446862150527 28.5211588999349
0.017940 377.99652792265 25.2267141233912
0.018548 377.016146101322 22.2244236375755
0.019156 373.083408149891 17.8457981160051
0.019764 370.497365616056 15.58658930487
0.020372 369.733893398443 13.322427465911
0.020980 361.268033901988 11.1885654991224
0.021589 359.283033905827 10.4952089536585
0.022197 354.508544223568 9.6204779637335
0.022805 354.616602261405 7.77369020610568
0.023413 348.100687659121 7.35519623513387
0.024021 345.58374717187 6.09479107417131
0.024629 337.468562979669 5.53899263689849
0.025237 333.766175657447 5.82932451517724
0.025845 333.273471935116 5.24899121175102
0.026454 326.028670136262 4.52271409071635
0.027062 324.740098888101 3.9722144529809
0.027670 314.70821624075 3.78160086285859
0.028278 314.806887221938 3.26069484222299
0.028886 308.896524580181 3.31561927819104
0.029494 305.951044392397 3.09467453740685
0.030102 300.515465673225 2.55900769669331
0.030710 296.826557289031 2.57200681593919
0.031319 292.751222081125 2.46970572011947
0.031927 288.090287848823 2.18713682034578
0.032535 284.995133077236 2.3387024794638
0.033143 278.494161480953 2.30251217003884
0.033751 274.091866135453 2.13231781577566
0.034359 269.794743260916 1.97045564078813
0.034967 264.94840983389 1.92779360611418
0.035575 260.589820408428 1.76481132858751
0.036184 257.782262826399 1.71111305065372
0.036792 250.779790322411 1.57540822707472
0.037400 246.554084006708 1.6048908190004
0.038008 240.237736272707 1.57599137023444
0.038616 237.239128356364 1.49470072537597
0.039224 231.26604069547 1.64749811387135
0.039832 229.366714608707 1.45558991565836
0.040440 224.006739195396 1.57904099880363
0.041049 221.283329554197 1.29363252628937
0.041657 215.249167593931 1.489937444481
0.042265 212.14992553602 1.4034485782751
0.042873 208.52074972775 1.48072799037738
0.043481 204.334342142492 1.35662083499516
0.044089 200.528965068312 1.52202577743315
0.044697 196.752158678085 1.45127565944414
0.045305 192.199877359987 1.34024267345285
0.045914 188.465794747267 1.31068954436673
0.046522 184.57118751737 1.43761624706725
0.047130 180.28231669979 1.33727341903386
0.047738 178.286109719982 1.26850122407948
0.048346 171.238252968148 1.16161254854872
0.048954 170.573966031378 1.09637196494182
0.049562 166.175182489891 1.19472861011229
0.050170 162.325313950701 1.11434466921268
0.050779 157.19326757177 1.22207439460321
0.051387 155.252971178105 1.13710295039564
0.051995 149.425574172795 1.11336193800722
0.052603 148.029774026785 1.06626140768547
0.053211 144.706247368105 1.22578549262468
0.053819 140.080652192344 0.967490728335604
0.054427 137.919812884 1.11113716645569
0.055035 135.115332652928 0.957212529331515
0.055644 131.484863026898 0.97373206739102
0.056252 128.383901569695 0.91863442706824
0.056860 125.982341792556 0.934130032981476
0.057468 121.794579455175 0.89498098752726
0.058076 119.958565122936 0.936882440591727
0.058684 116.610660116279 0.906533438634136
0.059292 113.647023905138 0.89892143045398
0.059900 110.228561562661 0.858276571357887
0.060509 107.777326806972 0.930043132880094
0.061117 104.650517721479 0.917148168867095
0.061725 102.317501654092 0.914728177535086
0.062333 99.7631074030192 0.840072598259495
0.062941 96.38055566359 0.88716707273228
0.063549 95.1782790229462 0.871315183264926
0.064157 91.3737782911123 0.84316276308572
0.064765 89.5114841223747 0.917781265295274
0.065374 86.7829619356327 0.829692758393258
0.065982 85.3469259614966 0.96929329759636
0.066590 82.3761534201939 0.865874520324829
0.067198 81.4712365027317 0.751568786185693
0.067806 77.6145140323227 0.768357599355064
0.068414 76.4812049123949 0.833984599661675
0.069022 74.5826365846048 0.74650882961604
0.069630 71.535804370046 0.782853434896625
0.070238 70.1204030351535 0.767644102359273
0.070847 68.2294533886498 0.757806279346704
0.071455 66.4915958453141 0.75652978404344
0.072063 65.4787956941566 0.771579544050428
0.072671 63.1734078462455 0.688482152502993
0.073279 62.1477169297603 0.710967370743709
0.073887 59.9805237622781 0.649093621413992
0.074495 58.1304312246243 0.676872669398634
0.075103 56.4671528009928 0.686326631567032
0.075712 54.3761997474406 0.740582843664304
0.076320 52.6378219002777 0.647716173702281
0.076928 52.1124951000713 0.706509806875742
0.077536 50.8548277967212 0.702058919006308
0.078144 48.8210065912712 0.647813349912419
0.078752 48.318378993687 0.682989946446276
0.079360 46.3837833519545 0.606489722369715
0.079968 44.6356822612381 0.627105992514928
0.080576 44.0180951944222 0.615390042535743
0.081185 41.7051555939231 0.610664807743659
0.081793 41.0189016599632 0.612934307426178
0.082401 40.0170838255385 0.642300412371833
0.083009 38.3284466985897 0.591078273273537
0.083617 38.1237729562433 0.594889481678821
0.084225 36.7806784699766 0.616531542106107
0.084833 36.2551865657575 0.550874794215897
0.085441 35.2424679802699 0.58653592189239
0.086049 33.1032716809613 0.559070954035849
0.086658 32.8869872158558 0.564992463535599
0.087266 31.85111728213 0.571661030730906
0.087874 31.8568467337162 0.55439357987055
0.088482 30.6897310447767 0.532208207691574
0.089090 29.5872414675252 0.508337926479127
0.089698 29.3957614643776 0.538071982934332
0.090306 28.6559560843424 0.53427693373465
0.090914 27.4217214294902 0.490152114528113
0.091522 26.898435158559 0.569084956062085
0.092131 26.2253200704355 0.508836233817446
0.092739 25.6130298747752 0.498045353837185
0.093347 24.4158769617753 0.501889236960847
0.093955 23.847834853808 0.54683251093733
0.094563 23.0695480069932 0.484903645685848
0.095171 23.6388667389269 0.503299235471779
0.095779 22.6750644070014 0.536030045612566
0.096387 22.1607479212458 0.541621169061729
0.096995 21.3426586549394 0.491955379354607
0.097604 20.9324462523279 0.516407825009337
0.098212 20.3764957084312 0.530847701578319
0.098820 19.960531342232 0.554950451045894
0.099428 20.1143355278379 0.489029091575742
0.100036 18.924395905203 0.489993363868021
0.100644 18.2550972151654 0.492011281496153
0.101252 17.7184546283939 0.48490860451556
0.101860 17.0730965437437 0.51351289121536
0.102468 17.2071129110943 0.494574480712242
0.103077 16.8100865127014 0.492840054649118
0.103685 16.720622821815 0.473590403036049
0.104293 16.4183975780437 0.481314568099495
0.104901 15.5561837752893 0.488363260078373
0.105509 15.6475998752141 0.432470606170569
0.106117 16.029289011286 0.503681884980946
0.106725 15.0436623036 0.463627776534074
0.107333 14.5411082050191 0.475814335961218
0.107941 14.4486241897676 0.457878170191096
0.108550 13.9962081811109 0.479600077869213
0.109158 14.0110618428384 0.4532996205562
0.109766 13.8911827183266 0.464855678176377
0.110374 14.1655279762707 0.48227189352824
0.110982 13.6317589566248 0.500300423952997
0.111590 13.4547146064253 0.47437494157492
0.112198 13.7851384523215 0.456806090147123
0.112806 13.2788459168914 0.430512933011417
0.113414 12.3723111153012 0.435038671942451
0.114022 12.2465442079422 0.43110801787585
0.114631 11.922947182529 0.41966500175672
0.115239 11.9448235542826 0.4398431269813
0.115847 11.6707408328436 0.43170232791025
0.116455 11.6447117252507 0.444322138016709
0.117063 11.3885430009749 0.433493621373804
0.117671 11.1559655096651 0.422194963826554
0.118279 11.0164105628269 0.414491341013847
0.118887 10.7257013600405 0.426278985802789
0.119495 10.8163839435759 0.4235073112362
0.120103 10.7842020418178 0.417330908413662
0.120712 9.77138764474875 0.407332799909482
0.121320 10.133279131794 0.416364044521018
0.121928 9.2925471694202 0.39608878606094
0.122536 10.1106614734964 0.399720548913748
0.123144 9.3561900720593 0.428911967700968
0.123752 9.47292067811145 0.395010129172147
0.124360 9.49320823582593 0.396158450431655
0.124968 9.17642148493493 0.398076681850677
0.125576 9.33756920673647 0.411288398261644
0.126184 9.60756482657901 0.418686144349619
0.126793 9.10857974473288 0.40988906716762
0.127401 9.37652169988228 0.397316377947635
0.128009 8.785279961801 0.431346904262452
0.128617 9.30921919925835 0.421527867109179
0.129225 9.12815730457334 0.407667821138082
0.129833 8.82705355717667 0.412098535723721
0.130441 8.38645582304666 0.411786946349046
0.131049 8.17554373461551 0.39754769101862
0.131657 8.15229623373662 0.437534599156502
0.132265 7.45612398115288 0.38155672685905
0.132873 8.00630173417708 0.407468839106974
0.133482 8.04181471309665 0.399155324293231
0.134090 8.09438291326786 0.401671506217856
0.134698 7.89565644278288 0.393039405419779
0.135306 8.24419410141967 0.409390323868342
0.135914 7.88186709025049 0.407986248567536
0.136522 8.13786383373079 0.400078971347711
0.137130 6.92707908089722 0.401562323036837
0.137738 7.51116301686294 0.408066062302168
0.138346 7.08203786215547 0.387403387454567
0.138954 7.46798326170023 0.398478025214964
0.139562 7.42046717567107 0.392263185562349
0.140171 7.0253510989113 0.376003875553849
0.140779 6.90425190002309 0.396846738740562
0.141387 6.8119257572299 0.379264218721961
0.141995 6.69708213108181 0.379632983309953
0.142603 7.09977473874464 0.418088976219185
0.143211 6.53964327839222 0.389850152078172
0.143819 6.46397753162684 0.396933682283924
0.144427 6.34718668391281 0.38742395510833
0.145035 6.42808910323322 0.385836932901765
0.145643 5.75842690493693 0.373946097337286
0.146251 5.91196408564475 0.388687897453017
0.146860 6.24025590195327 0.375125046910126
0.147468 5.94298666804502 0.371241826491804
0.148076 5.96982148280222 0.364309491280787
0.148684 5.88416971110159 0.378171802707116
0.149292 5.61069667626625 0.36501853926243
0.149900 5.39753648898478 0.360652891924176
0.150508 5.81488483671396 0.390086413314154
0.151116 6.08133514455319 0.368878630107496
0.151724 5.28215384323497 0.385807602599265
0.152332 5.74535761385633 0.38122486525651
0.152940 5.02069687895648 0.365375017093408
0.153548 5.07377220896916 0.407472848348069
0.154156 4.77232642140516 0.348401447184059
0.154765 4.9502465255175 0.361031847233973
0.155373 5.09731232254585 0.369000741161556
0.155981 4.66335940642653 0.361692569121456
0.156589 4.55191633411309 0.365254037952903
0.157197 4.64793848562529 0.383061918471415
0.157805 4.1731425160261 0.366393544491615
0.158413 4.53331401498664 0.357322977202941
0.159021 4.30197603618 0.388042014415288
0.159629 4.25503769749951 0.539491158631441
0.160237 4.31703797925726 0.372211352217877
0.160845 3.78344408366905 0.551556605550059
0.161453 4.17437165673831 0.50404258949612
0.162061 3.6107501890656 0.369817512757948
0.162670 3.90454904556511 0.406486391107446
0.163278 4.04349877330412 0.360455491363837
0.163886 4.02862048668348 0.366415000144303
0.164494 3.48759346677105 0.378928510500776
0.165102 3.64508002848174 0.363501025729191
0.165710 3.89076255616001 0.351471192213624
0.166318 3.63534451701146 0.494263372357051
0.166926 3.63533140505027 0.411931581259881
0.167534 3.50906492051724 0.602918138160422
0.168142 3.19783583165206 0.360448564449617
0.168750 3.17440420389779 0.527681003186764
0.169358 3.25199600116413 0.365822800901581
0.169966 3.31469819894048 0.381980752455556
0.170574 3.18616931255191 0.355974948432818
0.171183 3.22246128495454 0.344585975393404
0.171791 3.1506785007157 0.374828240150062
0.172399 3.39178415387909 0.364722380675358
0.173007 3.17990303184727 0.358943041475316
0.173615 3.21741680048602 0.344131498796318
0.174223 2.96830413318497 0.360661935919798
0.174831 3.29617819844227 0.35004033827145
0.175439 2.70643588315306 0.364417274583743
0.176047 2.66923144737322 0.348378503846293
0.176655 2.71509530318584 0.356718663603361
0.177263 2.87214152035728 0.343360554796772
0.177871 2.41331397126855 0.344063920190836
0.178479 2.54682109462786 0.33722226188564
0.179087 2.32055498155538 0.354804776086633
0.179695 2.34221244409386 0.349155253829511
0.180304 2.60861311078254 0.349336285927237
0.180912 2.28371695682164 0.345581428678171
0.181520 2.26471798562162 0.352811047923058
0.182128 1.92146639457248 0.336893425428613
0.182736 2.38604650614681 0.345507916296535
0.183344 1.91279074307137 0.343693797739699
0.183952 2.0940543937098 0.327950027206207
0.184560 1.59955466392711 0.346380750777719
0.185168 1.71947896977374 0.564384478518387
0.185776 1.75795225800818 0.358097651103253
0.186384 2.0497783991945 0.390111221901572
0.186992 1.63011196219424 0.337340208096256
0.187600 2.27372397398701 0.323637764499198
0.188208 1.74491220513605 0.351781029718766
0.188816 1.96253587215931 0.331071547210212
0.189424 1.82581518171275 0.333561296922695
0.190032 1.68918366364668 0.342174941398013
0.190641 1.93624216573356 0.323613951130289
0.191249 1.33498992910873 0.347246405545492
0.191857 1.53548337857893 0.340552687219866
0.192465 1.78378887256518 0.328766863901582
0.193073 1.75483611839123 0.334354581573295
0.193681 1.55669929570153 0.337412551182286
0.194289 1.58593136267106 0.327967605593295
0.194897 1.33647313233373 0.322275045342144
0.195505 1.69248248804974 0.329894187917906
0.196113 1.40767879506998 0.335818766679613
0.196721 1.83430154199022 0.334276719948379
0.197329 1.74067416972173 0.353129600909526
0.197937 1.41858511555914 0.332227352024303
0.198545 1.63968576091002 0.318075539276971
0.199153 1.65108065335278 0.337055360430006
0.199761 1.66815716036805 0.336767545149401
0.200369 1.87148888017065 0.344244805309433
0.200977 1.8824380895145 0.329520564435605
0.201585 2.02785332033298 0.326295833871102
0.202193 2.30082481940401 0.349875079024684
0.202802 1.72267038608732 0.348954759785306
0.203410 2.00217376026717 0.338327013480883
0.204018 1.82649465958675 0.309315184205529
0.204626 1.56477364116549 0.318988110432864
0.205234 1.4626013069099 0.325446090984507
0.205842 1.84674059197935 0.329184483534134
0.206450 1.22032095632186 0.341191589182721
0.207058 1.92150849370866 0.331485443819438
0.207666 1.42331610578626 0.325091007127325
0.208274 1.14303281110786 0.334296732025642
0.208882 1.1759077557664 0.324138448295011
0.209490 1.06482860183287 0.322652736568102
0.210098 1.37717941994801 0.328057424692534
0.210706 1.21022620908851 0.319047927336573
0.211314 1.43603709640639 0.319525936676391
0.211922 1.20115621127247 0.334954818011944
0.212530 1.2872078523255 0.331687978874195
0.213138 0.871005554566865 0.32195265796603
0.213746 1.36429114893274 0.333809843702873
0.214354 1.23268809748419 0.311962526360159
0.214962 1.43609149002903 0.321911743762864
0.215570 1.4608414642523 0.333565176894
0.216178 1.58343518265232 0.333531039688227
0.216786 1.49372314522122 0.327088431547255
0.217394 1.21766112716468 0.332317898431528
0.218002 1.41841693897008 0.318093988179004
0.218610 1.42105983194136 0.317322535787736
0.219219 1.05554692521249 0.324039045698734
0.219827 1.27974401044743 0.303848806224766
0.220435 1.1180977306345 0.320570445250523
0.221043 0.897688111390722 0.314466838686541
0.221651 1.32832855582917 0.329778862782437
0.222259 1.59030843668591 0.313679895856352
0.222867 1.31818749941488 0.319588979808107
0.223475 1.08967543810723 0.325034462224039
0.224083 1.07275124091364 0.307565424336136
0.224691 1.05424579591709 0.331562274214106
0.225299 1.06815212687473 0.314287805770587
0.225907 1.1878724487934 0.322729828374605
0.226515 0.858737718731299 0.323585819594305
0.227123 1.07724101269637 0.315768469442838
0.227731 0.894362221116363 0.320318719483503
0.228339 1.08111681884468 0.45472534520065
0.228947 0.897310965998341 0.487583346859874
0.229555 1.15192235276414 0.335681320384005
0.230163 0.884486057113528 0.39331221691323
0.230771 0.948395450506336 0.405219150314878
0.231379 1.22755142959217 0.317803073289504
0.231987 0.963530278401503 0.318230151422782
0.232595 1.71624991732778 0.31493947620284
0.233203 0.958378450296592 0.37275174794501
0.233811 1.55386897218222 0.471749674126072
0.234419 1.17426386975106 0.559692458690358
0.235027 1.64821052067474 0.312239468764423
0.235635 1.04213703983301 0.36429490108392
0.236243 1.43458841875517 0.319315022567532
0.236851 1.24228291904432 0.322147140303208
0.237459 0.864212393084166 0.331839229892437
0.238067 1.01183066419138 15.8432220424352
0.238675 1.3087883350768 15.7061198192941
0.239283 0.895520069006262 16.3053634594673
0.239891 0.801709827266311 15.8574034160497
0.240499 1.50475185515189 1.7922241951709
0.241107 0.748907425546268 3.18581110726526
0.241715 1.25418796039861 0.327141166819954
0.242323 1.16108207285636 0.321186860939557
0.242931 0.549805548871616 0.305620542658936
0.243539 0.989537481179135 0.337663128098997
0.244147 0.972173155560525 0.354994159845505
0.244755 0.864676827588862 0.319564831445328
0.245363 0.834124097502362 0.307557887770697
0.245971 1.05218595698287 0.323520531797374
0.246579 1.02580958148551 0.333551468843736
0.247187 1.08054791580275 0.310780303615878
0.247795 0.932007345894448 0.325181863763315
0.248403 0.84470444105671 0.326341336617379
0.249011 0.683557918671004 0.309871722685242
0.249619 0.956772504275124 0.316613699635117
0.250227 1.03807224033991 0.316026812365391
0.250835 0.988149673628135 0.32078759478918
0.251443 1.63138531408107 0.313586837346772
0.252051 1.21951399564843 0.323623027572359
0.252659 1.48761237444213 0.304664817483038
0.253267 1.04447652624568 0.323347722364141
0.253875 1.30161608993917 0.316900889837823
0.254483 1.12214502834138 0.317543990306944
0.255091 0.878863708001605 0.306620621800457
0.255699 1.05040637681809 0.324101993453436
0.256307 0.850469536824364 0.311202877750274
0.256915 0.595288029573905 0.316749705822064
0.257523 1.01688533457926 0.319123805374623
0.258131 1.09850255884432 0.31911866172502
0.258739 1.29694493794519 0.306370401596985
0.259347 1.13205079262176 0.324308676931293
0.259955 1.17157650450804 0.307894069176991
0.260563 1.49898269027474 0.303721016237819
0.261171 1.27389966770869 0.323673580683966
0.261779 1.25368930564225 0.309468858152176
0.262387 1.58450249269771 0.313191640864227
0.262995 1.2438411099411 0.308075566747165
0.263603 1.0232497997393 0.42815679443265
0.264211 1.12960748939855 0.354732574153339
0.264819 0.884324161031918 0.40483124134358
0.265427 0.789416306771915 0.336973324916196
0.266035 0.863815000072221 0.315562263815792
0.266643 0.755138095569404 0.314324644345177
0.267251 1.0288639200412 0.307327462257272
0.267859 0.937665979511243 0.423918720318573
0.268467 0.985957450187 0.374866728899301
0.269075 1.01088279494467 0.745230637367019
0.269683 0.994675309083904 0.44608042955445
0.270291 1.25804483186517 0.573937849584018
0.270899 0.972908469505751 0.425234742685169
0.271507 1.16080856153246 0.31393108375766
0.272115 0.777552122723869 0.323335956212201
0.272723 0.951602892709172 0.304442823706091
0.273331 0.847724840579363 0.30841663936761
0.273939 0.89553458614852 0.314658439471344
0.274547 1.17955555556571 0.347404441202525
0.275155 0.929691992710009 0.308504830257761
0.275763 1.1800308645373 0.323746204918536
0.276371 1.09824308735335 0.429219979937285
0.276979 0.93252118279352 1.08978643249262
0.277587 0.592186208584403 0.310998075035569
0.278195 0.680441525202364 0.333261361642621
0.278803 0.663031592415626 0.317526296216791
0.279411 0.812607249916849 0.312753912783802
0.280019 0.779463267286244 0.302997543566106
0.280626 0.769581389543227 0.313967524808917
0.281234 0.575942982122159 0.321181486545068
0.281842 0.683657821298702 0.311668448572781
0.282450 0.859877312176403 0.309941502087611
0.283058 0.879246496709028 0.312926043462939
0.283666 0.821084951676636 0.304800527406308
0.284274 0.831541347602634 0.295583237332047
0.284882 0.887141347268394 0.314708154404878
0.285490 1.13689571177384 0.297527740996287
0.286098 1.25666817607008 0.309444635713554
0.286706 1.1089421851179 0.30276735179892
0.287314 1.10673684561397 0.301754537710109
0.287922 0.93525749819495 0.30187285342593
0.288530 1.07814707922033 0.302595164142874
0.289138 1.25267835012496 0.294419362292438
0.289746 1.11519874061817 0.300430819701306
0.290354 1.09286244935373 0.307071911917284
0.290962 1.2850610479125 0.301208429997516
0.291570 1.06073193448288 0.340828822887948
0.292178 0.856438732861023 0.302727831670817
0.292786 1.07013079720207 0.290667196743494
0.293394 0.91838745830183 0.297175705946798
0.294002 1.27627196740312 0.295731002481227
0.294610 1.0758399353997 0.292901862054009
0.295217 1.09014624270696 0.288855690208204
0.295825 1.12385370856868 0.302246226083552
0.296433 0.910523476207279 0.293566043621064
0.297041 0.932820864351889 0.303491057899848
0.297649 1.21940238323711 0.299369731108835
0.298257 1.0430980666584 0.298028000808402
0.298865 1.09499223406715 0.294698607006525
0.299473 0.76721217930608 0.298312338186111
0.300081 0.855824467410486 0.302155702871487
0.300689 1.02244634767124 0.288242714930349
0.301297 0.835640484542602 0.294179718667981
0.301905 0.821304999064272 0.296945062962079
0.302513 0.81389456706407 0.285123606617397
0.303121 0.923202244519159 0.296490371652347
0.303729 1.08918424386631 0.285727695337954
0.304337 0.916546043196837 0.278647700117305
0.304945 1.12210192522992 0.292809046434395
0.305553 0.624711520254588 0.28109849968011
0.306160 0.662324979894277 0.27731045678985
0.306768 0.716714396851183 0.294691134375167
0.307376 0.956949830225107 0.309044325427514
0.307984 1.00698367231326 0.323542698646167
0.308592 1.24761626267198 0.328445846169069
0.309200 1.07778077363945 0.354154010449979
0.309808 1.00046077725006 0.344653232076799
0.310416 1.00331508116699 0.377772303021254
0.311024 1.32029116807591 0.409621702927064
0.311632 0.945237984619949 0.358305880837181
0.312240 0.805270082260152 0.368250794737706
0.312848 0.875469663078449 0.378244181350115
0.313456 0.716588553756093 0.374330561069138
0.314064 0.922402441686954 0.385365333237067
0.314671 1.13740030924521 0.397908782564804
0.315279 0.650679697700608 0.400113672570441
0.315887 1.26462561954016 0.428649578809719
0.316495 0.688982628962333 0.421502842677296
0.317103 0.849943423017468 0.431007327872927
0.317711 1.0538013912366 0.420056556586063
0.318319 1.13226153761222 0.592125652903736
0.318927 1.09909919620033 0.463677234641834
0.319535 1.30040231804811 0.544175236725563
0.320143 0.909869198080626 0.489113981242516
0.320751 1.13395655561698 0.469065235670414
0.321359 1.06743826001019 0.517384300340722
0.321967 1.411145300623 0.527845196192114
0.322574 0.910827441152576 0.523511958092176
0.323182 0.936368025616608 0.537591424352473
0.323790 1.28601064979773 0.590899011941981
0.324398 1.10382370548798 0.56997090218991
0.325006 0.537111760312763 0.648593935217375
0.325614 -0.104898638893462 1.60689077588676
