Sample description: HEADER
Sample: HEADER  c= 0 mg/ml  Code: 
Parent(s): E:/Data/SAXS/SAXS_pin1/buffer019-021/avrg_002.dat E:/Data/SAXS/SAXS_pin1/buffer019-021/avrg_001.dat
 8.685810e-003  1.476140e+002  6.159898e+001
 9.142958e-003  1.453610e+002  5.458044e+001
 9.600105e-003  1.458920e+002  4.038899e+001
 1.005725e-002  1.483540e+002  3.338398e+001
 1.051440e-002  1.468680e+002  2.655303e+001
 1.097154e-002  1.482980e+002  1.971466e+001
 1.142869e-002  1.466040e+002  1.583410e+001
 1.188584e-002  1.468300e+002  1.312256e+001
 1.234298e-002  1.471265e+002  1.144142e+001
 1.280013e-002  1.475583e+002  9.526215e+000
 1.325728e-002  1.483838e+002  7.314504e+000
 1.371442e-002  1.474167e+002  6.324384e+000
 1.417157e-002  1.462004e+002  5.225393e+000
 1.462871e-002  1.432576e+002  4.674601e+000
 1.508586e-002  1.432380e+002  3.841137e+000
 1.554300e-002  1.436263e+002  3.213500e+000
 1.600015e-002  1.414877e+002  3.065602e+000
 1.645729e-002  1.413557e+002  2.546618e+000
 1.691444e-002  1.402633e+002  2.333984e+000
 1.737158e-002  1.396648e+002  1.927440e+000
 1.782872e-002  1.392013e+002  1.764488e+000
 1.828587e-002  1.388513e+002  1.669148e+000
 1.874301e-002  1.374378e+002  1.387401e+000
 1.920016e-002  1.363010e+002  1.305303e+000
 1.965730e-002  1.364260e+002  1.143977e+000
 2.011444e-002  1.345215e+002  1.091603e+000
 2.057158e-002  1.354529e+002  1.021605e+000
 2.102873e-002  1.339807e+002  9.051742e-001
 2.148587e-002  1.336895e+002  8.632919e-001
 2.194301e-002  1.321426e+002  7.660716e-001
 2.240015e-002  1.324657e+002  7.583510e-001
 2.285729e-002  1.315324e+002  6.833119e-001
 2.331443e-002  1.312762e+002  7.063434e-001
 2.377157e-002  1.303347e+002  7.081257e-001
 2.422871e-002  1.292199e+002  6.187995e-001
 2.468585e-002  1.292994e+002  6.474224e-001
 2.514299e-002  1.291111e+002  5.826485e-001
 2.560013e-002  1.281808e+002  5.932394e-001
 2.605727e-002  1.274296e+002  5.704742e-001
 2.651441e-002  1.268077e+002  5.542389e-001
 2.697155e-002  1.259098e+002  5.313965e-001
 2.742869e-002  1.260001e+002  5.017993e-001
 2.788582e-002  1.248498e+002  5.042391e-001
 2.834296e-002  1.245720e+002  4.916002e-001
 2.880010e-002  1.242196e+002  4.716917e-001
 2.925724e-002  1.234460e+002  4.846260e-001
 2.971437e-002  1.223621e+002  4.308939e-001
 3.017151e-002  1.224978e+002  4.690068e-001
 3.062864e-002  1.210775e+002  4.405180e-001
 3.108578e-002  1.209140e+002  4.210527e-001
 3.154291e-002  1.207108e+002  4.097574e-001
 3.200005e-002  1.192719e+002  3.953194e-001
 3.245718e-002  1.194032e+002  3.898075e-001
 3.291431e-002  1.184664e+002  3.654576e-001
 3.337145e-002  1.181449e+002  3.724723e-001
 3.382858e-002  1.171424e+002  3.535564e-001
 3.428571e-002  1.163357e+002  3.538651e-001
 3.474284e-002  1.154813e+002  3.388492e-001
 3.519997e-002  1.156820e+002  3.364641e-001
 3.565711e-002  1.140349e+002  3.327738e-001
 3.611424e-002  1.137590e+002  3.342692e-001
 3.657137e-002  1.131304e+002  3.200833e-001
 3.702849e-002  1.125527e+002  3.164660e-001
 3.748562e-002  1.119492e+002  3.156964e-001
 3.794275e-002  1.113703e+002  3.193614e-001
 3.839988e-002  1.110232e+002  3.096583e-001
 3.885701e-002  1.099903e+002  2.992307e-001
 3.931414e-002  1.095956e+002  2.899419e-001
 3.977126e-002  1.087609e+002  2.887648e-001
 4.022839e-002  1.080666e+002  2.980030e-001
 4.068551e-002  1.075423e+002  2.820738e-001
 4.114264e-002  1.066188e+002  2.941363e-001
 4.159976e-002  1.063618e+002  2.827464e-001
 4.205689e-002  1.059265e+002  2.858183e-001
 4.251401e-002  1.050251e+002  2.758594e-001
 4.297113e-002  1.036310e+002  2.708890e-001
 4.342826e-002  1.040228e+002  2.784849e-001
 4.388538e-002  1.029223e+002  2.728443e-001
 4.434250e-002  1.024741e+002  2.757801e-001
 4.479962e-002  1.014748e+002  2.839121e-001
 4.525674e-002  1.010988e+002  2.735277e-001
 4.571386e-002  1.002991e+002  2.768716e-001
 4.617098e-002  9.972480e+001  2.778993e-001
 4.662810e-002  9.900239e+001  3.209841e-001
 4.708521e-002  9.839579e+001  2.888659e-001
 4.754233e-002  9.790071e+001  2.764508e-001
 4.799945e-002  9.747166e+001  2.730666e-001
 4.845656e-002  9.645435e+001  2.872912e-001
 4.891368e-002  9.587332e+001  2.633847e-001
 4.937079e-002  9.555258e+001  2.627899e-001
 4.982791e-002  9.445640e+001  2.566957e-001
 5.028502e-002  9.417120e+001  2.555889e-001
 5.074213e-002  9.331063e+001  2.450014e-001
 5.119925e-002  9.290444e+001  2.506259e-001
 5.165636e-002  9.222655e+001  2.508218e-001
 5.211347e-002  9.168983e+001  2.423320e-001
 5.257058e-002  9.072667e+001  2.399718e-001
 5.302769e-002  9.008298e+001  2.402558e-001
 5.348480e-002  8.952947e+001  2.332625e-001
 5.394190e-002  8.892791e+001  2.330429e-001
 5.439901e-002  8.849463e+001  2.325285e-001
 5.485612e-002  8.791536e+001  2.329855e-001
 5.531322e-002  8.718812e+001  2.334135e-001
 5.577033e-002  8.650139e+001  2.323134e-001
 5.622743e-002  8.599776e+001  2.187916e-001
 5.668454e-002  8.523825e+001  2.313208e-001
 5.714164e-002  8.451920e+001  2.195351e-001
 5.759874e-002  8.396217e+001  2.286408e-001
 5.805585e-002  8.349091e+001  2.195106e-001
 5.851295e-002  8.273563e+001  2.207622e-001
 5.897005e-002  8.255654e+001  2.241231e-001
 5.942715e-002  8.144657e+001  2.117342e-001
 5.988425e-002  8.121571e+001  2.212242e-001
 6.034134e-002  8.027809e+001  2.073713e-001
 6.079844e-002  8.012330e+001  2.111837e-001
 6.125554e-002  7.919986e+001  2.168301e-001
 6.171263e-002  7.865701e+001  2.022356e-001
 6.216973e-002  7.776246e+001  2.071624e-001
 6.262682e-002  7.758553e+001  2.034059e-001
 6.308392e-002  7.631961e+001  2.081748e-001
 6.354101e-002  7.629932e+001  2.054459e-001
 6.399810e-002  7.560779e+001  2.016281e-001
 6.445519e-002  7.476817e+001  2.041202e-001
 6.491228e-002  7.429744e+001  1.993517e-001
 6.536937e-002  7.375897e+001  2.005561e-001
 6.582646e-002  7.309137e+001  1.972538e-001
 6.628355e-002  7.279884e+001  1.924836e-001
 6.674063e-002  7.179755e+001  1.913803e-001
 6.719772e-002  7.128487e+001  1.931487e-001
 6.765480e-002  7.066338e+001  1.853080e-001
 6.811189e-002  7.047110e+001  1.885039e-001
 6.856897e-002  6.972936e+001  1.902978e-001
 6.902605e-002  6.917204e+001  1.933563e-001
 6.948314e-002  6.852855e+001  1.866268e-001
 6.994022e-002  6.849967e+001  1.884912e-001
 7.039730e-002  6.764961e+001  1.829809e-001
 7.085438e-002  6.727048e+001  1.868442e-001
 7.131145e-002  6.664080e+001  1.856764e-001
 7.176853e-002  6.620576e+001  1.824671e-001
 7.222561e-002  6.538255e+001  1.931423e-001
 7.268268e-002  6.527742e+001  1.852647e-001
 7.313976e-002  6.446095e+001  1.853138e-001
 7.359683e-002  6.425177e+001  1.826356e-001
 7.405390e-002  6.374822e+001  1.840897e-001
 7.451097e-002  6.306028e+001  1.858256e-001
 7.496804e-002  6.248811e+001  1.795539e-001
 7.542511e-002  6.210863e+001  1.794430e-001
 7.588218e-002  6.169050e+001  1.748918e-001
 7.633925e-002  6.053607e+001  1.825383e-001
 7.679632e-002  6.027931e+001  1.821949e-001
 7.725338e-002  6.013127e+001  1.751992e-001
 7.771045e-002  5.998499e+001  1.779846e-001
 7.816751e-002  5.887242e+001  1.761926e-001
 7.862457e-002  5.846871e+001  1.817445e-001
 7.908164e-002  5.812703e+001  1.764303e-001
 7.953870e-002  5.767801e+001  1.759955e-001
 7.999576e-002  5.744555e+001  1.794913e-001
 8.045282e-002  5.675846e+001  1.748799e-001
 8.090987e-002  5.618874e+001  1.771815e-001
 8.136693e-002  5.597589e+001  1.728499e-001
 8.182399e-002  5.536600e+001  1.719565e-001
 8.228104e-002  5.463508e+001  1.768346e-001
 8.273809e-002  5.429102e+001  1.721295e-001
 8.319515e-002  5.397103e+001  1.714902e-001
 8.365220e-002  5.370258e+001  1.693584e-001
 8.410925e-002  5.303071e+001  1.742435e-001
 8.456630e-002  5.276843e+001  1.737638e-001
 8.502335e-002  5.223675e+001  1.676234e-001
 8.548039e-002  5.211497e+001  1.693934e-001
 8.593744e-002  5.136872e+001  1.708683e-001
 8.639449e-002  5.078453e+001  1.680884e-001
 8.685153e-002  5.050470e+001  1.681561e-001
 8.730857e-002  5.015515e+001  1.657546e-001
 8.776561e-002  4.966755e+001  1.695780e-001
 8.822265e-002  4.914306e+001  1.670904e-001
 8.867969e-002  4.926861e+001  1.697266e-001
 8.913673e-002  4.804017e+001  1.638380e-001
 8.959377e-002  4.777040e+001  1.630202e-001
 9.005081e-002  4.762125e+001  1.667223e-001
 9.050784e-002  4.724494e+001  1.622300e-001
 9.096487e-002  4.669152e+001  1.667596e-001
 9.142191e-002  4.668366e+001  1.625300e-001
 9.187894e-002  4.601373e+001  1.655776e-001
 9.233597e-002  4.559467e+001  1.647537e-001
 9.279300e-002  4.549830e+001  1.599331e-001
 9.325003e-002  4.487012e+001  1.626347e-001
 9.370705e-002  4.441813e+001  1.650829e-001
 9.416408e-002  4.397894e+001  1.642290e-001
 9.462110e-002  4.372588e+001  1.600369e-001
 9.507813e-002  4.352817e+001  1.554976e-001
 9.553515e-002  4.331498e+001  1.590006e-001
 9.599217e-002  4.263426e+001  1.589349e-001
 9.644919e-002  4.258067e+001  1.570263e-001
 9.690621e-002  4.207019e+001  1.583265e-001
 9.736322e-002  4.161745e+001  1.564393e-001
 9.782024e-002  4.113775e+001  1.588378e-001
 9.827725e-002  4.096271e+001  1.593221e-001
 9.873427e-002  4.094233e+001  1.570658e-001
 9.919128e-002  4.026418e+001  1.567047e-001
 9.964829e-002  4.001570e+001  1.562179e-001
 1.001053e-001  3.956099e+001  1.555650e-001
 1.005623e-001  3.944739e+001  1.563456e-001
 1.010193e-001  3.890108e+001  1.555723e-001
 1.014763e-001  3.869711e+001  1.534512e-001
 1.019333e-001  3.818589e+001  1.546141e-001
 1.023903e-001  3.799294e+001  1.516066e-001
 1.028473e-001  3.790762e+001  1.530896e-001
 1.033043e-001  3.740142e+001  1.508789e-001
 1.037613e-001  3.712455e+001  1.546099e-001
 1.042183e-001  3.666536e+001  1.514388e-001
 1.046753e-001  3.616202e+001  1.473572e-001
 1.051323e-001  3.601854e+001  1.538290e-001
 1.055893e-001  3.577346e+001  1.533455e-001
 1.060463e-001  3.560467e+001  1.525894e-001
 1.065033e-001  3.508003e+001  1.498864e-001
 1.069603e-001  3.479629e+001  1.495083e-001
 1.074173e-001  3.490839e+001  1.509448e-001
 1.078743e-001  3.439890e+001  1.490445e-001
 1.083313e-001  3.411514e+001  1.478658e-001
 1.087882e-001  3.365359e+001  1.516072e-001
 1.092452e-001  3.355379e+001  1.488716e-001
 1.097022e-001  3.348586e+001  1.498891e-001
 1.101592e-001  3.287462e+001  1.450181e-001
 1.106162e-001  3.259620e+001  1.472402e-001
 1.110731e-001  3.258109e+001  1.482986e-001
 1.115301e-001  3.205717e+001  1.451154e-001
 1.119871e-001  3.185021e+001  1.471528e-001
 1.124441e-001  3.161971e+001  1.418271e-001
 1.129010e-001  3.126857e+001  1.469698e-001
 1.133580e-001  3.092872e+001  1.470318e-001
 1.138150e-001  3.069940e+001  1.458563e-001
 1.142719e-001  3.068670e+001  1.429360e-001
 1.147289e-001  3.077249e+001  1.451322e-001
 1.151859e-001  2.979001e+001  1.451741e-001
 1.156428e-001  2.982035e+001  1.441759e-001
 1.160998e-001  2.960628e+001  1.424124e-001
 1.165568e-001  2.952424e+001  1.411650e-001
 1.170137e-001  2.905441e+001  1.426259e-001
 1.174707e-001  2.886826e+001  1.432529e-001
 1.179276e-001  2.841348e+001  1.407781e-001
 1.183846e-001  2.822442e+001  1.420218e-001
 1.188415e-001  2.802446e+001  1.419374e-001
 1.192985e-001  2.785227e+001  1.408014e-001
 1.197554e-001  2.756179e+001  1.404581e-001
 1.202124e-001  2.744536e+001  1.444556e-001
 1.206693e-001  2.726978e+001  1.473890e-001
 1.211263e-001  2.664087e+001  1.450264e-001
 1.215832e-001  2.662212e+001  1.456847e-001
 1.220402e-001  2.660932e+001  1.470584e-001
 1.224971e-001  2.610746e+001  1.454966e-001
 1.229540e-001  2.580285e+001  1.467001e-001
 1.234110e-001  2.592631e+001  1.449362e-001
 1.238679e-001  2.550452e+001  1.436676e-001
 1.243248e-001  2.550889e+001  1.457405e-001
 1.247818e-001  2.528503e+001  1.478387e-001
 1.252387e-001  2.500709e+001  1.507136e-001
 1.256956e-001  2.473060e+001  1.458585e-001
 1.261526e-001  2.468560e+001  1.512011e-001
 1.266095e-001  2.455968e+001  1.488622e-001
 1.270664e-001  2.428089e+001  1.509262e-001
 1.275233e-001  2.394119e+001  1.495626e-001
 1.279803e-001  2.359166e+001  1.481315e-001
 1.284372e-001  2.305744e+001  1.453127e-001
 1.288941e-001  2.346973e+001  1.427771e-001
 1.293510e-001  2.322065e+001  1.451815e-001
 1.298079e-001  2.268593e+001  1.423193e-001
 1.302648e-001  2.275211e+001  1.406858e-001
 1.307218e-001  2.271662e+001  1.398995e-001
 1.311787e-001  2.238071e+001  1.373616e-001
 1.316356e-001  2.202403e+001  1.380818e-001
 1.320925e-001  2.199444e+001  1.379405e-001
 1.325494e-001  2.163699e+001  1.357706e-001
 1.330063e-001  2.160835e+001  1.418992e-001
 1.334632e-001  2.137878e+001  1.361415e-001
 1.339201e-001  2.110899e+001  1.376443e-001
 1.343770e-001  2.107847e+001  1.440086e-001
 1.348339e-001  2.082843e+001  1.433542e-001
 1.352908e-001  2.064307e+001  1.345856e-001
 1.357477e-001  2.053711e+001  1.346750e-001
 1.362046e-001  2.035858e+001  1.375072e-001
 1.366615e-001  2.004523e+001  1.351973e-001
 1.371183e-001  1.972172e+001  1.347470e-001
 1.375752e-001  1.986010e+001  1.347132e-001
 1.380321e-001  1.946274e+001  1.319059e-001
 1.384890e-001  1.958807e+001  1.351636e-001
 1.389459e-001  1.928557e+001  1.352810e-001
 1.394028e-001  1.897753e+001  1.326191e-001
 1.398596e-001  1.894072e+001  1.344589e-001
 1.403165e-001  1.885743e+001  1.307547e-001
 1.407734e-001  1.881019e+001  1.336676e-001
 1.412303e-001  1.842139e+001  1.275407e-001
 1.416871e-001  1.823456e+001  1.321248e-001
 1.421440e-001  1.819762e+001  1.310740e-001
 1.426009e-001  1.763805e+001  1.313223e-001
 1.430577e-001  1.788234e+001  1.306044e-001
 1.435146e-001  1.741155e+001  1.297980e-001
 1.439714e-001  1.735905e+001  1.300950e-001
 1.444283e-001  1.716164e+001  1.313673e-001
 1.448852e-001  1.691929e+001  1.286651e-001
 1.453420e-001  1.701302e+001  1.283920e-001
 1.457989e-001  1.662614e+001  1.314471e-001
 1.462557e-001  1.664707e+001  1.296366e-001
 1.467126e-001  1.651141e+001  1.297918e-001
 1.471694e-001  1.642805e+001  1.288411e-001
 1.476263e-001  1.611460e+001  1.292327e-001
 1.480831e-001  1.624916e+001  1.290682e-001
 1.485400e-001  1.601883e+001  1.287660e-001
 1.489968e-001  1.575395e+001  1.262680e-001
 1.494536e-001  1.562827e+001  1.269799e-001
 1.499105e-001  1.528298e+001  1.268678e-001
 1.503673e-001  1.524977e+001  1.264103e-001
 1.508241e-001  1.487312e+001  1.236638e-001
 1.512810e-001  1.498737e+001  1.262055e-001
 1.517378e-001  1.484317e+001  1.248738e-001
 1.521946e-001  1.467272e+001  1.228342e-001
 1.526515e-001  1.480489e+001  1.262430e-001
 1.531083e-001  1.459071e+001  1.262330e-001
 1.535651e-001  1.418950e+001  1.241684e-001
 1.540219e-001  1.403918e+001  1.258286e-001
 1.544787e-001  1.405035e+001  1.210382e-001
 1.549356e-001  1.402361e+001  1.245945e-001
 1.553924e-001  1.370976e+001  1.229729e-001
 1.558492e-001  1.366089e+001  1.246568e-001
 1.563060e-001  1.333422e+001  1.250310e-001
 1.567628e-001  1.354041e+001  1.204117e-001
 1.572196e-001  1.338426e+001  1.240904e-001
 1.576764e-001  1.308902e+001  1.211864e-001
 1.581332e-001  1.291390e+001  1.212146e-001
 1.585900e-001  1.309436e+001  1.197276e-001
 1.590468e-001  1.274130e+001  1.211629e-001
 1.595036e-001  1.265553e+001  1.213828e-001
 1.599604e-001  1.265634e+001  1.213677e-001
 1.604172e-001  1.231542e+001  1.199661e-001
 1.608740e-001  1.206499e+001  1.200010e-001
 1.613308e-001  1.216206e+001  1.213108e-001
 1.617875e-001  1.213302e+001  1.211457e-001
 1.622443e-001  1.202723e+001  1.183954e-001
 1.627011e-001  1.183206e+001  1.214361e-001
 1.631579e-001  1.167834e+001  1.172820e-001
 1.636147e-001  1.155503e+001  1.191103e-001
 1.640714e-001  1.157461e+001  1.203123e-001
 1.645282e-001  1.145895e+001  1.174007e-001
 1.649850e-001  1.117779e+001  1.206533e-001
 1.654418e-001  1.108283e+001  1.176402e-001
 1.658985e-001  1.125285e+001  1.214994e-001
 1.663553e-001  1.093297e+001  1.182349e-001
 1.668121e-001  1.074597e+001  1.176651e-001
 1.672688e-001  1.061647e+001  1.169790e-001
 1.677256e-001  1.065285e+001  1.193852e-001
 1.681823e-001  1.058365e+001  1.184642e-001
 1.686391e-001  1.033207e+001  1.170477e-001
 1.690958e-001  1.032562e+001  1.180835e-001
 1.695526e-001  1.020393e+001  1.180342e-001
 1.700093e-001  1.011763e+001  1.181692e-001
 1.704661e-001  9.981350e+000  1.155188e-001
 1.709228e-001  9.689720e+000  1.164821e-001
 1.713796e-001  9.753780e+000  1.163877e-001
 1.718363e-001  9.752350e+000  1.166810e-001
 1.722930e-001  9.624190e+000  1.158513e-001
 1.727498e-001  9.438230e+000  1.134470e-001
 1.732065e-001  9.307940e+000  1.138848e-001
 1.736632e-001  9.304390e+000  1.160871e-001
 1.741200e-001  9.090720e+000  1.160236e-001
 1.745767e-001  9.108940e+000  1.138821e-001
 1.750334e-001  8.947530e+000  1.151807e-001
 1.754901e-001  8.915660e+000  1.138897e-001
 1.759468e-001  8.718840e+000  1.148225e-001
 1.764036e-001  8.779550e+000  1.146329e-001
 1.768603e-001  8.580850e+000  1.150436e-001
 1.773170e-001  8.453510e+000  1.152781e-001
 1.777737e-001  8.550050e+000  1.138896e-001
 1.782304e-001  8.495190e+000  1.122103e-001
 1.786871e-001  8.278290e+000  1.161061e-001
 1.791438e-001  8.149260e+000  1.172275e-001
 1.796005e-001  8.105850e+000  1.158060e-001
 1.800572e-001  7.801270e+000  1.158122e-001
 1.805139e-001  7.957710e+000  1.192241e-001
 1.809706e-001  7.898700e+000  1.174420e-001
 1.814273e-001  7.736760e+000  1.179046e-001
 1.818840e-001  7.606850e+000  1.172820e-001
 1.823407e-001  7.296660e+000  1.185559e-001
 1.827974e-001  7.485980e+000  1.194118e-001
 1.832540e-001  7.385590e+000  1.180972e-001
 1.837107e-001  7.191630e+000  1.182790e-001
 1.841674e-001  7.020260e+000  1.174723e-001
 1.846241e-001  7.208000e+000  1.192163e-001
 1.850808e-001  7.181710e+000  1.194876e-001
 1.855374e-001  7.204390e+000  1.173041e-001
 1.859941e-001  6.937730e+000  1.196607e-001
 1.864508e-001  7.138660e+000  1.162507e-001
 1.869074e-001  6.682340e+000  1.195969e-001
 1.873641e-001  6.673050e+000  1.188389e-001
 1.878207e-001  6.759230e+000  1.170100e-001
 1.882774e-001  6.576110e+000  1.203686e-001
 1.887341e-001  6.435850e+000  1.220123e-001
 1.891907e-001  6.515280e+000  1.222982e-001
 1.896474e-001  6.501100e+000  1.197632e-001
 1.901040e-001  6.244630e+000  1.208911e-001
 1.905607e-001  6.266790e+000  1.206712e-001
 1.910173e-001  6.319200e+000  1.212496e-001
 1.914739e-001  6.139680e+000  1.203243e-001
 1.919306e-001  6.149830e+000  1.195152e-001
 1.923872e-001  5.756800e+000  1.196237e-001
 1.928438e-001  6.004100e+000  1.206140e-001
 1.933005e-001  5.664630e+000  1.209874e-001
 1.937571e-001  5.782800e+000  1.208750e-001
 1.942137e-001  5.675880e+000  1.193939e-001
 1.946703e-001  5.570840e+000  1.201354e-001
 1.951270e-001  5.559300e+000  1.183593e-001
 1.955836e-001  5.897440e+000  1.204168e-001
 1.960402e-001  5.381690e+000  1.214010e-001
 1.964968e-001  5.366290e+000  1.205680e-001
 1.969534e-001  5.100270e+000  1.210732e-001
 1.974100e-001  5.094700e+000  1.189957e-001
 1.978666e-001  5.144720e+000  1.218680e-001
 1.983232e-001  5.245200e+000  1.176548e-001
 1.987798e-001  5.283290e+000  1.216784e-001
 1.992364e-001  5.162370e+000  1.205640e-001
 1.996930e-001  5.152940e+000  1.204770e-001
 2.001496e-001  5.020040e+000  1.194703e-001
 2.006062e-001  4.981780e+000  1.181631e-001
 2.010628e-001  4.904370e+000  1.186110e-001
 2.015194e-001  4.812120e+000  1.210332e-001
 2.019760e-001  4.812000e+000  1.191549e-001
 2.024326e-001  4.936460e+000  1.212411e-001
 2.028891e-001  4.516800e+000  1.176200e-001
 2.033457e-001  4.654900e+000  1.201958e-001
 2.038023e-001  4.495730e+000  1.183114e-001
 2.042588e-001  4.356050e+000  1.184161e-001
 2.047154e-001  4.695940e+000  1.205765e-001
 2.051720e-001  4.638000e+000  1.174101e-001
 2.056285e-001  4.525780e+000  1.174940e-001
 2.060851e-001  4.441940e+000  1.183830e-001
 2.065417e-001  4.086750e+000  1.189043e-001
 2.069982e-001  4.386510e+000  1.199074e-001
 2.074548e-001  4.358960e+000  1.161312e-001
 2.079113e-001  4.043680e+000  1.182256e-001
 2.083679e-001  4.131310e+000  1.172978e-001
 2.088244e-001  4.169950e+000  1.184211e-001
 2.092809e-001  3.840210e+000  1.189474e-001
 2.097375e-001  4.210570e+000  1.171142e-001
 2.101940e-001  3.983240e+000  1.185443e-001
 2.106505e-001  3.744550e+000  1.174767e-001
 2.111071e-001  4.104310e+000  1.183130e-001
 2.115636e-001  3.786250e+000  1.169552e-001
 2.120201e-001  3.765620e+000  1.176280e-001
 2.124767e-001  3.859610e+000  1.164381e-001
 2.129332e-001  3.728250e+000  1.165463e-001
 2.133897e-001  3.750950e+000  1.188076e-001
 2.138462e-001  3.698870e+000  1.176735e-001
 2.143027e-001  3.560000e+000  1.157652e-001
 2.147592e-001  3.339040e+000  1.139266e-001
 2.152157e-001  3.482590e+000  1.165533e-001
 2.156722e-001  3.495650e+000  1.182364e-001
 2.161287e-001  3.341920e+000  1.165123e-001
 2.165852e-001  3.275360e+000  1.158076e-001
 2.170417e-001  3.359240e+000  1.169684e-001
 2.174982e-001  3.481180e+000  1.194281e-001
 2.179547e-001  3.093770e+000  1.213276e-001
 2.184112e-001  3.031680e+000  1.193322e-001
 2.188677e-001  3.387070e+000  1.220562e-001
 2.193242e-001  3.268120e+000  1.216439e-001
 2.197806e-001  3.112840e+000  1.229910e-001
 2.202371e-001  3.315100e+000  1.236211e-001
 2.206936e-001  3.105350e+000  1.237353e-001
 2.211501e-001  3.082690e+000  1.265814e-001
 2.216065e-001  3.042230e+000  1.225859e-001
 2.220630e-001  3.235770e+000  1.257811e-001
 2.225195e-001  3.088000e+000  1.237517e-001
 2.229759e-001  2.892670e+000  1.268533e-001
 2.234324e-001  2.992400e+000  1.286364e-001
 2.238888e-001  2.901600e+000  1.264913e-001
 2.243453e-001  2.983340e+000  1.281037e-001
 2.248017e-001  2.556920e+000  1.269589e-001
 2.252582e-001  2.932850e+000  1.231666e-001
 2.257146e-001  2.732900e+000  1.256104e-001
 2.261710e-001  2.824720e+000  1.201417e-001
 2.266275e-001  2.748170e+000  1.218123e-001
 2.270839e-001  2.707880e+000  1.194994e-001
 2.275403e-001  2.535010e+000  1.217380e-001
 2.279968e-001  2.628220e+000  1.209189e-001
 2.284532e-001  2.593140e+000  1.191421e-001
 2.289096e-001  2.772760e+000  1.203286e-001
 2.293660e-001  2.277160e+000  1.194945e-001
 2.298225e-001  2.595280e+000  1.206677e-001
 2.302789e-001  2.607060e+000  1.185321e-001
 2.307353e-001  2.587990e+000  1.192479e-001
 2.311917e-001  2.226700e+000  1.193288e-001
 2.316481e-001  2.437160e+000  1.184004e-001
 2.321045e-001  2.552660e+000  1.189756e-001
 2.325609e-001  2.467420e+000  1.186112e-001
 2.330173e-001  2.371490e+000  1.171687e-001
 2.334737e-001  2.376480e+000  1.166797e-001
 2.339301e-001  2.490380e+000  1.167151e-001
 2.343865e-001  2.228770e+000  1.167777e-001
 2.348428e-001  2.072110e+000  1.172019e-001
 2.352992e-001  2.434480e+000  1.166735e-001
 2.357556e-001  2.308420e+000  1.173063e-001
 2.362120e-001  2.133590e+000  1.162383e-001
 2.366683e-001  2.086990e+000  1.187264e-001
 2.371247e-001  2.246690e+000  1.154614e-001
 2.375811e-001  1.849530e+000  1.167318e-001
 2.380374e-001  2.019630e+000  1.148750e-001
 2.384938e-001  1.952180e+000  1.166154e-001
 2.389502e-001  2.100340e+000  1.164744e-001
 2.394065e-001  2.077520e+000  1.163088e-001
 2.398629e-001  2.100240e+000  1.148930e-001
 2.403192e-001  2.110700e+000  1.162595e-001
 2.407755e-001  2.048620e+000  1.156119e-001
 2.412319e-001  2.031320e+000  1.152670e-001
 2.416882e-001  2.271970e+000  1.155923e-001
 2.421446e-001  1.958270e+000  1.138172e-001
 2.426009e-001  1.984400e+000  1.126650e-001
 2.430572e-001  1.870690e+000  1.140388e-001
 2.435135e-001  1.891470e+000  1.137155e-001
 2.439699e-001  1.903830e+000  1.154812e-001
 2.444262e-001  1.934310e+000  1.139633e-001
 2.448825e-001  1.755830e+000  1.121348e-001
 2.453388e-001  1.741810e+000  1.153156e-001
 2.457951e-001  1.939160e+000  1.126280e-001
 2.462514e-001  1.913740e+000  1.143472e-001
 2.467077e-001  2.085530e+000  1.141004e-001
 2.471640e-001  1.839240e+000  1.136678e-001
 2.476203e-001  1.631710e+000  1.142231e-001
 2.480766e-001  1.791940e+000  1.127363e-001
 2.485329e-001  1.879680e+000  1.136681e-001
 2.489892e-001  1.826200e+000  1.126259e-001
 2.494455e-001  1.981610e+000  1.143969e-001
 2.499018e-001  1.681310e+000  1.137469e-001
 2.503581e-001  1.608670e+000  1.128183e-001
 2.508143e-001  1.704570e+000  1.143670e-001
 2.512706e-001  1.633090e+000  1.126047e-001
 2.517269e-001  1.572240e+000  1.134462e-001
 2.521831e-001  1.634390e+000  1.144071e-001
 2.526394e-001  1.505040e+000  1.127455e-001
 2.530957e-001  1.503540e+000  1.159048e-001
 2.535519e-001  1.438940e+000  1.115418e-001
 2.540082e-001  1.396800e+000  1.129316e-001
 2.544644e-001  1.509690e+000  1.121331e-001
 2.549207e-001  1.544490e+000  1.136632e-001
 2.553769e-001  1.584430e+000  1.123436e-001
 2.558332e-001  1.669410e+000  1.118613e-001
 2.562894e-001  1.774360e+000  1.132100e-001
 2.567456e-001  1.426590e+000  1.133753e-001
 2.572019e-001  1.599600e+000  1.110234e-001
 2.576581e-001  1.561360e+000  1.128329e-001
 2.581143e-001  1.374880e+000  1.116506e-001
 2.585705e-001  1.599910e+000  1.125234e-001
 2.590268e-001  1.504840e+000  1.114771e-001
 2.594830e-001  1.631590e+000  1.099862e-001
 2.599392e-001  1.286570e+000  1.121891e-001
 2.603954e-001  1.461420e+000  1.119236e-001
 2.608516e-001  1.369210e+000  1.111787e-001
 2.613078e-001  1.368160e+000  1.126361e-001
 2.617640e-001  1.440240e+000  1.117030e-001
 2.622202e-001  1.380310e+000  1.115742e-001
 2.626764e-001  1.435840e+000  1.113386e-001
 2.631326e-001  1.224340e+000  1.103687e-001
 2.635887e-001  1.320760e+000  1.103227e-001
 2.640449e-001  1.574760e+000  1.106810e-001
 2.645011e-001  1.307080e+000  1.099889e-001
 2.649573e-001  1.309060e+000  1.104751e-001
 2.654135e-001  1.212570e+000  1.114546e-001
 2.658696e-001  1.302790e+000  1.112027e-001
 2.663258e-001  1.302100e+000  1.105285e-001
 2.667819e-001  1.235100e+000  1.100008e-001
 2.672381e-001  1.091160e+000  1.112530e-001
 2.676943e-001  1.409660e+000  1.107365e-001
 2.681504e-001  1.410660e+000  1.117253e-001
 2.686066e-001  1.320690e+000  1.101229e-001
 2.690627e-001  1.431100e+000  1.075391e-001
 2.695188e-001  1.309240e+000  1.074688e-001
 2.699750e-001  1.313000e+000  1.109490e-001
 2.704311e-001  1.441520e+000  1.119914e-001
 2.708872e-001  1.254550e+000  1.135668e-001
 2.713434e-001  1.283850e+000  1.131143e-001
 2.717995e-001  9.854300e-001  1.150501e-001
 2.722556e-001  1.229110e+000  1.144980e-001
 2.727117e-001  1.223560e+000  1.141349e-001
 2.731678e-001  1.198890e+000  1.165524e-001
 2.736240e-001  1.181410e+000  1.164361e-001
 2.740801e-001  1.418230e+000  1.178737e-001
 2.745362e-001  1.214260e+000  1.156624e-001
 2.749923e-001  1.195510e+000  1.185711e-001
 2.754484e-001  1.216580e+000  1.188573e-001
 2.759045e-001  1.171030e+000  1.183434e-001
 2.763605e-001  1.152460e+000  1.196713e-001
 2.768166e-001  1.359530e+000  1.165348e-001
 2.772727e-001  1.256150e+000  1.198769e-001
 2.777288e-001  1.043250e+000  1.213867e-001
 2.781849e-001  1.137090e+000  1.200785e-001
 2.786409e-001  1.176110e+000  1.174008e-001
 2.790970e-001  9.941400e-001  1.212327e-001
 2.795531e-001  1.263410e+000  1.214860e-001
 2.800091e-001  1.040370e+000  1.236344e-001
 2.804652e-001  1.123250e+000  1.204560e-001
 2.809212e-001  1.129550e+000  1.194141e-001
 2.813773e-001  1.032400e+000  1.194790e-001
 2.818333e-001  8.595700e-001  1.204009e-001
 2.822894e-001  1.092400e+000  1.195829e-001
 2.827454e-001  1.148390e+000  1.208447e-001
 2.832015e-001  1.281640e+000  1.199583e-001
 2.836575e-001  1.091120e+000  1.213231e-001
 2.841135e-001  1.046200e+000  1.195736e-001
 2.845695e-001  8.323100e-001  1.199797e-001
 2.850256e-001  1.107960e+000  1.219314e-001
 2.854816e-001  1.000540e+000  1.194800e-001
 2.859376e-001  8.614300e-001  1.200420e-001
 2.863936e-001  1.003380e+000  1.194778e-001
 2.868496e-001  1.166490e+000  1.206848e-001
 2.873056e-001  1.193220e+000  1.209417e-001
 2.877616e-001  1.001670e+000  1.205098e-001
 2.882176e-001  9.295200e-001  1.246661e-001
 2.886736e-001  9.502900e-001  1.204176e-001
 2.891296e-001  1.100050e+000  1.205040e-001
 2.895856e-001  8.190200e-001  1.218043e-001
 2.900416e-001  8.009800e-001  1.197891e-001
 2.904975e-001  9.035900e-001  1.209631e-001
 2.909535e-001  1.057030e+000  1.208856e-001
 2.914095e-001  9.940300e-001  1.210292e-001
 2.918655e-001  7.660600e-001  1.202766e-001
 2.923214e-001  8.448000e-001  1.204539e-001
 2.927774e-001  8.667300e-001  1.219081e-001
 2.932333e-001  9.960300e-001  1.208688e-001
 2.936893e-001  9.705800e-001  1.207612e-001
 2.941452e-001  8.839700e-001  1.208548e-001
 2.946012e-001  1.097050e+000  1.218030e-001
 2.950571e-001  8.677700e-001  1.221153e-001
 2.955131e-001  9.514200e-001  1.202206e-001
 2.959690e-001  8.393200e-001  1.212942e-001
 2.964249e-001  7.511900e-001  1.209444e-001
 2.968808e-001  7.083300e-001  1.203911e-001
 2.973368e-001  1.108890e+000  1.229823e-001
 2.977927e-001  7.385000e-001  1.188211e-001
 2.982486e-001  7.641200e-001  1.219754e-001
 2.987045e-001  1.028620e+000  1.185768e-001
 2.991604e-001  9.302300e-001  1.208341e-001
 2.996163e-001  8.249000e-001  1.221465e-001
 3.000722e-001  9.382100e-001  1.209638e-001
 3.005281e-001  9.775100e-001  1.225604e-001
 3.009840e-001  9.646100e-001  1.213764e-001
 3.014399e-001  8.650300e-001  1.184133e-001
 3.018958e-001  9.375200e-001  1.203713e-001
 3.023517e-001  6.580400e-001  1.213813e-001
 3.028075e-001  8.556000e-001  1.208737e-001
 3.032634e-001  1.001160e+000  1.215665e-001
 3.037193e-001  7.274700e-001  1.219549e-001
 3.041751e-001  7.401000e-001  1.210379e-001
 3.046310e-001  9.370700e-001  1.212559e-001
 3.050869e-001  8.872000e-001  1.222866e-001
 3.055427e-001  9.299800e-001  1.203061e-001
 3.059986e-001  9.401900e-001  1.214238e-001
 3.064544e-001  1.050730e+000  1.220921e-001
 3.069103e-001  8.631400e-001  1.204200e-001
 3.073661e-001  6.669800e-001  1.210212e-001
 3.078219e-001  9.653700e-001  1.200243e-001
 3.082778e-001  6.178100e-001  1.224036e-001
 3.087336e-001  7.564100e-001  1.209723e-001
 3.091894e-001  8.300900e-001  1.204362e-001
 3.096452e-001  7.172100e-001  1.223443e-001
 3.101010e-001  7.633700e-001  1.225910e-001
 3.105568e-001  7.550800e-001  1.225198e-001
 3.110127e-001  7.875000e-001  1.238245e-001
 3.114685e-001  6.860300e-001  1.196540e-001
 3.119243e-001  7.158400e-001  1.224400e-001
 3.123800e-001  8.131700e-001  1.230959e-001
 3.128358e-001  8.260500e-001  1.227929e-001
 3.132916e-001  6.034300e-001  1.201517e-001
 3.137474e-001  7.842800e-001  1.270047e-001
 3.142032e-001  5.848900e-001  1.277455e-001
 3.146590e-001  7.231800e-001  1.287608e-001
 3.151147e-001  7.195200e-001  1.288522e-001
 3.155705e-001  7.931300e-001  1.312724e-001
 3.160263e-001  6.506500e-001  1.317943e-001
 3.164820e-001  9.163500e-001  1.338976e-001
 3.169378e-001  5.097300e-001  1.364125e-001
 3.173935e-001  8.241800e-001  1.347204e-001
 3.178493e-001  8.639900e-001  1.379840e-001
 3.183050e-001  7.742000e-001  1.369897e-001
 3.187608e-001  1.052570e+000  1.380475e-001
 3.192165e-001  8.356600e-001  1.400421e-001
 3.196722e-001  6.432000e-001  1.390999e-001
 3.201280e-001  7.176900e-001  1.426789e-001
 3.205837e-001  7.161500e-001  1.418111e-001
 3.210394e-001  5.735700e-001  1.412770e-001
 3.214951e-001  6.779200e-001  1.461991e-001
 3.219508e-001  5.992500e-001  1.372297e-001
 3.224065e-001  6.185600e-001  1.366147e-001
 3.228622e-001  7.985000e-001  1.338997e-001
 3.233179e-001  7.918700e-001  1.341537e-001
 3.237736e-001  6.454400e-001  1.339908e-001
 3.242293e-001  6.427800e-001  1.345045e-001
 3.246850e-001  7.565600e-001  1.335958e-001
 3.251407e-001  5.033800e-001  1.308293e-001
 3.255964e-001  7.318900e-001  1.327351e-001
 3.260520e-001  6.363300e-001  1.298588e-001
 3.265077e-001  5.688500e-001  1.316254e-001
 3.269634e-001  8.270400e-001  1.315252e-001
 3.274190e-001  7.717500e-001  1.295026e-001
 3.278747e-001  5.461800e-001  1.327540e-001
 3.283303e-001  8.447900e-001  1.285595e-001
 3.287860e-001  8.397200e-001  1.301553e-001
 3.292416e-001  9.094800e-001  1.302210e-001
 3.296973e-001  5.461400e-001  1.313381e-001
 3.301529e-001  4.802300e-001  1.323417e-001
 3.306085e-001  6.867500e-001  1.287077e-001
 3.310642e-001  7.623600e-001  1.313384e-001
 3.315198e-001  4.107000e-001  1.286220e-001
 3.319754e-001  4.588600e-001  1.298853e-001
 3.324310e-001  7.362800e-001  1.306576e-001
 3.328866e-001  4.978300e-001  1.268860e-001
 3.333423e-001  6.249000e-001  1.297931e-001
 3.337979e-001  4.841100e-001  1.290953e-001
 3.342535e-001  6.364400e-001  1.288215e-001
 3.347090e-001  5.847200e-001  1.291932e-001
 3.351646e-001  6.059600e-001  1.300989e-001
 3.356202e-001  4.895900e-001  1.304625e-001
 3.360758e-001  4.959200e-001  1.285597e-001
 3.365314e-001  5.578600e-001  1.298837e-001
 3.369870e-001  4.557000e-001  1.283589e-001
 3.374425e-001  6.625300e-001  1.293664e-001
 3.378981e-001  4.449300e-001  1.301808e-001
 3.383537e-001  5.766500e-001  1.268960e-001
 3.388092e-001  5.142300e-001  1.293850e-001
 3.392648e-001  6.304700e-001  1.281878e-001
 3.397203e-001  8.512800e-001  1.291164e-001
 3.401759e-001  6.793300e-001  1.296920e-001
 3.406314e-001  7.430900e-001  1.261223e-001
 3.410869e-001  7.959500e-001  1.291465e-001
 3.415425e-001  4.635200e-001  1.285941e-001
 3.419980e-001  3.712900e-001  1.292829e-001
 3.424535e-001  6.352300e-001  1.289554e-001
 3.429090e-001  4.893400e-001  1.293598e-001
 3.433645e-001  5.248000e-001  1.287879e-001
 3.438200e-001  8.592100e-001  1.284170e-001
 3.442755e-001  6.693600e-001  1.266497e-001
 3.447310e-001  5.235300e-001  1.277019e-001
 3.451865e-001  6.958800e-001  1.288825e-001
 3.456420e-001  6.370000e-001  1.286442e-001
 3.460975e-001  6.613500e-001  1.256412e-001
 3.465530e-001  5.075300e-001  1.277653e-001
 3.470085e-001  5.564300e-001  1.265556e-001
 3.474640e-001  5.839400e-001  1.283257e-001
 3.479194e-001  5.826200e-001  1.285177e-001
 3.483749e-001  5.125200e-001  1.274396e-001
 3.488304e-001  5.436800e-001  1.272437e-001
 3.492858e-001  5.907200e-001  1.265234e-001
 3.497413e-001  4.233100e-001  1.277671e-001
 3.501967e-001  3.997800e-001  1.263259e-001
 3.506522e-001  3.815000e-001  1.248710e-001
 3.511076e-001  4.972600e-001  1.255948e-001
 3.515630e-001  5.470700e-001  1.254271e-001
 3.520185e-001  6.943200e-001  1.246412e-001
 3.524739e-001  7.348000e-001  1.267196e-001
 3.529293e-001  4.324200e-001  1.259686e-001
 3.533847e-001  4.966700e-001  1.275273e-001
 3.538401e-001  5.144100e-001  1.263515e-001
 3.542955e-001  3.787500e-001  1.255229e-001
 3.547509e-001  3.481700e-001  1.244182e-001
 3.552063e-001  5.519300e-001  1.278200e-001
 3.556617e-001  5.213000e-001  1.233036e-001
 3.561171e-001  4.444900e-001  1.277940e-001
 3.565725e-001  5.349500e-001  1.260193e-001
 3.570279e-001  1.645800e-001  1.254204e-001
 3.574833e-001  5.998000e-001  1.248382e-001
 3.579386e-001  5.069900e-001  1.239219e-001
 3.583940e-001  4.449000e-001  1.273455e-001
 3.588494e-001  5.920600e-001  1.250568e-001
 3.593047e-001  4.584000e-001  1.239348e-001
 3.597601e-001  5.007600e-001  1.250678e-001
 3.602154e-001  5.948200e-001  1.247451e-001
 3.606708e-001  4.245900e-001  1.269949e-001
 3.611261e-001  7.093900e-001  1.279682e-001
 3.615814e-001  6.066200e-001  1.243475e-001
 3.620368e-001  5.735700e-001  1.254085e-001
 3.624921e-001  2.870000e-001  1.246975e-001
 3.629474e-001  5.724000e-001  1.252936e-001
 3.634027e-001  6.288100e-001  1.234219e-001
 3.638580e-001  4.950700e-001  1.239813e-001
 3.643134e-001  5.979900e-001  1.264390e-001
 3.647687e-001  4.115300e-001  1.230654e-001
 3.652240e-001  6.022600e-001  1.247931e-001
 3.656793e-001  5.658500e-001  1.202872e-001
 3.661345e-001  3.042600e-001  1.200190e-001
 3.665898e-001  7.982900e-001  1.198344e-001
 3.670451e-001  4.713900e-001  1.217798e-001
 3.675004e-001  3.999800e-001  1.221661e-001
 3.679557e-001  3.358600e-001  1.206500e-001
 3.684109e-001  3.881500e-001  1.213011e-001
 3.688662e-001  2.344100e-001  1.231512e-001
 3.693214e-001  3.866100e-001  1.229300e-001
 3.697767e-001  5.495400e-001  1.235438e-001
 3.702319e-001  4.814400e-001  1.212166e-001
 3.706872e-001  4.170700e-001  1.234903e-001
 3.711424e-001  4.675000e-001  1.203686e-001
 3.715977e-001  6.105000e-001  1.220322e-001
 3.720529e-001  3.721200e-001  1.236216e-001
 3.725081e-001  6.438000e-001  1.218802e-001
 3.729633e-001  3.481000e-001  1.237134e-001
 3.734185e-001  4.045400e-001  1.216779e-001
 3.738737e-001  3.433000e-001  1.235343e-001
 3.743290e-001  3.994000e-001  1.227758e-001
 3.747842e-001  4.483100e-001  1.207973e-001
 3.752394e-001  4.315000e-001  1.235679e-001
 3.756945e-001  2.948200e-001  1.226318e-001
 3.761497e-001  4.347500e-001  1.242640e-001
 3.766049e-001  4.775500e-001  1.221612e-001
 3.770601e-001  4.180300e-001  1.215011e-001
 3.775153e-001  4.826800e-001  1.237639e-001
 3.779704e-001  3.494900e-001  1.208241e-001
 3.784256e-001  2.400100e-001  1.230258e-001
 3.788807e-001  3.007400e-001  1.213882e-001
 3.793359e-001  5.795400e-001  1.228405e-001
 3.797910e-001  6.442600e-001  1.239747e-001
 3.802462e-001  4.326000e-001  1.241603e-001
 3.807013e-001  3.250200e-001  1.223981e-001
 3.811565e-001  3.144500e-001  1.224835e-001
 3.816116e-001  4.276000e-001  1.227229e-001
 3.820667e-001  3.933500e-001  1.219161e-001
 3.825218e-001  3.479900e-001  1.218876e-001
 3.829769e-001  4.908300e-001  1.226351e-001
 3.834321e-001  3.398100e-001  1.243910e-001
 3.838872e-001  3.146500e-001  1.212650e-001
 3.843423e-001  3.215000e-001  1.232689e-001
 3.847974e-001  4.330800e-001  1.214292e-001
 3.852524e-001  4.569300e-001  1.242625e-001
 3.857075e-001  1.399200e-001  1.229651e-001
 3.861626e-001  5.154200e-001  1.218448e-001
 3.866177e-001  5.280700e-001  1.227505e-001
 3.870728e-001  4.758500e-001  1.223241e-001
 3.875278e-001  4.526800e-001  1.228904e-001
 3.879829e-001  6.224800e-001  1.231450e-001
 3.884379e-001  3.804700e-001  1.222419e-001
 3.888930e-001  2.760000e-001  1.236921e-001
 3.893480e-001  3.516900e-001  1.230111e-001
 3.898031e-001  3.666100e-001  1.242994e-001
 3.902581e-001  4.323800e-001  1.239256e-001
 3.907131e-001  5.936900e-001  1.220989e-001
 3.911682e-001  3.196100e-001  1.234964e-001
 3.916232e-001  3.099600e-001  1.238799e-001
 3.920782e-001  1.991400e-001  1.233202e-001
 3.925332e-001  5.072500e-001  1.224350e-001
 3.929882e-001  4.264700e-001  1.219253e-001
 3.934432e-001  4.615800e-001  1.229079e-001
 3.938982e-001  4.209400e-001  1.234213e-001
 3.943532e-001  5.710800e-001  1.227646e-001
 3.948082e-001  4.089400e-001  1.225814e-001
 3.952632e-001  4.571200e-001  1.234000e-001
 3.957182e-001  3.526200e-001  1.235735e-001
 3.961731e-001  4.643200e-001  1.220162e-001
 3.966281e-001  5.478500e-001  1.226436e-001
 3.970831e-001  3.746000e-001  1.219018e-001
parent: E:/Data/SAXS/SAXS_pin1/buffer019-021/avrg_002.dat
parent: E:/Data/SAXS/SAXS_pin1/buffer019-021/avrg_001.dat
creator: datop
creator-version: v0.4 (r7883)
datop-operation: E:/Data/SAXS/SAXS_pin1/buffer019-021/avrg_002.dat SUB E:/Data/SAXS/SAXS_pin1/buffer019-021/avrg_001.dat
