Sample description: HEADER
Sample: HEADER  c= 0 mg/ml  Code: 
Parent(s): E:/Data/SAXS/SAXS_pin1/nmrbuffer001-003/avrg_002.dat E:/Data/SAXS/SAXS_pin1/nmrbuffer001-003/avrg_001.dat
 8.685810e-003  2.492210e+002  9.242739e+001
 9.142958e-003  2.326600e+002  8.185584e+001
 9.600105e-003  2.399690e+002  6.127418e+001
 1.005725e-002  2.405840e+002  4.988093e+001
 1.051440e-002  2.333530e+002  3.988430e+001
 1.097154e-002  2.350830e+002  2.911769e+001
 1.142869e-002  2.326470e+002  2.350327e+001
 1.188584e-002  2.256560e+002  1.961694e+001
 1.234298e-002  2.281473e+002  1.718527e+001
 1.280013e-002  2.261370e+002  1.428759e+001
 1.325728e-002  2.221271e+002  1.097709e+001
 1.371442e-002  2.268207e+002  9.458414e+000
 1.417157e-002  2.261644e+002  7.894115e+000
 1.462871e-002  2.221198e+002  7.021856e+000
 1.508586e-002  2.208949e+002  5.828594e+000
 1.554300e-002  2.186316e+002  4.772597e+000
 1.600015e-002  2.211773e+002  4.593506e+000
 1.645729e-002  2.170132e+002  3.793958e+000
 1.691444e-002  2.154952e+002  3.413973e+000
 1.737158e-002  2.139700e+002  2.969111e+000
 1.782872e-002  2.123304e+002  2.641126e+000
 1.828587e-002  2.131580e+002  2.529308e+000
 1.874301e-002  2.107407e+002  2.124060e+000
 1.920016e-002  2.115201e+002  1.955398e+000
 1.965730e-002  2.099439e+002  1.728714e+000
 2.011444e-002  2.092532e+002  1.662640e+000
 2.057158e-002  2.091862e+002  1.558806e+000
 2.102873e-002  2.061350e+002  1.372857e+000
 2.148587e-002  2.072188e+002  1.311788e+000
 2.194301e-002  2.064441e+002  1.160832e+000
 2.240015e-002  2.034765e+002  1.150500e+000
 2.285729e-002  2.038739e+002  1.028872e+000
 2.331443e-002  2.029693e+002  1.038972e+000
 2.377157e-002  2.013530e+002  1.024563e+000
 2.422871e-002  2.003001e+002  9.479132e-001
 2.468585e-002  1.991926e+002  9.929091e-001
 2.514299e-002  1.983161e+002  8.839058e-001
 2.560013e-002  1.970210e+002  8.927438e-001
 2.605727e-002  1.960241e+002  8.563982e-001
 2.651441e-002  1.954565e+002  8.152862e-001
 2.697155e-002  1.935842e+002  8.095797e-001
 2.742869e-002  1.941045e+002  7.839063e-001
 2.788582e-002  1.919321e+002  8.024101e-001
 2.834296e-002  1.917989e+002  7.247510e-001
 2.880010e-002  1.893794e+002  7.214391e-001
 2.925724e-002  1.892219e+002  7.530247e-001
 2.971437e-002  1.882066e+002  6.703245e-001
 3.017151e-002  1.881224e+002  7.021654e-001
 3.062864e-002  1.868820e+002  6.642758e-001
 3.108578e-002  1.844910e+002  6.536385e-001
 3.154291e-002  1.841955e+002  6.430209e-001
 3.200005e-002  1.845299e+002  6.094257e-001
 3.245718e-002  1.821590e+002  6.014944e-001
 3.291431e-002  1.816555e+002  5.596810e-001
 3.337145e-002  1.806028e+002  5.592946e-001
 3.382858e-002  1.805356e+002  5.535765e-001
 3.428571e-002  1.793352e+002  5.395577e-001
 3.474284e-002  1.776353e+002  5.341730e-001
 3.519997e-002  1.763418e+002  5.218034e-001
 3.565711e-002  1.763080e+002  5.271388e-001
 3.611424e-002  1.743775e+002  5.196509e-001
 3.657137e-002  1.731231e+002  5.015327e-001
 3.702849e-002  1.728683e+002  4.996183e-001
 3.748562e-002  1.702273e+002  4.869334e-001
 3.794275e-002  1.710765e+002  4.981294e-001
 3.839988e-002  1.700978e+002  4.732534e-001
 3.885701e-002  1.682930e+002  4.678156e-001
 3.931414e-002  1.684419e+002  4.525350e-001
 3.977126e-002  1.671371e+002  4.522261e-001
 4.022839e-002  1.651696e+002  4.785174e-001
 4.068551e-002  1.643200e+002  4.363846e-001
 4.114264e-002  1.630083e+002  4.495913e-001
 4.159976e-002  1.624761e+002  4.401972e-001
 4.205689e-002  1.620268e+002  4.348959e-001
 4.251401e-002  1.605649e+002  4.345470e-001
 4.297113e-002  1.594421e+002  4.227976e-001
 4.342826e-002  1.582055e+002  4.266386e-001
 4.388538e-002  1.573709e+002  4.211841e-001
 4.434250e-002  1.562627e+002  4.242693e-001
 4.479962e-002  1.553166e+002  4.389322e-001
 4.525674e-002  1.551051e+002  4.176556e-001
 4.571386e-002  1.536106e+002  4.372087e-001
 4.617098e-002  1.530320e+002  4.208440e-001
 4.662810e-002  1.512321e+002  5.001905e-001
 4.708521e-002  1.498563e+002  4.376292e-001
 4.754233e-002  1.499206e+002  4.287992e-001
 4.799945e-002  1.483603e+002  4.233566e-001
 4.845656e-002  1.476560e+002  4.504775e-001
 4.891368e-002  1.464866e+002  4.149401e-001
 4.937079e-002  1.453554e+002  4.002563e-001
 4.982791e-002  1.442247e+002  3.932724e-001
 5.028502e-002  1.432381e+002  3.936297e-001
 5.074213e-002  1.423254e+002  3.770289e-001
 5.119925e-002  1.416235e+002  3.746224e-001
 5.165636e-002  1.401191e+002  3.755644e-001
 5.211347e-002  1.397559e+002  3.682493e-001
 5.257058e-002  1.382827e+002  3.739979e-001
 5.302769e-002  1.383559e+002  3.674949e-001
 5.348480e-002  1.363861e+002  3.639540e-001
 5.394190e-002  1.355242e+002  3.589278e-001
 5.439901e-002  1.344913e+002  3.608290e-001
 5.485612e-002  1.333439e+002  3.541563e-001
 5.531322e-002  1.327060e+002  3.540180e-001
 5.577033e-002  1.312374e+002  3.524089e-001
 5.622743e-002  1.311133e+002  3.410566e-001
 5.668454e-002  1.297216e+002  3.523051e-001
 5.714164e-002  1.288964e+002  3.385777e-001
 5.759874e-002  1.277044e+002  3.497357e-001
 5.805585e-002  1.266846e+002  3.381649e-001
 5.851295e-002  1.262998e+002  3.332994e-001
 5.897005e-002  1.250342e+002  3.438920e-001
 5.942715e-002  1.244131e+002  3.268233e-001
 5.988425e-002  1.229058e+002  3.305503e-001
 6.034134e-002  1.218024e+002  3.189859e-001
 6.079844e-002  1.217239e+002  3.165604e-001
 6.125554e-002  1.200018e+002  3.317766e-001
 6.171263e-002  1.192252e+002  3.183580e-001
 6.216973e-002  1.182788e+002  3.210560e-001
 6.262682e-002  1.174239e+002  3.081218e-001
 6.308392e-002  1.167520e+002  3.181511e-001
 6.354101e-002  1.158866e+002  3.162146e-001
 6.399810e-002  1.145945e+002  3.077686e-001
 6.445519e-002  1.141698e+002  3.085631e-001
 6.491228e-002  1.130360e+002  3.042838e-001
 6.536937e-002  1.118551e+002  2.976178e-001
 6.582646e-002  1.112569e+002  3.044442e-001
 6.628355e-002  1.101735e+002  2.964954e-001
 6.674063e-002  1.097265e+002  2.983412e-001
 6.719772e-002  1.085940e+002  2.896575e-001
 6.765480e-002  1.079339e+002  2.904315e-001
 6.811189e-002  1.073178e+002  2.937220e-001
 6.856897e-002  1.064285e+002  2.868770e-001
 6.902605e-002  1.052394e+002  2.938619e-001
 6.948314e-002  1.052597e+002  2.903911e-001
 6.994022e-002  1.034571e+002  2.903714e-001
 7.039730e-002  1.030643e+002  2.859312e-001
 7.085438e-002  1.023370e+002  2.909939e-001
 7.131145e-002  1.013648e+002  2.893537e-001
 7.176853e-002  1.008645e+002  2.817719e-001
 7.222561e-002  9.990374e+001  2.900577e-001
 7.268268e-002  9.938459e+001  2.861822e-001
 7.313976e-002  9.833378e+001  2.905509e-001
 7.359683e-002  9.734586e+001  2.804018e-001
 7.405390e-002  9.664857e+001  2.871636e-001
 7.451097e-002  9.589373e+001  2.823281e-001
 7.496804e-002  9.531541e+001  2.695948e-001
 7.542511e-002  9.444638e+001  2.771819e-001
 7.588218e-002  9.289322e+001  2.661573e-001
 7.633925e-002  9.251894e+001  2.786614e-001
 7.679632e-002  9.230255e+001  2.801095e-001
 7.725338e-002  9.129510e+001  2.757204e-001
 7.771045e-002  9.077441e+001  2.761232e-001
 7.816751e-002  9.009620e+001  2.739269e-001
 7.862457e-002  8.931457e+001  2.822570e-001
 7.908164e-002  8.858484e+001  2.636089e-001
 7.953870e-002  8.735025e+001  2.692731e-001
 7.999576e-002  8.698138e+001  2.740598e-001
 8.045282e-002  8.661773e+001  2.684381e-001
 8.090987e-002  8.569947e+001  2.725274e-001
 8.136693e-002  8.461675e+001  2.622558e-001
 8.182399e-002  8.416793e+001  2.632140e-001
 8.228104e-002  8.318806e+001  2.735847e-001
 8.273809e-002  8.255771e+001  2.620940e-001
 8.319515e-002  8.236432e+001  2.637491e-001
 8.365220e-002  8.130035e+001  2.626137e-001
 8.410925e-002  8.105025e+001  2.717611e-001
 8.456630e-002  8.049738e+001  2.634949e-001
 8.502335e-002  7.930598e+001  2.583678e-001
 8.548039e-002  7.903395e+001  2.644667e-001
 8.593744e-002  7.747468e+001  2.574094e-001
 8.639449e-002  7.737737e+001  2.613597e-001
 8.685153e-002  7.671356e+001  2.572793e-001
 8.730857e-002  7.634248e+001  2.562844e-001
 8.776561e-002  7.557219e+001  2.675706e-001
 8.822265e-002  7.461423e+001  2.502843e-001
 8.867969e-002  7.447025e+001  2.610099e-001
 8.913673e-002  7.376813e+001  2.558037e-001
 8.959377e-002  7.329825e+001  2.545250e-001
 9.005081e-002  7.211496e+001  2.554306e-001
 9.050784e-002  7.160329e+001  2.532637e-001
 9.096487e-002  7.078035e+001  2.537151e-001
 9.142191e-002  7.082929e+001  2.490366e-001
 9.187894e-002  7.052185e+001  2.573505e-001
 9.233597e-002  6.959503e+001  2.565384e-001
 9.279300e-002  6.862615e+001  2.451247e-001
 9.325003e-002  6.868484e+001  2.534943e-001
 9.370705e-002  6.788786e+001  2.446952e-001
 9.416408e-002  6.764176e+001  2.555247e-001
 9.462110e-002  6.618900e+001  2.459740e-001
 9.507813e-002  6.615793e+001  2.406189e-001
 9.553515e-002  6.554847e+001  2.461911e-001
 9.599217e-002  6.498804e+001  2.467675e-001
 9.644919e-002  6.417890e+001  2.388762e-001
 9.690621e-002  6.374810e+001  2.416533e-001
 9.736322e-002  6.303511e+001  2.371779e-001
 9.782024e-002  6.274681e+001  2.422971e-001
 9.827725e-002  6.215706e+001  2.431239e-001
 9.873427e-002  6.161580e+001  2.388849e-001
 9.919128e-002  6.086007e+001  2.415065e-001
 9.964829e-002  6.048225e+001  2.375102e-001
 1.001053e-001  6.009426e+001  2.396354e-001
 1.005623e-001  5.944092e+001  2.388887e-001
 1.010193e-001  5.885854e+001  2.337130e-001
 1.014763e-001  5.849665e+001  2.336465e-001
 1.019333e-001  5.799437e+001  2.367858e-001
 1.023903e-001  5.784790e+001  2.327584e-001
 1.028473e-001  5.695513e+001  2.303580e-001
 1.033043e-001  5.672629e+001  2.278827e-001
 1.037613e-001  5.588478e+001  2.280890e-001
 1.042183e-001  5.549689e+001  2.299062e-001
 1.046753e-001  5.529157e+001  2.262060e-001
 1.051323e-001  5.477471e+001  2.353007e-001
 1.055893e-001  5.386320e+001  2.294687e-001
 1.060463e-001  5.381737e+001  2.334442e-001
 1.065033e-001  5.293078e+001  2.246838e-001
 1.069603e-001  5.300887e+001  2.261051e-001
 1.074173e-001  5.211979e+001  2.328102e-001
 1.078743e-001  5.173901e+001  2.281223e-001
 1.083313e-001  5.120657e+001  2.310210e-001
 1.087882e-001  5.089252e+001  2.328362e-001
 1.092452e-001  5.061476e+001  2.262542e-001
 1.097022e-001  4.997916e+001  2.255356e-001
 1.101592e-001  4.999876e+001  2.238222e-001
 1.106162e-001  4.913397e+001  2.223596e-001
 1.110731e-001  4.859478e+001  2.233218e-001
 1.115301e-001  4.796685e+001  2.251870e-001
 1.119871e-001  4.788071e+001  2.262916e-001
 1.124441e-001  4.730796e+001  2.191151e-001
 1.129010e-001  4.736839e+001  2.236977e-001
 1.133580e-001  4.703012e+001  2.226410e-001
 1.138150e-001  4.647291e+001  2.209377e-001
 1.142719e-001  4.590557e+001  2.218688e-001
 1.147289e-001  4.531962e+001  2.194670e-001
 1.151859e-001  4.502495e+001  2.188553e-001
 1.156428e-001  4.434885e+001  2.212783e-001
 1.160998e-001  4.432746e+001  2.169981e-001
 1.165568e-001  4.376793e+001  2.163905e-001
 1.170137e-001  4.321501e+001  2.186748e-001
 1.174707e-001  4.274047e+001  2.173787e-001
 1.179276e-001  4.280288e+001  2.145394e-001
 1.183846e-001  4.189927e+001  2.162607e-001
 1.188415e-001  4.177994e+001  2.154361e-001
 1.192985e-001  4.150311e+001  2.167658e-001
 1.197554e-001  4.125363e+001  2.119610e-001
 1.202124e-001  4.071185e+001  2.162832e-001
 1.206693e-001  4.054684e+001  2.216159e-001
 1.211263e-001  3.979916e+001  2.185491e-001
 1.215832e-001  3.976639e+001  2.228368e-001
 1.220402e-001  3.986745e+001  2.215577e-001
 1.224971e-001  3.919604e+001  2.189506e-001
 1.229540e-001  3.870210e+001  2.183266e-001
 1.234110e-001  3.800938e+001  2.215818e-001
 1.238679e-001  3.814358e+001  2.200421e-001
 1.243248e-001  3.761777e+001  2.227192e-001
 1.247818e-001  3.725179e+001  2.267127e-001
 1.252387e-001  3.727463e+001  2.258750e-001
 1.256956e-001  3.634648e+001  2.236505e-001
 1.261526e-001  3.656540e+001  2.250267e-001
 1.266095e-001  3.562749e+001  2.265641e-001
 1.270664e-001  3.565503e+001  2.267013e-001
 1.275233e-001  3.574149e+001  2.269309e-001
 1.279803e-001  3.504763e+001  2.256817e-001
 1.284372e-001  3.440167e+001  2.208359e-001
 1.288941e-001  3.462017e+001  2.204936e-001
 1.293510e-001  3.426085e+001  2.203811e-001
 1.298079e-001  3.387143e+001  2.155419e-001
 1.302648e-001  3.393997e+001  2.112632e-001
 1.307218e-001  3.298855e+001  2.112042e-001
 1.311787e-001  3.274873e+001  2.073549e-001
 1.316356e-001  3.236092e+001  2.092865e-001
 1.320925e-001  3.236304e+001  2.111542e-001
 1.325494e-001  3.195469e+001  2.055959e-001
 1.330063e-001  3.175632e+001  2.151239e-001
 1.334632e-001  3.115141e+001  2.038015e-001
 1.339201e-001  3.101721e+001  2.081069e-001
 1.343770e-001  3.107166e+001  2.142316e-001
 1.348339e-001  3.069553e+001  2.173428e-001
 1.352908e-001  3.021260e+001  2.059622e-001
 1.357477e-001  3.007817e+001  2.056058e-001
 1.362046e-001  2.953745e+001  2.061657e-001
 1.366615e-001  2.929732e+001  2.027698e-001
 1.371183e-001  2.873223e+001  2.026261e-001
 1.375752e-001  2.846957e+001  2.025240e-001
 1.380321e-001  2.866158e+001  2.022704e-001
 1.384890e-001  2.829969e+001  2.037729e-001
 1.389459e-001  2.838165e+001  2.010453e-001
 1.394028e-001  2.741957e+001  1.986046e-001
 1.398596e-001  2.777103e+001  2.027594e-001
 1.403165e-001  2.742347e+001  1.981098e-001
 1.407734e-001  2.715792e+001  2.025936e-001
 1.412303e-001  2.685564e+001  1.958932e-001
 1.416871e-001  2.658095e+001  1.984495e-001
 1.421440e-001  2.616584e+001  1.996071e-001
 1.426009e-001  2.637226e+001  1.977304e-001
 1.430577e-001  2.595571e+001  1.975888e-001
 1.435146e-001  2.530519e+001  1.941503e-001
 1.439714e-001  2.525918e+001  1.983179e-001
 1.444283e-001  2.537205e+001  1.982958e-001
 1.448852e-001  2.533185e+001  1.986802e-001
 1.453420e-001  2.453464e+001  1.962507e-001
 1.457989e-001  2.419590e+001  1.939078e-001
 1.462557e-001  2.404285e+001  1.982750e-001
 1.467126e-001  2.380356e+001  1.943251e-001
 1.471694e-001  2.371200e+001  1.949550e-001
 1.476263e-001  2.339879e+001  1.936212e-001
 1.480831e-001  2.323524e+001  1.953667e-001
 1.485400e-001  2.293443e+001  1.929747e-001
 1.489968e-001  2.284891e+001  1.918703e-001
 1.494536e-001  2.267602e+001  1.897605e-001
 1.499105e-001  2.246247e+001  1.930214e-001
 1.503673e-001  2.188294e+001  1.925743e-001
 1.508241e-001  2.200829e+001  1.899229e-001
 1.512810e-001  2.144780e+001  1.890668e-001
 1.517378e-001  2.114550e+001  1.876427e-001
 1.521946e-001  2.132486e+001  1.860505e-001
 1.526515e-001  2.084671e+001  1.899189e-001
 1.531083e-001  2.103169e+001  1.885990e-001
 1.535651e-001  2.091574e+001  1.892184e-001
 1.540219e-001  2.050324e+001  1.870787e-001
 1.544787e-001  2.029546e+001  1.852489e-001
 1.549356e-001  1.974251e+001  1.857507e-001
 1.553924e-001  2.013918e+001  1.864094e-001
 1.558492e-001  1.971689e+001  1.881874e-001
 1.563060e-001  1.945546e+001  1.888661e-001
 1.567628e-001  1.934943e+001  1.822015e-001
 1.572196e-001  1.933552e+001  1.897306e-001
 1.576764e-001  1.882084e+001  1.846023e-001
 1.581332e-001  1.886820e+001  1.824273e-001
 1.585900e-001  1.852285e+001  1.808894e-001
 1.590468e-001  1.804926e+001  1.821024e-001
 1.595036e-001  1.775624e+001  1.825547e-001
 1.599604e-001  1.804015e+001  1.816079e-001
 1.604172e-001  1.774800e+001  1.821832e-001
 1.608740e-001  1.746739e+001  1.817009e-001
 1.613308e-001  1.765717e+001  1.811497e-001
 1.617875e-001  1.739367e+001  1.827747e-001
 1.622443e-001  1.754446e+001  1.804236e-001
 1.627011e-001  1.715991e+001  1.814937e-001
 1.631579e-001  1.688483e+001  1.782360e-001
 1.636147e-001  1.681533e+001  1.820948e-001
 1.640714e-001  1.659839e+001  1.812891e-001
 1.645282e-001  1.623353e+001  1.771677e-001
 1.649850e-001  1.611871e+001  1.831565e-001
 1.654418e-001  1.615721e+001  1.778993e-001
 1.658985e-001  1.587530e+001  1.817416e-001
 1.663553e-001  1.580222e+001  1.716277e-001
 1.668121e-001  1.534308e+001  1.786619e-001
 1.672688e-001  1.518986e+001  1.770207e-001
 1.677256e-001  1.538168e+001  1.791353e-001
 1.681823e-001  1.507903e+001  1.766736e-001
 1.686391e-001  1.519816e+001  1.759123e-001
 1.690958e-001  1.469276e+001  1.761052e-001
 1.695526e-001  1.458407e+001  1.768867e-001
 1.700093e-001  1.439709e+001  1.748920e-001
 1.704661e-001  1.428296e+001  1.753921e-001
 1.709228e-001  1.366549e+001  1.727228e-001
 1.713796e-001  1.405233e+001  1.741931e-001
 1.718363e-001  1.359185e+001  1.774449e-001
 1.722930e-001  1.381105e+001  1.728347e-001
 1.727498e-001  1.359025e+001  1.701914e-001
 1.732065e-001  1.341946e+001  1.710817e-001
 1.736632e-001  1.316854e+001  1.720373e-001
 1.741200e-001  1.335034e+001  1.721700e-001
 1.745767e-001  1.292290e+001  1.703550e-001
 1.750334e-001  1.295492e+001  1.725261e-001
 1.754901e-001  1.276534e+001  1.713180e-001
 1.759468e-001  1.238574e+001  1.716372e-001
 1.764036e-001  1.248729e+001  1.719460e-001
 1.768603e-001  1.242554e+001  1.712888e-001
 1.773170e-001  1.210441e+001  1.707959e-001
 1.777737e-001  1.208858e+001  1.694785e-001
 1.782304e-001  1.209293e+001  1.694934e-001
 1.786871e-001  1.168985e+001  1.734938e-001
 1.791438e-001  1.160813e+001  1.767991e-001
 1.796005e-001  1.152718e+001  1.766193e-001
 1.800572e-001  1.152824e+001  1.740733e-001
 1.805139e-001  1.153703e+001  1.799004e-001
 1.809706e-001  1.105559e+001  1.751631e-001
 1.814273e-001  1.087151e+001  1.774117e-001
 1.818840e-001  1.061543e+001  1.739756e-001
 1.823407e-001  1.073174e+001  1.784320e-001
 1.827974e-001  1.105213e+001  1.783580e-001
 1.832540e-001  1.077752e+001  1.788606e-001
 1.837107e-001  1.043656e+001  1.821959e-001
 1.841674e-001  1.030885e+001  1.774350e-001
 1.846241e-001  1.046367e+001  1.794617e-001
 1.850808e-001  1.029103e+001  1.800996e-001
 1.855374e-001  1.000918e+001  1.777286e-001
 1.859941e-001  9.959300e+000  1.814810e-001
 1.864508e-001  9.891200e+000  1.746215e-001
 1.869074e-001  9.852300e+000  1.805802e-001
 1.873641e-001  9.370560e+000  1.809952e-001
 1.878207e-001  9.352520e+000  1.784784e-001
 1.882774e-001  9.446020e+000  1.824465e-001
 1.887341e-001  9.553380e+000  1.788539e-001
 1.891907e-001  9.219680e+000  1.826754e-001
 1.896474e-001  9.141970e+000  1.778423e-001
 1.901040e-001  8.979700e+000  1.807408e-001
 1.905607e-001  8.622220e+000  1.836508e-001
 1.910173e-001  8.747480e+000  1.824672e-001
 1.914739e-001  8.692590e+000  1.788059e-001
 1.919306e-001  8.737830e+000  1.809043e-001
 1.923872e-001  8.357350e+000  1.809631e-001
 1.928438e-001  9.009620e+000  1.802406e-001
 1.933005e-001  8.434600e+000  1.812547e-001
 1.937571e-001  8.214730e+000  1.791296e-001
 1.942137e-001  8.141600e+000  1.813150e-001
 1.946703e-001  8.076210e+000  1.803966e-001
 1.951270e-001  8.314850e+000  1.793740e-001
 1.955836e-001  8.157840e+000  1.813368e-001
 1.960402e-001  7.804120e+000  1.799697e-001
 1.964968e-001  7.651310e+000  1.821679e-001
 1.969534e-001  7.683050e+000  1.799471e-001
 1.974100e-001  7.564120e+000  1.779320e-001
 1.978666e-001  7.629920e+000  1.795044e-001
 1.983232e-001  7.611070e+000  1.788112e-001
 1.987798e-001  7.685150e+000  1.806349e-001
 1.992364e-001  7.154400e+000  1.810684e-001
 1.996930e-001  7.225780e+000  1.808435e-001
 2.001496e-001  7.141040e+000  1.805490e-001
 2.006062e-001  6.945950e+000  1.768531e-001
 2.010628e-001  7.012820e+000  1.768006e-001
 2.015194e-001  6.791810e+000  1.803655e-001
 2.019760e-001  6.897830e+000  1.784056e-001
 2.024326e-001  7.176420e+000  1.799036e-001
 2.028891e-001  6.895970e+000  1.780431e-001
 2.033457e-001  6.372820e+000  1.805217e-001
 2.038023e-001  6.651680e+000  1.781617e-001
 2.042588e-001  6.453940e+000  1.790781e-001
 2.047154e-001  6.268030e+000  1.813400e-001
 2.051720e-001  6.491240e+000  1.766645e-001
 2.056285e-001  6.424450e+000  1.787181e-001
 2.060851e-001  6.576410e+000  1.777313e-001
 2.065417e-001  6.371220e+000  1.768359e-001
 2.069982e-001  6.413820e+000  1.799567e-001
 2.074548e-001  6.236840e+000  1.769707e-001
 2.079113e-001  6.428850e+000  1.782740e-001
 2.083679e-001  6.075760e+000  1.748170e-001
 2.088244e-001  5.936250e+000  1.754640e-001
 2.092809e-001  5.841170e+000  1.753568e-001
 2.097375e-001  5.631420e+000  1.745597e-001
 2.101940e-001  5.631330e+000  1.805029e-001
 2.106505e-001  5.734470e+000  1.775148e-001
 2.111071e-001  5.532190e+000  1.780772e-001
 2.115636e-001  5.921090e+000  1.751720e-001
 2.120201e-001  5.240970e+000  1.744558e-001
 2.124767e-001  5.463030e+000  1.758095e-001
 2.129332e-001  5.489300e+000  1.753012e-001
 2.133897e-001  5.455360e+000  1.779315e-001
 2.138462e-001  5.185150e+000  1.736933e-001
 2.143027e-001  5.186450e+000  1.745163e-001
 2.147592e-001  4.940650e+000  1.692095e-001
 2.152157e-001  5.214480e+000  1.735976e-001
 2.156722e-001  5.098770e+000  1.736488e-001
 2.161287e-001  5.028820e+000  1.761597e-001
 2.165852e-001  4.964760e+000  1.729179e-001
 2.170417e-001  5.121970e+000  1.762934e-001
 2.174982e-001  4.778530e+000  1.809437e-001
 2.179547e-001  5.105630e+000  1.826445e-001
 2.184112e-001  4.974140e+000  1.784612e-001
 2.188677e-001  4.748180e+000  1.837969e-001
 2.193242e-001  4.674430e+000  1.831838e-001
 2.197806e-001  4.607270e+000  1.852120e-001
 2.202371e-001  4.623380e+000  1.808386e-001
 2.206936e-001  4.798270e+000  1.832128e-001
 2.211501e-001  4.412550e+000  1.898494e-001
 2.216065e-001  4.332370e+000  1.853146e-001
 2.220630e-001  4.312450e+000  1.899549e-001
 2.225195e-001  4.593390e+000  1.872034e-001
 2.229759e-001  4.210040e+000  1.889247e-001
 2.234324e-001  4.395900e+000  1.905206e-001
 2.238888e-001  4.581770e+000  1.933344e-001
 2.243453e-001  4.506280e+000  1.909441e-001
 2.248017e-001  4.222220e+000  1.913989e-001
 2.252582e-001  4.161180e+000  1.856758e-001
 2.257146e-001  4.127360e+000  1.870064e-001
 2.261710e-001  4.183160e+000  1.843940e-001
 2.266275e-001  4.152820e+000  1.838189e-001
 2.270839e-001  4.032920e+000  1.795963e-001
 2.275403e-001  4.071050e+000  1.807334e-001
 2.279968e-001  3.889350e+000  1.814265e-001
 2.284532e-001  3.891640e+000  1.798210e-001
 2.289096e-001  3.914800e+000  1.823479e-001
 2.293660e-001  3.504470e+000  1.796070e-001
 2.298225e-001  3.501920e+000  1.830750e-001
 2.302789e-001  3.615790e+000  1.778840e-001
 2.307353e-001  3.590400e+000  1.754632e-001
 2.311917e-001  3.388700e+000  1.786397e-001
 2.316481e-001  3.594490e+000  1.792173e-001
 2.321045e-001  3.615080e+000  1.794654e-001
 2.325609e-001  3.533550e+000  1.797441e-001
 2.330173e-001  3.509840e+000  1.788412e-001
 2.334737e-001  3.503870e+000  1.769607e-001
 2.339301e-001  3.460370e+000  1.776250e-001
 2.343865e-001  3.306520e+000  1.781783e-001
 2.348428e-001  3.357200e+000  1.768948e-001
 2.352992e-001  3.727150e+000  1.765714e-001
 2.357556e-001  3.552080e+000  1.747580e-001
 2.362120e-001  3.280660e+000  1.762794e-001
 2.366683e-001  3.332970e+000  1.780091e-001
 2.371247e-001  3.221140e+000  1.740505e-001
 2.375811e-001  3.308000e+000  1.760914e-001
 2.380374e-001  3.587120e+000  1.739374e-001
 2.384938e-001  3.015320e+000  1.752074e-001
 2.389502e-001  3.108840e+000  1.757709e-001
 2.394065e-001  3.160660e+000  1.755809e-001
 2.398629e-001  3.160100e+000  1.740408e-001
 2.403192e-001  3.099950e+000  1.762121e-001
 2.407755e-001  2.999660e+000  1.763510e-001
 2.412319e-001  2.987350e+000  1.737129e-001
 2.416882e-001  3.234430e+000  1.719599e-001
 2.421446e-001  2.876470e+000  1.716017e-001
 2.426009e-001  2.895550e+000  1.683750e-001
 2.430572e-001  2.573770e+000  1.740787e-001
 2.435135e-001  2.673030e+000  1.696153e-001
 2.439699e-001  2.626360e+000  1.731137e-001
 2.444262e-001  2.843380e+000  1.717179e-001
 2.448825e-001  2.897080e+000  1.687466e-001
 2.453388e-001  2.744670e+000  1.723394e-001
 2.457951e-001  2.531150e+000  1.677179e-001
 2.462514e-001  2.765710e+000  1.741114e-001
 2.467077e-001  2.887950e+000  1.690874e-001
 2.471640e-001  2.688820e+000  1.730764e-001
 2.476203e-001  2.365990e+000  1.723183e-001
 2.480766e-001  2.801050e+000  1.702483e-001
 2.485329e-001  2.637620e+000  1.701983e-001
 2.489892e-001  2.578120e+000  1.678285e-001
 2.494455e-001  2.763910e+000  1.698419e-001
 2.499018e-001  2.218830e+000  1.706536e-001
 2.503581e-001  2.498020e+000  1.702670e-001
 2.508143e-001  2.614360e+000  1.718643e-001
 2.512706e-001  2.385550e+000  1.692397e-001
 2.517269e-001  2.764880e+000  1.691280e-001
 2.521831e-001  2.744780e+000  1.713166e-001
 2.526394e-001  2.723870e+000  1.691110e-001
 2.530957e-001  2.427740e+000  1.701593e-001
 2.535519e-001  2.146490e+000  1.650073e-001
 2.540082e-001  2.321160e+000  1.691993e-001
 2.544644e-001  2.587910e+000  1.689171e-001
 2.549207e-001  2.644770e+000  1.702396e-001
 2.553769e-001  2.357820e+000  1.682583e-001
 2.558332e-001  2.264640e+000  1.664957e-001
 2.562894e-001  2.317940e+000  1.704874e-001
 2.567456e-001  2.595940e+000  1.674041e-001
 2.572019e-001  2.233820e+000  1.671055e-001
 2.576581e-001  2.427990e+000  1.688385e-001
 2.581143e-001  2.196120e+000  1.665556e-001
 2.585705e-001  2.504030e+000  1.663473e-001
 2.590268e-001  2.460850e+000  1.692777e-001
 2.594830e-001  2.082940e+000  1.690949e-001
 2.599392e-001  2.434500e+000  1.664584e-001
 2.603954e-001  2.046720e+000  1.694081e-001
 2.608516e-001  1.738260e+000  1.659579e-001
 2.613078e-001  2.066110e+000  1.666638e-001
 2.617640e-001  2.203530e+000  1.676578e-001
 2.622202e-001  1.936190e+000  1.663194e-001
 2.626764e-001  2.160920e+000  1.683268e-001
 2.631326e-001  1.991060e+000  1.663826e-001
 2.635887e-001  2.078150e+000  1.687893e-001
 2.640449e-001  1.766700e+000  1.670909e-001
 2.645011e-001  2.177390e+000  1.674121e-001
 2.649573e-001  2.003200e+000  1.643139e-001
 2.654135e-001  2.122450e+000  1.670120e-001
 2.658696e-001  2.118160e+000  1.667372e-001
 2.663258e-001  2.078680e+000  1.670242e-001
 2.667819e-001  1.922670e+000  1.671686e-001
 2.672381e-001  1.817120e+000  1.642385e-001
 2.676943e-001  2.091020e+000  1.650230e-001
 2.681504e-001  2.188610e+000  1.667768e-001
 2.686066e-001  2.092360e+000  1.648171e-001
 2.690627e-001  1.965410e+000  1.630439e-001
 2.695188e-001  1.804770e+000  1.618433e-001
 2.699750e-001  1.976680e+000  1.642454e-001
 2.704311e-001  1.945890e+000  1.700751e-001
 2.708872e-001  2.239020e+000  1.683926e-001
 2.713434e-001  1.940940e+000  1.717499e-001
 2.717995e-001  1.813040e+000  1.739876e-001
 2.722556e-001  1.735710e+000  1.733040e-001
 2.727117e-001  1.981350e+000  1.726641e-001
 2.731678e-001  2.188370e+000  1.743818e-001
 2.736240e-001  1.676560e+000  1.745840e-001
 2.740801e-001  1.735930e+000  1.780870e-001
 2.745362e-001  2.012650e+000  1.714226e-001
 2.749923e-001  2.051880e+000  1.770645e-001
 2.754484e-001  1.588440e+000  1.788864e-001
 2.759045e-001  1.587240e+000  1.761311e-001
 2.763605e-001  1.684090e+000  1.800482e-001
 2.768166e-001  1.932790e+000  1.788789e-001
 2.772727e-001  1.875280e+000  1.805714e-001
 2.777288e-001  1.336370e+000  1.805395e-001
 2.781849e-001  1.526630e+000  1.813751e-001
 2.786409e-001  1.750280e+000  1.784528e-001
 2.790970e-001  1.838120e+000  1.816541e-001
 2.795531e-001  1.592110e+000  1.816764e-001
 2.800091e-001  1.688190e+000  1.839494e-001
 2.804652e-001  1.722760e+000  1.800877e-001
 2.809212e-001  1.752690e+000  1.806917e-001
 2.813773e-001  1.460450e+000  1.825683e-001
 2.818333e-001  1.637980e+000  1.817368e-001
 2.822894e-001  1.607140e+000  1.781400e-001
 2.827454e-001  1.511980e+000  1.842849e-001
 2.832015e-001  1.466220e+000  1.814616e-001
 2.836575e-001  1.711530e+000  1.825373e-001
 2.841135e-001  1.453960e+000  1.793127e-001
 2.845695e-001  1.302790e+000  1.815839e-001
 2.850256e-001  1.508090e+000  1.840664e-001
 2.854816e-001  1.885870e+000  1.826041e-001
 2.859376e-001  1.776890e+000  1.804624e-001
 2.863936e-001  1.410500e+000  1.811568e-001
 2.868496e-001  1.258800e+000  1.832201e-001
 2.873056e-001  1.801660e+000  1.807241e-001
 2.877616e-001  1.458650e+000  1.794085e-001
 2.882176e-001  1.750410e+000  1.883181e-001
 2.886736e-001  1.764320e+000  1.812666e-001
 2.891296e-001  1.587980e+000  1.830587e-001
 2.895856e-001  1.486180e+000  1.810691e-001
 2.900416e-001  1.588630e+000  1.797248e-001
 2.904975e-001  1.492430e+000  1.816956e-001
 2.909535e-001  1.634300e+000  1.813337e-001
 2.914095e-001  1.595150e+000  1.816965e-001
 2.918655e-001  1.595060e+000  1.804182e-001
 2.923214e-001  1.339680e+000  1.829093e-001
 2.927774e-001  1.679400e+000  1.826803e-001
 2.932333e-001  1.236850e+000  1.818161e-001
 2.936893e-001  1.386180e+000  1.806019e-001
 2.941452e-001  1.255560e+000  1.821887e-001
 2.946012e-001  1.548080e+000  1.835325e-001
 2.950571e-001  1.482590e+000  1.860595e-001
 2.955131e-001  1.420650e+000  1.810174e-001
 2.959690e-001  1.532570e+000  1.824093e-001
 2.964249e-001  1.253920e+000  1.792444e-001
 2.968808e-001  1.604250e+000  1.812850e-001
 2.973368e-001  1.450070e+000  1.832128e-001
 2.977927e-001  1.267460e+000  1.787650e-001
 2.982486e-001  1.609710e+000  1.805565e-001
 2.987045e-001  1.202070e+000  1.784798e-001
 2.991604e-001  1.521990e+000  1.822556e-001
 2.996163e-001  1.477640e+000  1.796441e-001
 3.000722e-001  1.186500e+000  1.789830e-001
 3.005281e-001  1.259220e+000  1.826994e-001
 3.009840e-001  1.288700e+000  1.820361e-001
 3.014399e-001  1.192420e+000  1.808850e-001
 3.018958e-001  1.007210e+000  1.817051e-001
 3.023517e-001  1.166690e+000  1.849492e-001
 3.028075e-001  1.156290e+000  1.828780e-001
 3.032634e-001  1.392530e+000  1.836200e-001
 3.037193e-001  1.674210e+000  1.798181e-001
 3.041751e-001  1.287820e+000  1.813760e-001
 3.046310e-001  1.115060e+000  1.802958e-001
 3.050869e-001  1.278010e+000  1.832795e-001
 3.055427e-001  1.313080e+000  1.812373e-001
 3.059986e-001  1.417670e+000  1.833557e-001
 3.064544e-001  1.598810e+000  1.822966e-001
 3.069103e-001  1.162520e+000  1.808970e-001
 3.073661e-001  1.446830e+000  1.834607e-001
 3.078219e-001  1.299200e+000  1.789733e-001
 3.082778e-001  1.175140e+000  1.808857e-001
 3.087336e-001  9.646600e-001  1.812611e-001
 3.091894e-001  1.326780e+000  1.824921e-001
 3.096452e-001  1.194710e+000  1.802397e-001
 3.101010e-001  1.065400e+000  1.805166e-001
 3.105568e-001  1.224770e+000  1.825415e-001
 3.110127e-001  1.186950e+000  1.854290e-001
 3.114685e-001  1.104970e+000  1.774040e-001
 3.119243e-001  1.379300e+000  1.801513e-001
 3.123800e-001  9.934400e-001  1.817318e-001
 3.128358e-001  1.409860e+000  1.818383e-001
 3.132916e-001  1.269300e+000  1.811170e-001
 3.137474e-001  1.352040e+000  1.881333e-001
 3.142032e-001  1.295450e+000  1.922176e-001
 3.146590e-001  1.187940e+000  1.965402e-001
 3.151147e-001  1.244250e+000  1.933617e-001
 3.155705e-001  1.139160e+000  1.935395e-001
 3.160263e-001  1.397980e+000  1.987690e-001
 3.164820e-001  1.062300e+000  1.992212e-001
 3.169378e-001  1.245130e+000  2.052649e-001
 3.173935e-001  1.259500e+000  2.016781e-001
 3.178493e-001  9.308000e-001  2.064931e-001
 3.183050e-001  9.459800e-001  2.058916e-001
 3.187608e-001  1.122900e+000  2.090983e-001
 3.192165e-001  1.003980e+000  2.119999e-001
 3.196722e-001  1.315600e+000  2.119178e-001
 3.201280e-001  5.566100e-001  2.154887e-001
 3.205837e-001  7.353800e-001  2.127779e-001
 3.210394e-001  8.243000e-001  2.169071e-001
 3.214951e-001  1.723420e+000  2.191730e-001
 3.219508e-001  1.093550e+000  2.048044e-001
 3.224065e-001  1.311780e+000  2.036205e-001
 3.228622e-001  9.784300e-001  2.000519e-001
 3.233179e-001  1.383060e+000  1.993301e-001
 3.237736e-001  1.042650e+000  2.012110e-001
 3.242293e-001  1.398730e+000  2.019813e-001
 3.246850e-001  9.043700e-001  1.993356e-001
 3.251407e-001  1.292800e+000  2.025460e-001
 3.255964e-001  1.352980e+000  2.005245e-001
 3.260520e-001  1.433530e+000  1.980579e-001
 3.265077e-001  1.434480e+000  1.923938e-001
 3.269634e-001  1.104150e+000  2.006001e-001
 3.274190e-001  1.036240e+000  1.960530e-001
 3.278747e-001  9.870500e-001  1.976726e-001
 3.283303e-001  9.717300e-001  2.004692e-001
 3.287860e-001  1.125690e+000  1.961910e-001
 3.292416e-001  1.161000e+000  1.973622e-001
 3.296973e-001  1.165000e+000  1.956519e-001
 3.301529e-001  1.172320e+000  1.966227e-001
 3.306085e-001  1.413960e+000  1.937459e-001
 3.310642e-001  7.007800e-001  1.926506e-001
 3.315198e-001  7.076700e-001  1.973320e-001
 3.319754e-001  9.175800e-001  1.966727e-001
 3.324310e-001  9.712600e-001  1.942685e-001
 3.328866e-001  9.968200e-001  1.918619e-001
 3.333423e-001  9.643000e-001  1.943982e-001
 3.337979e-001  1.354560e+000  1.948543e-001
 3.342535e-001  1.182850e+000  1.959458e-001
 3.347090e-001  9.540600e-001  1.944834e-001
 3.351646e-001  7.633000e-001  1.915017e-001
 3.356202e-001  1.154320e+000  1.966872e-001
 3.360758e-001  5.461500e-001  1.937095e-001
 3.365314e-001  9.103600e-001  1.950088e-001
 3.369870e-001  1.253100e+000  1.945795e-001
 3.374425e-001  1.287710e+000  1.934893e-001
 3.378981e-001  1.121460e+000  1.935993e-001
 3.383537e-001  7.246300e-001  1.925293e-001
 3.388092e-001  1.107210e+000  1.952469e-001
 3.392648e-001  8.645500e-001  1.921771e-001
 3.397203e-001  1.198550e+000  1.930871e-001
 3.401759e-001  1.369330e+000  1.910768e-001
 3.406314e-001  1.006980e+000  1.896859e-001
 3.410869e-001  9.847400e-001  1.923305e-001
 3.415425e-001  7.139800e-001  1.934228e-001
 3.419980e-001  7.334200e-001  1.940056e-001
 3.424535e-001  1.139720e+000  1.930122e-001
 3.429090e-001  8.591500e-001  1.928122e-001
 3.433645e-001  1.128490e+000  1.923888e-001
 3.438200e-001  1.233620e+000  1.915944e-001
 3.442755e-001  7.032400e-001  1.887011e-001
 3.447310e-001  8.485400e-001  1.898013e-001
 3.451865e-001  9.119200e-001  1.943033e-001
 3.456420e-001  6.140500e-001  1.951093e-001
 3.460975e-001  4.508900e-001  1.900336e-001
 3.465530e-001  8.522400e-001  1.940656e-001
 3.470085e-001  1.052460e+000  1.927761e-001
 3.474640e-001  9.726100e-001  1.928027e-001
 3.479194e-001  9.687300e-001  1.916831e-001
 3.483749e-001  1.100060e+000  1.885335e-001
 3.488304e-001  1.123400e+000  1.923093e-001
 3.492858e-001  1.077250e+000  1.890568e-001
 3.497413e-001  1.000410e+000  1.919758e-001
 3.501967e-001  7.105600e-001  1.928770e-001
 3.506522e-001  8.876100e-001  1.914995e-001
 3.511076e-001  6.961700e-001  1.921755e-001
 3.515630e-001  8.929500e-001  1.931267e-001
 3.520185e-001  7.174100e-001  1.899285e-001
 3.524739e-001  5.570000e-001  1.889131e-001
 3.529293e-001  9.141700e-001  1.888323e-001
 3.533847e-001  1.212870e+000  1.901365e-001
 3.538401e-001  9.726600e-001  1.917884e-001
 3.542955e-001  5.493400e-001  1.866233e-001
 3.547509e-001  9.751900e-001  1.884044e-001
 3.552063e-001  1.170620e+000  1.901995e-001
 3.556617e-001  5.101400e-001  1.882152e-001
 3.561171e-001  1.095450e+000  1.910794e-001
 3.565725e-001  9.551500e-001  1.921778e-001
 3.570279e-001  1.045330e+000  1.882506e-001
 3.574833e-001  9.151700e-001  1.906577e-001
 3.579386e-001  8.423400e-001  1.873284e-001
 3.583940e-001  6.053400e-001  1.917348e-001
 3.588494e-001  9.631400e-001  1.895037e-001
 3.593047e-001  7.136900e-001  1.890584e-001
 3.597601e-001  8.308900e-001  1.896784e-001
 3.602154e-001  8.850600e-001  1.893695e-001
 3.606708e-001  6.745000e-001  1.950401e-001
 3.611261e-001  4.607100e-001  1.889024e-001
 3.615814e-001  6.864100e-001  1.855995e-001
 3.620368e-001  4.819500e-001  1.896261e-001
 3.624921e-001  3.042100e-001  1.862771e-001
 3.629474e-001  9.166500e-001  1.886349e-001
 3.634027e-001  6.122000e-001  1.846095e-001
 3.638580e-001  8.057000e-001  1.892036e-001
 3.643134e-001  9.306400e-001  1.883807e-001
 3.647687e-001  5.896100e-001  1.864532e-001
 3.652240e-001  7.675700e-001  1.891318e-001
 3.656793e-001  8.329400e-001  1.813416e-001
 3.661345e-001  9.035300e-001  1.784005e-001
 3.665898e-001  7.964100e-001  1.800303e-001
 3.670451e-001  6.216800e-001  1.805277e-001
 3.675004e-001  8.240400e-001  1.838375e-001
 3.679557e-001  1.063770e+000  1.845422e-001
 3.684109e-001  9.984800e-001  1.830656e-001
 3.688662e-001  6.577500e-001  1.852201e-001
 3.693214e-001  9.957500e-001  1.822170e-001
 3.697767e-001  8.233200e-001  1.843692e-001
 3.702319e-001  6.791700e-001  1.849781e-001
 3.706872e-001  6.844000e-001  1.841268e-001
 3.711424e-001  1.149880e+000  1.823674e-001
 3.715977e-001  7.928200e-001  1.851126e-001
 3.720529e-001  6.690300e-001  1.856233e-001
 3.725081e-001  5.890900e-001  1.830372e-001
 3.729633e-001  6.055000e-001  1.846466e-001
 3.734185e-001  7.716800e-001  1.833468e-001
 3.738737e-001  7.832600e-001  1.855443e-001
 3.743290e-001  9.185900e-001  1.801761e-001
 3.747842e-001  7.544500e-001  1.819897e-001
 3.752394e-001  6.588000e-001  1.869224e-001
 3.756945e-001  6.220500e-001  1.828963e-001
 3.761497e-001  5.733300e-001  1.844481e-001
 3.766049e-001  9.003700e-001  1.843835e-001
 3.770601e-001  4.668000e-001  1.832458e-001
 3.775153e-001  8.212900e-001  1.880072e-001
 3.779704e-001  7.282600e-001  1.829311e-001
 3.784256e-001  4.693100e-001  1.828379e-001
 3.788807e-001  5.504100e-001  1.838763e-001
 3.793359e-001  4.886900e-001  1.853070e-001
 3.797910e-001  6.476500e-001  1.835509e-001
 3.802462e-001  9.081300e-001  1.831149e-001
 3.807013e-001  7.838000e-001  1.841761e-001
 3.811565e-001  7.831000e-001  1.858652e-001
 3.816116e-001  7.450000e-001  1.828232e-001
 3.820667e-001  1.024720e+000  1.860000e-001
 3.825218e-001  5.214000e-001  1.822306e-001
 3.829769e-001  6.893700e-001  1.850498e-001
 3.834321e-001  6.712500e-001  1.844077e-001
 3.838872e-001  5.913000e-001  1.852991e-001
 3.843423e-001  5.255100e-001  1.862986e-001
 3.847974e-001  8.851200e-001  1.837680e-001
 3.852524e-001  8.404500e-001  1.847417e-001
 3.857075e-001  7.326900e-001  1.857512e-001
 3.861626e-001  8.222100e-001  1.887124e-001
 3.866177e-001  4.862300e-001  1.829604e-001
 3.870728e-001  4.285800e-001  1.851612e-001
 3.875278e-001  4.744900e-001  1.896219e-001
 3.879829e-001  9.640500e-001  1.835714e-001
 3.884379e-001  4.469500e-001  1.819415e-001
 3.888930e-001  3.490900e-001  1.881545e-001
 3.893480e-001  7.051000e-001  1.865914e-001
 3.898031e-001  6.260700e-001  1.842308e-001
 3.902581e-001  7.490500e-001  1.842507e-001
 3.907131e-001  4.505800e-001  1.837232e-001
 3.911682e-001  6.619800e-001  1.836635e-001
 3.916232e-001  8.945000e-001  1.851790e-001
 3.920782e-001  6.607400e-001  1.857810e-001
 3.925332e-001  8.580200e-001  1.853038e-001
 3.929882e-001  7.134900e-001  1.821181e-001
 3.934432e-001  2.876100e-001  1.831004e-001
 3.938982e-001  6.617500e-001  1.851064e-001
 3.943532e-001  8.739000e-001  1.815668e-001
 3.948082e-001  8.698400e-001  1.874905e-001
 3.952632e-001  6.932000e-001  1.861653e-001
 3.957182e-001  6.081500e-001  1.856582e-001
 3.961731e-001  6.071800e-001  1.856176e-001
 3.966281e-001  7.962600e-001  1.835949e-001
 3.970831e-001  5.626200e-001  1.847249e-001
parent: E:/Data/SAXS/SAXS_pin1/nmrbuffer001-003/avrg_002.dat
parent: E:/Data/SAXS/SAXS_pin1/nmrbuffer001-003/avrg_001.dat
creator: datop
creator-version: v0.4 (r7883)
datop-operation: E:/Data/SAXS/SAXS_pin1/nmrbuffer001-003/avrg_002.dat SUB E:/Data/SAXS/SAXS_pin1/nmrbuffer001-003/avrg_001.dat
