Sample description: HEADER
Sample: HEADER  c= 0 mg/ml  Code: 
Parent(s): E:/Data/SAXS/SAXS_pin1/nmrbuffer010-012/avrg_001.dat E:/Data/SAXS/SAXS_pin1/nmrbuffer010-012/avrg_002.dat
 8.685810e-003  2.206420e+002  6.412768e+001
 9.142958e-003  2.176130e+002  5.613849e+001
 9.600105e-003  2.152640e+002  4.178560e+001
 1.005725e-002  2.105400e+002  3.414597e+001
 1.051440e-002  2.075830e+002  2.733207e+001
 1.097154e-002  2.043760e+002  2.033421e+001
 1.142869e-002  2.081500e+002  1.625315e+001
 1.188584e-002  2.066170e+002  1.347865e+001
 1.234298e-002  2.022300e+002  1.179549e+001
 1.280013e-002  2.007790e+002  9.777248e+000
 1.325728e-002  2.017544e+002  7.572867e+000
 1.371442e-002  2.008478e+002  6.527032e+000
 1.417157e-002  1.982548e+002  5.411045e+000
 1.462871e-002  1.973982e+002  4.812478e+000
 1.508586e-002  1.961109e+002  4.034247e+000
 1.554300e-002  1.951397e+002  3.283478e+000
 1.600015e-002  1.941613e+002  3.142097e+000
 1.645729e-002  1.931264e+002  2.601426e+000
 1.691444e-002  1.922798e+002  2.365741e+000
 1.737158e-002  1.904286e+002  1.988983e+000
 1.782872e-002  1.914872e+002  1.807365e+000
 1.828587e-002  1.883644e+002  1.733756e+000
 1.874301e-002  1.885979e+002  1.459156e+000
 1.920016e-002  1.865613e+002  1.344711e+000
 1.965730e-002  1.871421e+002  1.187138e+000
 2.011444e-002  1.863093e+002  1.164604e+000
 2.057158e-002  1.843588e+002  1.074624e+000
 2.102873e-002  1.840710e+002  9.429311e-001
 2.148587e-002  1.827450e+002  8.951620e-001
 2.194301e-002  1.808570e+002  8.052785e-001
 2.240015e-002  1.811246e+002  7.963396e-001
 2.285729e-002  1.792553e+002  7.223004e-001
 2.331443e-002  1.783898e+002  7.365476e-001
 2.377157e-002  1.787782e+002  7.273728e-001
 2.422871e-002  1.768424e+002  6.879113e-001
 2.468585e-002  1.767648e+002  6.871062e-001
 2.514299e-002  1.761110e+002  6.087877e-001
 2.560013e-002  1.747348e+002  6.444984e-001
 2.605727e-002  1.730959e+002  6.107016e-001
 2.651441e-002  1.724905e+002  5.931841e-001
 2.697155e-002  1.703404e+002  5.655819e-001
 2.742869e-002  1.701968e+002  5.258965e-001
 2.788582e-002  1.691876e+002  5.534409e-001
 2.834296e-002  1.685717e+002  5.149181e-001
 2.880010e-002  1.678458e+002  5.197422e-001
 2.925724e-002  1.666443e+002  5.134702e-001
 2.971437e-002  1.657004e+002  4.638447e-001
 3.017151e-002  1.650671e+002  4.994997e-001
 3.062864e-002  1.642316e+002  4.695830e-001
 3.108578e-002  1.635568e+002  4.620553e-001
 3.154291e-002  1.622174e+002  4.466278e-001
 3.200005e-002  1.612707e+002  4.187912e-001
 3.245718e-002  1.600989e+002  4.248522e-001
 3.291431e-002  1.592535e+002  3.931232e-001
 3.337145e-002  1.586687e+002  3.915874e-001
 3.382858e-002  1.572541e+002  3.900720e-001
 3.428571e-002  1.565471e+002  3.872966e-001
 3.474284e-002  1.556302e+002  3.693538e-001
 3.519997e-002  1.548903e+002  3.684270e-001
 3.565711e-002  1.539339e+002  3.762290e-001
 3.611424e-002  1.530314e+002  3.611459e-001
 3.657137e-002  1.519262e+002  3.471069e-001
 3.702849e-002  1.507696e+002  3.491222e-001
 3.748562e-002  1.502360e+002  3.398844e-001
 3.794275e-002  1.490902e+002  3.462255e-001
 3.839988e-002  1.477088e+002  3.427758e-001
 3.885701e-002  1.473155e+002  3.219325e-001
 3.931414e-002  1.463114e+002  3.219266e-001
 3.977126e-002  1.447313e+002  3.168325e-001
 4.022839e-002  1.442441e+002  3.325460e-001
 4.068551e-002  1.434395e+002  3.054928e-001
 4.114264e-002  1.427916e+002  3.170628e-001
 4.159976e-002  1.414734e+002  3.044412e-001
 4.205689e-002  1.408925e+002  3.088421e-001
 4.251401e-002  1.392246e+002  3.052694e-001
 4.297113e-002  1.383985e+002  3.010752e-001
 4.342826e-002  1.379514e+002  3.000752e-001
 4.388538e-002  1.367038e+002  2.950389e-001
 4.434250e-002  1.361292e+002  2.990521e-001
 4.479962e-002  1.356491e+002  3.016966e-001
 4.525674e-002  1.346795e+002  2.928047e-001
 4.571386e-002  1.334313e+002  3.045073e-001
 4.617098e-002  1.320595e+002  2.972348e-001
 4.662810e-002  1.311923e+002  3.498587e-001
 4.708521e-002  1.302947e+002  3.054119e-001
 4.754233e-002  1.298911e+002  2.967704e-001
 4.799945e-002  1.287115e+002  2.953921e-001
 4.845656e-002  1.277172e+002  3.174274e-001
 4.891368e-002  1.270954e+002  2.767557e-001
 4.937079e-002  1.261139e+002  2.844366e-001
 4.982791e-002  1.248398e+002  2.752716e-001
 5.028502e-002  1.239860e+002  2.742331e-001
 5.074213e-002  1.227485e+002  2.650936e-001
 5.119925e-002  1.217322e+002  2.667750e-001
 5.165636e-002  1.219375e+002  2.633906e-001
 5.211347e-002  1.210257e+002  2.563087e-001
 5.257058e-002  1.190756e+002  2.592405e-001
 5.302769e-002  1.187462e+002  2.599234e-001
 5.348480e-002  1.178476e+002  2.477364e-001
 5.394190e-002  1.168411e+002  2.469043e-001
 5.439901e-002  1.163510e+002  2.555144e-001
 5.485612e-002  1.152604e+002  2.511906e-001
 5.531322e-002  1.142316e+002  2.523017e-001
 5.577033e-002  1.129964e+002  2.482422e-001
 5.622743e-002  1.125768e+002  2.319666e-001
 5.668454e-002  1.116476e+002  2.503838e-001
 5.714164e-002  1.111120e+002  2.376236e-001
 5.759874e-002  1.099032e+002  2.510857e-001
 5.805585e-002  1.093221e+002  2.346436e-001
 5.851295e-002  1.084386e+002  2.310255e-001
 5.897005e-002  1.072633e+002  2.363954e-001
 5.942715e-002  1.063385e+002  2.255294e-001
 5.988425e-002  1.062787e+002  2.337200e-001
 6.034134e-002  1.049898e+002  2.223655e-001
 6.079844e-002  1.041021e+002  2.252229e-001
 6.125554e-002  1.032541e+002  2.308099e-001
 6.171263e-002  1.024932e+002  2.204597e-001
 6.216973e-002  1.015248e+002  2.214710e-001
 6.262682e-002  1.006947e+002  2.198114e-001
 6.308392e-002  1.001694e+002  2.196125e-001
 6.354101e-002  9.921600e+001  2.202696e-001
 6.399810e-002  9.861447e+001  2.158819e-001
 6.445519e-002  9.760798e+001  2.162347e-001
 6.491228e-002  9.672019e+001  2.138348e-001
 6.536937e-002  9.578238e+001  2.114397e-001
 6.582646e-002  9.497526e+001  2.114025e-001
 6.628355e-002  9.467825e+001  2.064992e-001
 6.674063e-002  9.384657e+001  2.083733e-001
 6.719772e-002  9.346102e+001  2.041633e-001
 6.765480e-002  9.249540e+001  2.015072e-001
 6.811189e-002  9.170282e+001  2.005191e-001
 6.856897e-002  9.072273e+001  2.051916e-001
 6.902605e-002  9.035591e+001  2.043729e-001
 6.948314e-002  8.920731e+001  1.997964e-001
 6.994022e-002  8.890371e+001  2.057596e-001
 7.039730e-002  8.798620e+001  1.988386e-001
 7.085438e-002  8.768959e+001  2.037944e-001
 7.131145e-002  8.673852e+001  2.034993e-001
 7.176853e-002  8.596828e+001  1.960122e-001
 7.222561e-002  8.505352e+001  2.051435e-001
 7.268268e-002  8.460513e+001  2.005069e-001
 7.313976e-002  8.387690e+001  1.988572e-001
 7.359683e-002  8.313225e+001  1.940907e-001
 7.405390e-002  8.245590e+001  1.968139e-001
 7.451097e-002  8.158382e+001  1.990249e-001
 7.496804e-002  8.126404e+001  1.906647e-001
 7.542511e-002  8.064307e+001  1.923084e-001
 7.588218e-002  7.957576e+001  1.849388e-001
 7.633925e-002  7.869169e+001  1.953696e-001
 7.679632e-002  7.851250e+001  1.911120e-001
 7.725338e-002  7.753425e+001  1.880166e-001
 7.771045e-002  7.721044e+001  1.896832e-001
 7.816751e-002  7.624867e+001  1.898895e-001
 7.862457e-002  7.561444e+001  1.903967e-001
 7.908164e-002  7.492162e+001  1.864650e-001
 7.953870e-002  7.454678e+001  1.866588e-001
 7.999576e-002  7.390957e+001  1.893460e-001
 8.045282e-002  7.335997e+001  1.890672e-001
 8.090987e-002  7.267087e+001  1.894555e-001
 8.136693e-002  7.186690e+001  1.823087e-001
 8.182399e-002  7.134570e+001  1.847334e-001
 8.228104e-002  7.108850e+001  1.877800e-001
 8.273809e-002  7.037101e+001  1.849217e-001
 8.319515e-002  7.017047e+001  1.818435e-001
 8.365220e-002  6.919718e+001  1.807947e-001
 8.410925e-002  6.860420e+001  1.868519e-001
 8.456630e-002  6.871663e+001  1.810814e-001
 8.502335e-002  6.744378e+001  1.786931e-001
 8.548039e-002  6.711608e+001  1.805990e-001
 8.593744e-002  6.639000e+001  1.809129e-001
 8.639449e-002  6.553907e+001  1.834985e-001
 8.685153e-002  6.526923e+001  1.787841e-001
 8.730857e-002  6.500833e+001  1.751963e-001
 8.776561e-002  6.401842e+001  1.794865e-001
 8.822265e-002  6.391943e+001  1.762796e-001
 8.867969e-002  6.303686e+001  1.814930e-001
 8.913673e-002  6.254811e+001  1.761676e-001
 8.959377e-002  6.160130e+001  1.760867e-001
 9.005081e-002  6.130747e+001  1.792479e-001
 9.050784e-002  6.097777e+001  1.716010e-001
 9.096487e-002  6.060947e+001  1.756828e-001
 9.142191e-002  6.008803e+001  1.696085e-001
 9.187894e-002  5.937237e+001  1.768734e-001
 9.233597e-002  5.924669e+001  1.762442e-001
 9.279300e-002  5.842851e+001  1.692557e-001
 9.325003e-002  5.787371e+001  1.731671e-001
 9.370705e-002  5.735330e+001  1.695077e-001
 9.416408e-002  5.723988e+001  1.752767e-001
 9.462110e-002  5.650601e+001  1.699531e-001
 9.507813e-002  5.621763e+001  1.677262e-001
 9.553515e-002  5.549664e+001  1.660868e-001
 9.599217e-002  5.533193e+001  1.678146e-001
 9.644919e-002  5.474900e+001  1.671156e-001
 9.690621e-002  5.418301e+001  1.680686e-001
 9.736322e-002  5.394712e+001  1.681432e-001
 9.782024e-002  5.330541e+001  1.677523e-001
 9.827725e-002  5.284580e+001  1.714983e-001
 9.873427e-002  5.216425e+001  1.645239e-001
 9.919128e-002  5.208444e+001  1.652835e-001
 9.964829e-002  5.144113e+001  1.694801e-001
 1.001053e-001  5.108387e+001  1.662100e-001
 1.005623e-001  5.051535e+001  1.655916e-001
 1.010193e-001  5.025564e+001  1.641039e-001
 1.014763e-001  4.972889e+001  1.619049e-001
 1.019333e-001  4.941728e+001  1.665950e-001
 1.023903e-001  4.883951e+001  1.621686e-001
 1.028473e-001  4.830302e+001  1.604241e-001
 1.033043e-001  4.798060e+001  1.602007e-001
 1.037613e-001  4.765650e+001  1.624544e-001
 1.042183e-001  4.754825e+001  1.597093e-001
 1.046753e-001  4.682843e+001  1.594711e-001
 1.051323e-001  4.667006e+001  1.628192e-001
 1.055893e-001  4.611901e+001  1.615293e-001
 1.060463e-001  4.558335e+001  1.601604e-001
 1.065033e-001  4.547899e+001  1.599279e-001
 1.069603e-001  4.496772e+001  1.579072e-001
 1.074173e-001  4.480543e+001  1.603862e-001
 1.078743e-001  4.426392e+001  1.580940e-001
 1.083313e-001  4.399754e+001  1.564839e-001
 1.087882e-001  4.355126e+001  1.601307e-001
 1.092452e-001  4.343537e+001  1.557623e-001
 1.097022e-001  4.284785e+001  1.605962e-001
 1.101592e-001  4.238413e+001  1.534324e-001
 1.106162e-001  4.211774e+001  1.535885e-001
 1.110731e-001  4.170566e+001  1.570155e-001
 1.115301e-001  4.127758e+001  1.544851e-001
 1.119871e-001  4.108904e+001  1.579143e-001
 1.124441e-001  4.106722e+001  1.523625e-001
 1.129010e-001  4.036193e+001  1.539143e-001
 1.133580e-001  4.004188e+001  1.549316e-001
 1.138150e-001  3.950016e+001  1.537612e-001
 1.142719e-001  3.916074e+001  1.543984e-001
 1.147289e-001  3.888281e+001  1.522511e-001
 1.151859e-001  3.850564e+001  1.537830e-001
 1.156428e-001  3.839577e+001  1.525444e-001
 1.160998e-001  3.815527e+001  1.498044e-001
 1.165568e-001  3.768784e+001  1.493685e-001
 1.170137e-001  3.719397e+001  1.520894e-001
 1.174707e-001  3.725194e+001  1.511100e-001
 1.179276e-001  3.687637e+001  1.501397e-001
 1.183846e-001  3.650004e+001  1.507929e-001
 1.188415e-001  3.623594e+001  1.490118e-001
 1.192985e-001  3.585943e+001  1.489098e-001
 1.197554e-001  3.543667e+001  1.475681e-001
 1.202124e-001  3.518321e+001  1.511978e-001
 1.206693e-001  3.487339e+001  1.548372e-001
 1.211263e-001  3.478458e+001  1.519721e-001
 1.215832e-001  3.421166e+001  1.538340e-001
 1.220402e-001  3.428687e+001  1.574154e-001
 1.224971e-001  3.376015e+001  1.536738e-001
 1.229540e-001  3.355735e+001  1.536684e-001
 1.234110e-001  3.322870e+001  1.528337e-001
 1.238679e-001  3.254066e+001  1.526092e-001
 1.243248e-001  3.275070e+001  1.538033e-001
 1.247818e-001  3.252354e+001  1.553419e-001
 1.252387e-001  3.209452e+001  1.583012e-001
 1.256956e-001  3.201137e+001  1.553514e-001
 1.261526e-001  3.181630e+001  1.584792e-001
 1.266095e-001  3.138376e+001  1.562384e-001
 1.270664e-001  3.093732e+001  1.580750e-001
 1.275233e-001  3.084928e+001  1.559077e-001
 1.279803e-001  3.052713e+001  1.554005e-001
 1.284372e-001  2.999067e+001  1.553344e-001
 1.288941e-001  3.005001e+001  1.506326e-001
 1.293510e-001  2.976978e+001  1.502177e-001
 1.298079e-001  2.952754e+001  1.479951e-001
 1.302648e-001  2.927626e+001  1.475055e-001
 1.307218e-001  2.935351e+001  1.456672e-001
 1.311787e-001  2.882771e+001  1.446690e-001
 1.316356e-001  2.848434e+001  1.446154e-001
 1.320925e-001  2.808201e+001  1.443614e-001
 1.325494e-001  2.845472e+001  1.442657e-001
 1.330063e-001  2.786216e+001  1.479337e-001
 1.334632e-001  2.753195e+001  1.416820e-001
 1.339201e-001  2.713331e+001  1.436265e-001
 1.343770e-001  2.735815e+001  1.498720e-001
 1.348339e-001  2.674328e+001  1.508031e-001
 1.352908e-001  2.644889e+001  1.420781e-001
 1.357477e-001  2.634367e+001  1.401060e-001
 1.362046e-001  2.607628e+001  1.445561e-001
 1.366615e-001  2.589220e+001  1.441840e-001
 1.371183e-001  2.540045e+001  1.421182e-001
 1.375752e-001  2.540298e+001  1.417234e-001
 1.380321e-001  2.500917e+001  1.395031e-001
 1.384890e-001  2.492949e+001  1.414626e-001
 1.389459e-001  2.478750e+001  1.399132e-001
 1.394028e-001  2.458689e+001  1.380771e-001
 1.398596e-001  2.451357e+001  1.417095e-001
 1.403165e-001  2.439667e+001  1.395501e-001
 1.407734e-001  2.396617e+001  1.404763e-001
 1.412303e-001  2.386210e+001  1.361043e-001
 1.416871e-001  2.344314e+001  1.400772e-001
 1.421440e-001  2.323893e+001  1.377439e-001
 1.426009e-001  2.340227e+001  1.388489e-001
 1.430577e-001  2.302361e+001  1.375462e-001
 1.435146e-001  2.240377e+001  1.340899e-001
 1.439714e-001  2.237483e+001  1.368201e-001
 1.444283e-001  2.236278e+001  1.374610e-001
 1.448852e-001  2.202375e+001  1.366484e-001
 1.453420e-001  2.215542e+001  1.364287e-001
 1.457989e-001  2.199171e+001  1.369915e-001
 1.462557e-001  2.143335e+001  1.357580e-001
 1.467126e-001  2.133585e+001  1.337638e-001
 1.471694e-001  2.104390e+001  1.337313e-001
 1.476263e-001  2.087662e+001  1.337135e-001
 1.480831e-001  2.091817e+001  1.360773e-001
 1.485400e-001  2.037242e+001  1.341512e-001
 1.489968e-001  2.025312e+001  1.331960e-001
 1.494536e-001  2.046950e+001  1.325327e-001
 1.499105e-001  2.024798e+001  1.325178e-001
 1.503673e-001  1.959978e+001  1.326031e-001
 1.508241e-001  1.962855e+001  1.313151e-001
 1.512810e-001  1.954620e+001  1.313316e-001
 1.517378e-001  1.946540e+001  1.317649e-001
 1.521946e-001  1.931977e+001  1.298211e-001
 1.526515e-001  1.905176e+001  1.309180e-001
 1.531083e-001  1.888823e+001  1.305902e-001
 1.535651e-001  1.840248e+001  1.309165e-001
 1.540219e-001  1.843638e+001  1.309974e-001
 1.544787e-001  1.839273e+001  1.277425e-001
 1.549356e-001  1.808569e+001  1.298177e-001
 1.553924e-001  1.784405e+001  1.297040e-001
 1.558492e-001  1.794483e+001  1.300459e-001
 1.563060e-001  1.744659e+001  1.305819e-001
 1.567628e-001  1.738936e+001  1.256846e-001
 1.572196e-001  1.737104e+001  1.304660e-001
 1.576764e-001  1.692403e+001  1.264512e-001
 1.581332e-001  1.672364e+001  1.278743e-001
 1.585900e-001  1.646833e+001  1.263817e-001
 1.590468e-001  1.671059e+001  1.281093e-001
 1.595036e-001  1.651663e+001  1.275688e-001
 1.599604e-001  1.618650e+001  1.262939e-001
 1.604172e-001  1.628756e+001  1.265533e-001
 1.608740e-001  1.587460e+001  1.256507e-001
 1.613308e-001  1.592887e+001  1.245822e-001
 1.617875e-001  1.561158e+001  1.272157e-001
 1.622443e-001  1.539615e+001  1.240741e-001
 1.627011e-001  1.525100e+001  1.265438e-001
 1.631579e-001  1.523729e+001  1.241727e-001
 1.636147e-001  1.499953e+001  1.251762e-001
 1.640714e-001  1.504798e+001  1.266455e-001
 1.645282e-001  1.456037e+001  1.229974e-001
 1.649850e-001  1.439937e+001  1.246701e-001
 1.654418e-001  1.437254e+001  1.245716e-001
 1.658985e-001  1.452195e+001  1.259473e-001
 1.663553e-001  1.420507e+001  1.226279e-001
 1.668121e-001  1.398099e+001  1.248589e-001
 1.672688e-001  1.407410e+001  1.233132e-001
 1.677256e-001  1.388551e+001  1.234324e-001
 1.681823e-001  1.365645e+001  1.236147e-001
 1.686391e-001  1.328741e+001  1.224364e-001
 1.690958e-001  1.303722e+001  1.228165e-001
 1.695526e-001  1.344921e+001  1.232169e-001
 1.700093e-001  1.293128e+001  1.222044e-001
 1.704661e-001  1.281298e+001  1.217032e-001
 1.709228e-001  1.273718e+001  1.221272e-001
 1.713796e-001  1.275827e+001  1.220381e-001
 1.718363e-001  1.256876e+001  1.224496e-001
 1.722930e-001  1.241696e+001  1.199999e-001
 1.727498e-001  1.236190e+001  1.191360e-001
 1.732065e-001  1.225234e+001  1.196469e-001
 1.736632e-001  1.207383e+001  1.204902e-001
 1.741200e-001  1.196848e+001  1.194170e-001
 1.745767e-001  1.188556e+001  1.193679e-001
 1.750334e-001  1.150594e+001  1.195862e-001
 1.754901e-001  1.142712e+001  1.199300e-001
 1.759468e-001  1.126192e+001  1.181115e-001
 1.764036e-001  1.143237e+001  1.187374e-001
 1.768603e-001  1.139527e+001  1.185510e-001
 1.773170e-001  1.121427e+001  1.192948e-001
 1.777737e-001  1.104285e+001  1.191578e-001
 1.782304e-001  1.087243e+001  1.175791e-001
 1.786871e-001  1.065847e+001  1.197899e-001
 1.791438e-001  1.055829e+001  1.222095e-001
 1.796005e-001  1.076067e+001  1.225717e-001
 1.800572e-001  1.043013e+001  1.210870e-001
 1.805139e-001  1.042909e+001  1.230025e-001
 1.809706e-001  1.006714e+001  1.224350e-001
 1.814273e-001  1.017778e+001  1.246621e-001
 1.818840e-001  9.937150e+000  1.204118e-001
 1.823407e-001  9.828460e+000  1.241152e-001
 1.827974e-001  9.507750e+000  1.248046e-001
 1.832540e-001  9.529350e+000  1.232639e-001
 1.837107e-001  9.672020e+000  1.245133e-001
 1.841674e-001  9.341780e+000  1.242882e-001
 1.846241e-001  9.260370e+000  1.248427e-001
 1.850808e-001  9.254300e+000  1.250181e-001
 1.855374e-001  9.214780e+000  1.236988e-001
 1.859941e-001  9.102300e+000  1.242832e-001
 1.864508e-001  8.929190e+000  1.223276e-001
 1.869074e-001  9.269510e+000  1.232644e-001
 1.873641e-001  8.568140e+000  1.246985e-001
 1.878207e-001  8.624720e+000  1.247370e-001
 1.882774e-001  8.556560e+000  1.238460e-001
 1.887341e-001  8.448370e+000  1.250636e-001
 1.891907e-001  8.415810e+000  1.250405e-001
 1.896474e-001  8.200330e+000  1.239256e-001
 1.901040e-001  8.375110e+000  1.271581e-001
 1.905607e-001  8.226190e+000  1.261218e-001
 1.910173e-001  7.912940e+000  1.263883e-001
 1.914739e-001  8.047700e+000  1.252933e-001
 1.919306e-001  7.799210e+000  1.239921e-001
 1.923872e-001  7.716700e+000  1.255722e-001
 1.928438e-001  7.489600e+000  1.259463e-001
 1.933005e-001  7.739640e+000  1.253627e-001
 1.937571e-001  7.510320e+000  1.255100e-001
 1.942137e-001  7.461840e+000  1.243981e-001
 1.946703e-001  7.382060e+000  1.255508e-001
 1.951270e-001  7.233630e+000  1.248613e-001
 1.955836e-001  7.336490e+000  1.250109e-001
 1.960402e-001  7.207210e+000  1.254437e-001
 1.964968e-001  7.037420e+000  1.260136e-001
 1.969534e-001  7.200520e+000  1.259127e-001
 1.974100e-001  7.159910e+000  1.238290e-001
 1.978666e-001  7.064330e+000  1.259199e-001
 1.983232e-001  6.676110e+000  1.244671e-001
 1.987798e-001  6.595960e+000  1.249234e-001
 1.992364e-001  6.480610e+000  1.241827e-001
 1.996930e-001  6.647650e+000  1.232078e-001
 2.001496e-001  6.586010e+000  1.254159e-001
 2.006062e-001  6.288320e+000  1.227751e-001
 2.010628e-001  6.318440e+000  1.249882e-001
 2.015194e-001  6.068630e+000  1.242649e-001
 2.019760e-001  6.173340e+000  1.235638e-001
 2.024326e-001  6.301160e+000  1.258555e-001
 2.028891e-001  6.079790e+000  1.236346e-001
 2.033457e-001  6.091310e+000  1.255773e-001
 2.038023e-001  6.041310e+000  1.234997e-001
 2.042588e-001  5.873700e+000  1.246370e-001
 2.047154e-001  5.618590e+000  1.261741e-001
 2.051720e-001  5.519510e+000  1.219157e-001
 2.056285e-001  5.708120e+000  1.232569e-001
 2.060851e-001  5.882840e+000  1.230603e-001
 2.065417e-001  5.350170e+000  1.233031e-001
 2.069982e-001  5.353350e+000  1.241951e-001
 2.074548e-001  5.658470e+000  1.224490e-001
 2.079113e-001  5.404610e+000  1.242905e-001
 2.083679e-001  5.231380e+000  1.227106e-001
 2.088244e-001  5.531190e+000  1.229746e-001
 2.092809e-001  5.112870e+000  1.229508e-001
 2.097375e-001  5.212230e+000  1.227758e-001
 2.101940e-001  5.025590e+000  1.232039e-001
 2.106505e-001  4.973360e+000  1.212785e-001
 2.111071e-001  4.966140e+000  1.238937e-001
 2.115636e-001  4.812840e+000  1.216744e-001
 2.120201e-001  5.127290e+000  1.232427e-001
 2.124767e-001  4.827090e+000  1.217553e-001
 2.129332e-001  4.740630e+000  1.215002e-001
 2.133897e-001  4.613850e+000  1.239235e-001
 2.138462e-001  4.730190e+000  1.203633e-001
 2.143027e-001  4.758570e+000  1.197160e-001
 2.147592e-001  4.690830e+000  1.202956e-001
 2.152157e-001  4.876380e+000  1.208747e-001
 2.156722e-001  4.370830e+000  1.221213e-001
 2.161287e-001  4.317100e+000  1.207872e-001
 2.165852e-001  4.416550e+000  1.198289e-001
 2.170417e-001  4.375900e+000  1.227477e-001
 2.174982e-001  4.353770e+000  1.253572e-001
 2.179547e-001  4.414380e+000  1.272718e-001
 2.184112e-001  4.398790e+000  1.233480e-001
 2.188677e-001  4.254750e+000  1.262988e-001
 2.193242e-001  4.233760e+000  1.272778e-001
 2.197806e-001  3.979110e+000  1.284464e-001
 2.202371e-001  4.123430e+000  1.280840e-001
 2.206936e-001  3.958330e+000  1.287338e-001
 2.211501e-001  4.047760e+000  1.310927e-001
 2.216065e-001  4.175590e+000  1.293459e-001
 2.220630e-001  3.907170e+000  1.318804e-001
 2.225195e-001  3.612910e+000  1.272547e-001
 2.229759e-001  3.743490e+000  1.313638e-001
 2.234324e-001  3.701770e+000  1.327376e-001
 2.238888e-001  3.613720e+000  1.308158e-001
 2.243453e-001  3.775710e+000  1.327874e-001
 2.248017e-001  3.809090e+000  1.339105e-001
 2.252582e-001  3.650880e+000  1.284757e-001
 2.257146e-001  3.649980e+000  1.296038e-001
 2.261710e-001  3.384400e+000  1.245811e-001
 2.266275e-001  3.334950e+000  1.283914e-001
 2.270839e-001  3.355340e+000  1.249789e-001
 2.275403e-001  3.325920e+000  1.255556e-001
 2.279968e-001  3.493630e+000  1.259547e-001
 2.284532e-001  3.429530e+000  1.235578e-001
 2.289096e-001  3.231840e+000  1.241315e-001
 2.293660e-001  3.478990e+000  1.242193e-001
 2.298225e-001  3.307060e+000  1.253824e-001
 2.302789e-001  3.444750e+000  1.227879e-001
 2.307353e-001  3.142090e+000  1.222799e-001
 2.311917e-001  3.191910e+000  1.242469e-001
 2.316481e-001  3.212250e+000  1.228000e-001
 2.321045e-001  3.015140e+000  1.233531e-001
 2.325609e-001  3.187510e+000  1.220460e-001
 2.330173e-001  3.005070e+000  1.222612e-001
 2.334737e-001  3.059570e+000  1.221900e-001
 2.339301e-001  3.129030e+000  1.219190e-001
 2.343865e-001  2.911890e+000  1.222373e-001
 2.348428e-001  3.021350e+000  1.217765e-001
 2.352992e-001  2.707180e+000  1.223955e-001
 2.357556e-001  2.959700e+000  1.208595e-001
 2.362120e-001  2.742390e+000  1.222499e-001
 2.366683e-001  2.984710e+000  1.243480e-001
 2.371247e-001  2.835990e+000  1.204959e-001
 2.375811e-001  2.755780e+000  1.222359e-001
 2.380374e-001  2.628460e+000  1.200389e-001
 2.384938e-001  2.635000e+000  1.202341e-001
 2.389502e-001  2.720670e+000  1.201271e-001
 2.394065e-001  2.626290e+000  1.209861e-001
 2.398629e-001  2.554380e+000  1.199652e-001
 2.403192e-001  2.615770e+000  1.210209e-001
 2.407755e-001  2.447450e+000  1.216218e-001
 2.412319e-001  2.567140e+000  1.201926e-001
 2.416882e-001  2.528480e+000  1.191906e-001
 2.421446e-001  2.426530e+000  1.174413e-001
 2.426009e-001  2.553250e+000  1.154998e-001
 2.430572e-001  2.547820e+000  1.199140e-001
 2.435135e-001  2.214830e+000  1.183320e-001
 2.439699e-001  2.271510e+000  1.204395e-001
 2.444262e-001  2.351600e+000  1.191770e-001
 2.448825e-001  2.394930e+000  1.174424e-001
 2.453388e-001  2.498100e+000  1.203443e-001
 2.457951e-001  2.394770e+000  1.183236e-001
 2.462514e-001  2.383690e+000  1.192802e-001
 2.467077e-001  2.167010e+000  1.172634e-001
 2.471640e-001  2.176970e+000  1.186318e-001
 2.476203e-001  2.039660e+000  1.180345e-001
 2.480766e-001  2.159650e+000  1.171657e-001
 2.485329e-001  2.236390e+000  1.183514e-001
 2.489892e-001  2.114730e+000  1.165871e-001
 2.494455e-001  2.272000e+000  1.179588e-001
 2.499018e-001  2.192330e+000  1.188100e-001
 2.503581e-001  2.031240e+000  1.167461e-001
 2.508143e-001  1.815470e+000  1.197479e-001
 2.512706e-001  2.138810e+000  1.165003e-001
 2.517269e-001  2.266810e+000  1.177039e-001
 2.521831e-001  1.990510e+000  1.190680e-001
 2.526394e-001  2.060290e+000  1.174205e-001
 2.530957e-001  1.925410e+000  1.185619e-001
 2.535519e-001  1.980790e+000  1.154271e-001
 2.540082e-001  1.874090e+000  1.177819e-001
 2.544644e-001  1.908590e+000  1.173524e-001
 2.549207e-001  1.927360e+000  1.167048e-001
 2.553769e-001  2.036520e+000  1.172283e-001
 2.558332e-001  1.870950e+000  1.163087e-001
 2.562894e-001  2.039090e+000  1.176062e-001
 2.567456e-001  1.844560e+000  1.176022e-001
 2.572019e-001  1.939400e+000  1.164123e-001
 2.576581e-001  1.867020e+000  1.180099e-001
 2.581143e-001  1.764180e+000  1.158921e-001
 2.585705e-001  1.753190e+000  1.163672e-001
 2.590268e-001  1.860580e+000  1.164436e-001
 2.594830e-001  1.736750e+000  1.155600e-001
 2.599392e-001  1.892680e+000  1.158342e-001
 2.603954e-001  1.873780e+000  1.167169e-001
 2.608516e-001  1.779820e+000  1.156009e-001
 2.613078e-001  1.852160e+000  1.162013e-001
 2.617640e-001  1.745550e+000  1.155350e-001
 2.622202e-001  1.638500e+000  1.157161e-001
 2.626764e-001  1.395800e+000  1.153494e-001
 2.631326e-001  1.833410e+000  1.156090e-001
 2.635887e-001  1.587170e+000  1.158549e-001
 2.640449e-001  1.584540e+000  1.152110e-001
 2.645011e-001  1.480820e+000  1.149688e-001
 2.649573e-001  1.740970e+000  1.157765e-001
 2.654135e-001  1.632650e+000  1.154242e-001
 2.658696e-001  1.634670e+000  1.153983e-001
 2.663258e-001  1.739490e+000  1.160883e-001
 2.667819e-001  1.672570e+000  1.147865e-001
 2.672381e-001  1.678210e+000  1.154716e-001
 2.676943e-001  1.452100e+000  1.144148e-001
 2.681504e-001  1.548530e+000  1.150916e-001
 2.686066e-001  1.547530e+000  1.146093e-001
 2.690627e-001  1.554970e+000  1.117865e-001
 2.695188e-001  1.505690e+000  1.120344e-001
 2.699750e-001  1.467640e+000  1.146315e-001
 2.704311e-001  1.571810e+000  1.159949e-001
 2.708872e-001  1.592580e+000  1.167038e-001
 2.713434e-001  1.598780e+000  1.184028e-001
 2.717995e-001  1.421710e+000  1.189127e-001
 2.722556e-001  1.487330e+000  1.194431e-001
 2.727117e-001  1.552390e+000  1.204992e-001
 2.731678e-001  1.609250e+000  1.204102e-001
 2.736240e-001  1.398390e+000  1.224815e-001
 2.740801e-001  1.345550e+000  1.224609e-001
 2.745362e-001  1.483580e+000  1.199219e-001
 2.749923e-001  1.515440e+000  1.225515e-001
 2.754484e-001  1.406410e+000  1.220152e-001
 2.759045e-001  1.470370e+000  1.223614e-001
 2.763605e-001  1.426360e+000  1.237027e-001
 2.768166e-001  1.422090e+000  1.238405e-001
 2.772727e-001  1.389830e+000  1.240412e-001
 2.777288e-001  1.424200e+000  1.259528e-001
 2.781849e-001  1.423290e+000  1.247467e-001
 2.786409e-001  1.322460e+000  1.226684e-001
 2.790970e-001  1.205500e+000  1.244933e-001
 2.795531e-001  1.618470e+000  1.262729e-001
 2.800091e-001  1.369990e+000  1.250104e-001
 2.804652e-001  1.388850e+000  1.230774e-001
 2.809212e-001  1.074120e+000  1.243842e-001
 2.813773e-001  1.224330e+000  1.265122e-001
 2.818333e-001  1.111800e+000  1.244518e-001
 2.822894e-001  1.354580e+000  1.246936e-001
 2.827454e-001  1.284960e+000  1.269660e-001
 2.832015e-001  1.232850e+000  1.247533e-001
 2.836575e-001  1.326290e+000  1.242307e-001
 2.841135e-001  1.246240e+000  1.243398e-001
 2.845695e-001  1.028780e+000  1.239497e-001
 2.850256e-001  1.394430e+000  1.258382e-001
 2.854816e-001  1.212640e+000  1.259381e-001
 2.859376e-001  1.081890e+000  1.250809e-001
 2.863936e-001  1.364100e+000  1.245347e-001
 2.868496e-001  1.313060e+000  1.249652e-001
 2.873056e-001  1.060060e+000  1.239977e-001
 2.877616e-001  1.005570e+000  1.250060e-001
 2.882176e-001  1.054950e+000  1.305271e-001
 2.886736e-001  1.174650e+000  1.257623e-001
 2.891296e-001  1.313310e+000  1.249333e-001
 2.895856e-001  1.351680e+000  1.261729e-001
 2.900416e-001  1.265920e+000  1.240460e-001
 2.904975e-001  1.107590e+000  1.241218e-001
 2.909535e-001  1.085950e+000  1.258890e-001
 2.914095e-001  1.285710e+000  1.255729e-001
 2.918655e-001  1.413350e+000  1.257953e-001
 2.923214e-001  1.004060e+000  1.268143e-001
 2.927774e-001  1.140830e+000  1.267187e-001
 2.932333e-001  9.368800e-001  1.236303e-001
 2.936893e-001  1.007990e+000  1.268301e-001
 2.941452e-001  1.037700e+000  1.263324e-001
 2.946012e-001  9.442200e-001  1.272465e-001
 2.950571e-001  1.159240e+000  1.264489e-001
 2.955131e-001  1.171090e+000  1.252841e-001
 2.959690e-001  1.102810e+000  1.249720e-001
 2.964249e-001  1.035900e+000  1.255093e-001
 2.968808e-001  1.067110e+000  1.248939e-001
 2.973368e-001  1.010900e+000  1.268564e-001
 2.977927e-001  9.167900e-001  1.235166e-001
 2.982486e-001  1.208540e+000  1.277658e-001
 2.987045e-001  1.035350e+000  1.251060e-001
 2.991604e-001  9.461800e-001  1.258423e-001
 2.996163e-001  1.388810e+000  1.260366e-001
 3.000722e-001  8.198800e-001  1.238187e-001
 3.005281e-001  1.208980e+000  1.261871e-001
 3.009840e-001  1.049000e+000  1.244017e-001
 3.014399e-001  9.695200e-001  1.247955e-001
 3.018958e-001  1.024750e+000  1.250941e-001
 3.023517e-001  1.003360e+000  1.270209e-001
 3.028075e-001  9.722000e-001  1.264813e-001
 3.032634e-001  1.058200e+000  1.255378e-001
 3.037193e-001  1.071590e+000  1.256770e-001
 3.041751e-001  1.045370e+000  1.269240e-001
 3.046310e-001  1.361070e+000  1.265302e-001
 3.050869e-001  1.115370e+000  1.263376e-001
 3.055427e-001  1.005180e+000  1.261691e-001
 3.059986e-001  8.664500e-001  1.260284e-001
 3.064544e-001  1.090530e+000  1.267078e-001
 3.069103e-001  1.271460e+000  1.261313e-001
 3.073661e-001  9.452100e-001  1.262715e-001
 3.078219e-001  1.079340e+000  1.252470e-001
 3.082778e-001  9.175200e-001  1.250943e-001
 3.087336e-001  8.527400e-001  1.269597e-001
 3.091894e-001  9.396700e-001  1.238837e-001
 3.096452e-001  9.220800e-001  1.258437e-001
 3.101010e-001  1.149610e+000  1.255842e-001
 3.105568e-001  8.812000e-001  1.257507e-001
 3.110127e-001  1.295370e+000  1.278888e-001
 3.114685e-001  1.014250e+000  1.254623e-001
 3.119243e-001  9.524200e-001  1.266017e-001
 3.123800e-001  8.241700e-001  1.265418e-001
 3.128358e-001  9.118400e-001  1.268895e-001
 3.132916e-001  6.385400e-001  1.248165e-001
 3.137474e-001  1.017880e+000  1.304208e-001
 3.142032e-001  1.257650e+000  1.329125e-001
 3.146590e-001  6.708600e-001  1.349466e-001
 3.151147e-001  1.154210e+000  1.364117e-001
 3.155705e-001  9.849100e-001  1.376413e-001
 3.160263e-001  1.049040e+000  1.389287e-001
 3.164820e-001  9.585100e-001  1.384281e-001
 3.169378e-001  1.012710e+000  1.417006e-001
 3.173935e-001  9.760200e-001  1.415616e-001
 3.178493e-001  9.407300e-001  1.424849e-001
 3.183050e-001  8.375900e-001  1.432934e-001
 3.187608e-001  1.088290e+000  1.429196e-001
 3.192165e-001  9.090400e-001  1.460531e-001
 3.196722e-001  8.938400e-001  1.436993e-001
 3.201280e-001  9.769700e-001  1.453440e-001
 3.205837e-001  5.757100e-001  1.491222e-001
 3.210394e-001  6.857900e-001  1.465011e-001
 3.214951e-001  7.827900e-001  1.502085e-001
 3.219508e-001  9.048600e-001  1.407131e-001
 3.224065e-001  7.486300e-001  1.408526e-001
 3.228622e-001  8.868500e-001  1.386504e-001
 3.233179e-001  9.331200e-001  1.411582e-001
 3.237736e-001  8.050400e-001  1.404369e-001
 3.242293e-001  7.824000e-001  1.374378e-001
 3.246850e-001  9.195600e-001  1.378916e-001
 3.251407e-001  5.572700e-001  1.359652e-001
 3.255964e-001  7.902300e-001  1.382468e-001
 3.260520e-001  5.623400e-001  1.379033e-001
 3.265077e-001  6.933700e-001  1.376679e-001
 3.269634e-001  6.049300e-001  1.374787e-001
 3.274190e-001  7.763300e-001  1.354769e-001
 3.278747e-001  7.827400e-001  1.377762e-001
 3.283303e-001  8.184700e-001  1.365115e-001
 3.287860e-001  9.429100e-001  1.338623e-001
 3.292416e-001  8.312800e-001  1.369624e-001
 3.296973e-001  8.053600e-001  1.364989e-001
 3.301529e-001  7.513000e-001  1.370691e-001
 3.306085e-001  7.209700e-001  1.343771e-001
 3.310642e-001  1.012000e+000  1.363089e-001
 3.315198e-001  7.000100e-001  1.347030e-001
 3.319754e-001  5.541900e-001  1.347994e-001
 3.324310e-001  8.699000e-001  1.356317e-001
 3.328866e-001  6.302900e-001  1.342372e-001
 3.333423e-001  6.733900e-001  1.335008e-001
 3.337979e-001  8.922300e-001  1.353808e-001
 3.342535e-001  7.646100e-001  1.351692e-001
 3.347090e-001  8.727500e-001  1.344751e-001
 3.351646e-001  7.508400e-001  1.332690e-001
 3.356202e-001  1.110580e+000  1.344681e-001
 3.360758e-001  1.058280e+000  1.350034e-001
 3.365314e-001  8.460500e-001  1.328269e-001
 3.369870e-001  6.885600e-001  1.336937e-001
 3.374425e-001  6.463900e-001  1.348053e-001
 3.378981e-001  8.147600e-001  1.356419e-001
 3.383537e-001  4.368700e-001  1.320998e-001
 3.388092e-001  7.293100e-001  1.345903e-001
 3.392648e-001  6.699700e-001  1.346580e-001
 3.397203e-001  7.363200e-001  1.338911e-001
 3.401759e-001  8.772700e-001  1.340767e-001
 3.406314e-001  5.517600e-001  1.325860e-001
 3.410869e-001  6.677500e-001  1.347534e-001
 3.415425e-001  7.628400e-001  1.336691e-001
 3.419980e-001  8.046100e-001  1.312751e-001
 3.424535e-001  7.348100e-001  1.336646e-001
 3.429090e-001  7.275800e-001  1.348003e-001
 3.433645e-001  5.269800e-001  1.344746e-001
 3.438200e-001  5.179100e-001  1.327323e-001
 3.442755e-001  6.078500e-001  1.308806e-001
 3.447310e-001  7.164000e-001  1.324180e-001
 3.451865e-001  6.249900e-001  1.326853e-001
 3.456420e-001  7.472400e-001  1.326955e-001
 3.460975e-001  5.616100e-001  1.294054e-001
 3.465530e-001  8.234200e-001  1.327799e-001
 3.470085e-001  7.355700e-001  1.316083e-001
 3.474640e-001  3.814100e-001  1.321539e-001
 3.479194e-001  6.045600e-001  1.321135e-001
 3.483749e-001  6.738100e-001  1.329518e-001
 3.488304e-001  7.204800e-001  1.319857e-001
 3.492858e-001  5.336700e-001  1.318829e-001
 3.497413e-001  6.442300e-001  1.329030e-001
 3.501967e-001  6.509100e-001  1.322493e-001
 3.506522e-001  5.696700e-001  1.313707e-001
 3.511076e-001  6.681700e-001  1.320702e-001
 3.515630e-001  4.714000e-001  1.311734e-001
 3.520185e-001  5.665400e-001  1.307351e-001
 3.524739e-001  6.278200e-001  1.304764e-001
 3.529293e-001  6.520400e-001  1.316470e-001
 3.533847e-001  7.715200e-001  1.312101e-001
 3.538401e-001  6.760800e-001  1.318653e-001
 3.542955e-001  5.809200e-001  1.313349e-001
 3.547509e-001  5.233500e-001  1.303700e-001
 3.552063e-001  6.958900e-001  1.318979e-001
 3.556617e-001  4.567800e-001  1.302086e-001
 3.561171e-001  5.491900e-001  1.305306e-001
 3.565725e-001  8.622100e-001  1.299899e-001
 3.570279e-001  6.651400e-001  1.302603e-001
 3.574833e-001  5.853100e-001  1.303997e-001
 3.579386e-001  5.764700e-001  1.310008e-001
 3.583940e-001  6.225100e-001  1.310190e-001
 3.588494e-001  5.167100e-001  1.306672e-001
 3.593047e-001  5.358800e-001  1.299555e-001
 3.597601e-001  4.914400e-001  1.309897e-001
 3.602154e-001  5.297900e-001  1.275635e-001
 3.606708e-001  5.116600e-001  1.303107e-001
 3.611261e-001  6.435900e-001  1.312663e-001
 3.615814e-001  6.484700e-001  1.296475e-001
 3.620368e-001  9.942300e-001  1.304390e-001
 3.624921e-001  5.013600e-001  1.306143e-001
 3.629474e-001  3.281300e-001  1.306392e-001
 3.634027e-001  2.919600e-001  1.281683e-001
 3.638580e-001  5.495700e-001  1.294045e-001
 3.643134e-001  6.576100e-001  1.306566e-001
 3.647687e-001  6.104700e-001  1.282432e-001
 3.652240e-001  7.923200e-001  1.305911e-001
 3.656793e-001  7.589000e-001  1.255818e-001
 3.661345e-001  4.291800e-001  1.273020e-001
 3.665898e-001  3.492500e-001  1.257837e-001
 3.670451e-001  4.288300e-001  1.258245e-001
 3.675004e-001  5.203500e-001  1.270235e-001
 3.679557e-001  5.311000e-001  1.264757e-001
 3.684109e-001  4.380300e-001  1.252015e-001
 3.688662e-001  4.009000e-001  1.276797e-001
 3.693214e-001  5.151100e-001  1.258318e-001
 3.697767e-001  2.927100e-001  1.281963e-001
 3.702319e-001  5.615400e-001  1.264700e-001
 3.706872e-001  6.175300e-001  1.275424e-001
 3.711424e-001  5.651100e-001  1.269063e-001
 3.715977e-001  5.442700e-001  1.287724e-001
 3.720529e-001  6.890400e-001  1.288403e-001
 3.725081e-001  1.188700e-001  1.269932e-001
 3.729633e-001  4.214000e-001  1.277471e-001
 3.734185e-001  3.978900e-001  1.254416e-001
 3.738737e-001  4.496300e-001  1.286925e-001
 3.743290e-001  5.989300e-001  1.273317e-001
 3.747842e-001  5.281900e-001  1.274069e-001
 3.752394e-001  4.236100e-001  1.264097e-001
 3.756945e-001  5.990000e-001  1.266393e-001
 3.761497e-001  5.759300e-001  1.286532e-001
 3.766049e-001  6.043400e-001  1.273551e-001
 3.770601e-001  5.661600e-001  1.267137e-001
 3.775153e-001  5.436600e-001  1.287003e-001
 3.779704e-001  6.309600e-001  1.256721e-001
 3.784256e-001  5.913100e-001  1.274446e-001
 3.788807e-001  4.116000e-001  1.265684e-001
 3.793359e-001  3.955300e-001  1.275197e-001
 3.797910e-001  6.219000e-001  1.259431e-001
 3.802462e-001  5.704700e-001  1.281816e-001
 3.807013e-001  5.075900e-001  1.279024e-001
 3.811565e-001  2.629400e-001  1.288716e-001
 3.816116e-001  5.619800e-001  1.283577e-001
 3.820667e-001  5.192000e-001  1.280354e-001
 3.825218e-001  3.138600e-001  1.281970e-001
 3.829769e-001  5.310300e-001  1.275838e-001
 3.834321e-001  2.622700e-001  1.287521e-001
 3.838872e-001  3.934600e-001  1.290763e-001
 3.843423e-001  5.321800e-001  1.280891e-001
 3.847974e-001  1.621800e-001  1.273312e-001
 3.852524e-001  5.168500e-001  1.275016e-001
 3.857075e-001  4.007100e-001  1.270995e-001
 3.861626e-001  4.626200e-001  1.272974e-001
 3.866177e-001  4.302600e-001  1.272052e-001
 3.870728e-001  3.229800e-001  1.274263e-001
 3.875278e-001  3.708700e-001  1.281201e-001
 3.879829e-001  2.640700e-001  1.276585e-001
 3.884379e-001  1.461600e-001  1.265604e-001
 3.888930e-001  6.356000e-001  1.293213e-001
 3.893480e-001  5.358600e-001  1.281149e-001
 3.898031e-001  3.940900e-001  1.278432e-001
 3.902581e-001  2.390900e-001  1.275309e-001
 3.907131e-001  3.037100e-001  1.277400e-001
 3.911682e-001  5.684900e-001  1.280626e-001
 3.916232e-001  1.676500e-001  1.272743e-001
 3.920782e-001  4.172600e-001  1.265781e-001
 3.925332e-001  4.396500e-001  1.273598e-001
 3.929882e-001  5.174900e-001  1.278120e-001
 3.934432e-001  3.311400e-001  1.267997e-001
 3.938982e-001  4.417400e-001  1.265860e-001
 3.943532e-001  5.890300e-001  1.252941e-001
 3.948082e-001  5.718100e-001  1.289220e-001
 3.952632e-001  3.404800e-001  1.283564e-001
 3.957182e-001  6.293000e-002  1.276110e-001
 3.961731e-001  3.900400e-001  1.285742e-001
 3.966281e-001  2.826400e-001  1.265322e-001
 3.970831e-001  4.918000e-001  1.265002e-001
parent: E:/Data/SAXS/SAXS_pin1/nmrbuffer010-012/avrg_001.dat
parent: E:/Data/SAXS/SAXS_pin1/nmrbuffer010-012/avrg_002.dat
creator: datop
creator-version: v0.4 (r7883)
datop-operation: E:/Data/SAXS/SAXS_pin1/nmrbuffer010-012/avrg_001.dat SUB E:/Data/SAXS/SAXS_pin1/nmrbuffer010-012/avrg_002.dat
