Sample description: HEADER
Sample: HEADER  c= 0 mg/ml  Code: 
Parent(s): E:/Data/SAXS/SAXS_pin1/buffer022-024/avrg_002.dat E:/Data/SAXS/SAXS_pin1/buffer022-024/avrg_001.dat
 8.685810e-003  9.621700e+001  6.819741e+001
 9.142958e-003  9.737500e+001  6.058696e+001
 9.600105e-003  1.066910e+002  4.480439e+001
 1.005725e-002  1.108150e+002  3.689214e+001
 1.051440e-002  1.127530e+002  2.958923e+001
 1.097154e-002  1.167070e+002  2.194078e+001
 1.142869e-002  1.174380e+002  1.762802e+001
 1.188584e-002  1.198080e+002  1.463555e+001
 1.234298e-002  1.229692e+002  1.267350e+001
 1.280013e-002  1.232441e+002  1.057097e+001
 1.325728e-002  1.244373e+002  8.208233e+000
 1.371442e-002  1.266413e+002  7.061124e+000
 1.417157e-002  1.256090e+002  5.851729e+000
 1.462871e-002  1.261242e+002  5.195351e+000
 1.508586e-002  1.257926e+002  4.293696e+000
 1.554300e-002  1.263613e+002  3.579880e+000
 1.600015e-002  1.268701e+002  3.407684e+000
 1.645729e-002  1.270401e+002  2.772589e+000
 1.691444e-002  1.277269e+002  2.565485e+000
 1.737158e-002  1.263811e+002  2.127631e+000
 1.782872e-002  1.272161e+002  1.970864e+000
 1.828587e-002  1.259011e+002  1.852891e+000
 1.874301e-002  1.264790e+002  1.558509e+000
 1.920016e-002  1.270344e+002  1.442916e+000
 1.965730e-002  1.259555e+002  1.290277e+000
 2.011444e-002  1.264325e+002  1.202908e+000
 2.057158e-002  1.260356e+002  1.125695e+000
 2.102873e-002  1.240397e+002  9.834005e-001
 2.148587e-002  1.252477e+002  9.583333e-001
 2.194301e-002  1.244038e+002  8.468592e-001
 2.240015e-002  1.246007e+002  8.525714e-001
 2.285729e-002  1.243823e+002  7.352390e-001
 2.331443e-002  1.239009e+002  7.717979e-001
 2.377157e-002  1.232965e+002  7.611034e-001
 2.422871e-002  1.228089e+002  6.982851e-001
 2.468585e-002  1.224474e+002  7.165138e-001
 2.514299e-002  1.217536e+002  6.241293e-001
 2.560013e-002  1.210213e+002  6.559608e-001
 2.605727e-002  1.211983e+002  6.298966e-001
 2.651441e-002  1.203292e+002  6.008779e-001
 2.697155e-002  1.195909e+002  5.948842e-001
 2.742869e-002  1.193408e+002  5.429081e-001
 2.788582e-002  1.190205e+002  5.494855e-001
 2.834296e-002  1.186251e+002  5.307073e-001
 2.880010e-002  1.179812e+002  5.249861e-001
 2.925724e-002  1.175877e+002  5.395035e-001
 2.971437e-002  1.167841e+002  4.833356e-001
 3.017151e-002  1.163206e+002  5.067480e-001
 3.062864e-002  1.160721e+002  4.708653e-001
 3.108578e-002  1.149059e+002  4.707249e-001
 3.154291e-002  1.147475e+002  4.601140e-001
 3.200005e-002  1.145799e+002  4.255898e-001
 3.245718e-002  1.135354e+002  4.232357e-001
 3.291431e-002  1.128236e+002  3.956975e-001
 3.337145e-002  1.129122e+002  4.001425e-001
 3.382858e-002  1.116642e+002  3.914648e-001
 3.428571e-002  1.118935e+002  3.850885e-001
 3.474284e-002  1.106523e+002  3.781816e-001
 3.519997e-002  1.099636e+002  3.656970e-001
 3.565711e-002  1.105526e+002  3.698481e-001
 3.611424e-002  1.090798e+002  3.608130e-001
 3.657137e-002  1.091464e+002  3.511030e-001
 3.702849e-002  1.080692e+002  3.522032e-001
 3.748562e-002  1.071384e+002  3.444990e-001
 3.794275e-002  1.064057e+002  3.475343e-001
 3.839988e-002  1.064417e+002  3.421093e-001
 3.885701e-002  1.058751e+002  3.222313e-001
 3.931414e-002  1.050976e+002  3.166566e-001
 3.977126e-002  1.043287e+002  3.164025e-001
 4.022839e-002  1.043717e+002  3.248738e-001
 4.068551e-002  1.032528e+002  3.022697e-001
 4.114264e-002  1.028125e+002  3.152898e-001
 4.159976e-002  1.022660e+002  3.047417e-001
 4.205689e-002  1.016672e+002  3.029007e-001
 4.251401e-002  1.011763e+002  3.015501e-001
 4.297113e-002  1.008684e+002  3.005416e-001
 4.342826e-002  9.985281e+001  3.022164e-001
 4.388538e-002  9.901561e+001  2.938329e-001
 4.434250e-002  9.888866e+001  2.925312e-001
 4.479962e-002  9.841136e+001  3.067662e-001
 4.525674e-002  9.818925e+001  2.977862e-001
 4.571386e-002  9.705676e+001  3.090206e-001
 4.617098e-002  9.647665e+001  2.915375e-001
 4.662810e-002  9.564221e+001  3.479051e-001
 4.708521e-002  9.529656e+001  3.104548e-001
 4.754233e-002  9.484177e+001  3.011064e-001
 4.799945e-002  9.418246e+001  2.996555e-001
 4.845656e-002  9.299262e+001  3.189344e-001
 4.891368e-002  9.262822e+001  2.891571e-001
 4.937079e-002  9.191144e+001  2.856589e-001
 4.982791e-002  9.153317e+001  2.769506e-001
 5.028502e-002  9.115497e+001  2.785769e-001
 5.074213e-002  9.057080e+001  2.693751e-001
 5.119925e-002  8.992736e+001  2.686361e-001
 5.165636e-002  8.902597e+001  2.654972e-001
 5.211347e-002  8.836814e+001  2.571103e-001
 5.257058e-002  8.778505e+001  2.603377e-001
 5.302769e-002  8.725205e+001  2.606067e-001
 5.348480e-002  8.684676e+001  2.551442e-001
 5.394190e-002  8.604052e+001  2.554809e-001
 5.439901e-002  8.547715e+001  2.536740e-001
 5.485612e-002  8.493326e+001  2.509402e-001
 5.531322e-002  8.412570e+001  2.537323e-001
 5.577033e-002  8.402175e+001  2.507416e-001
 5.622743e-002  8.308310e+001  2.387401e-001
 5.668454e-002  8.273108e+001  2.524726e-001
 5.714164e-002  8.157776e+001  2.405902e-001
 5.759874e-002  8.147153e+001  2.504378e-001
 5.805585e-002  8.090757e+001  2.385449e-001
 5.851295e-002  8.027778e+001  2.379447e-001
 5.897005e-002  7.975332e+001  2.419480e-001
 5.942715e-002  7.952861e+001  2.330245e-001
 5.988425e-002  7.879134e+001  2.368516e-001
 6.034134e-002  7.770424e+001  2.267302e-001
 6.079844e-002  7.764315e+001  2.352794e-001
 6.125554e-002  7.692462e+001  2.377081e-001
 6.171263e-002  7.629692e+001  2.222975e-001
 6.216973e-002  7.582532e+001  2.268369e-001
 6.262682e-002  7.520032e+001  2.235222e-001
 6.308392e-002  7.469821e+001  2.250045e-001
 6.354101e-002  7.425569e+001  2.231033e-001
 6.399810e-002  7.346744e+001  2.181026e-001
 6.445519e-002  7.300377e+001  2.205022e-001
 6.491228e-002  7.256095e+001  2.175713e-001
 6.536937e-002  7.207006e+001  2.163861e-001
 6.582646e-002  7.137492e+001  2.113299e-001
 6.628355e-002  7.048973e+001  2.092619e-001
 6.674063e-002  7.001678e+001  2.098718e-001
 6.719772e-002  6.974029e+001  2.085534e-001
 6.765480e-002  6.897147e+001  2.010617e-001
 6.811189e-002  6.853184e+001  2.075013e-001
 6.856897e-002  6.810799e+001  2.085479e-001
 6.902605e-002  6.773472e+001  2.079678e-001
 6.948314e-002  6.697578e+001  1.988273e-001
 6.994022e-002  6.706733e+001  2.032319e-001
 7.039730e-002  6.603896e+001  2.001628e-001
 7.085438e-002  6.571466e+001  2.047769e-001
 7.131145e-002  6.497739e+001  2.048097e-001
 7.176853e-002  6.473847e+001  2.052958e-001
 7.222561e-002  6.407136e+001  2.088100e-001
 7.268268e-002  6.365195e+001  2.032846e-001
 7.313976e-002  6.325838e+001  2.014977e-001
 7.359683e-002  6.248955e+001  1.971495e-001
 7.405390e-002  6.203338e+001  2.003057e-001
 7.451097e-002  6.147925e+001  1.981925e-001
 7.496804e-002  6.083483e+001  1.973430e-001
 7.542511e-002  6.053171e+001  1.922423e-001
 7.588218e-002  6.027558e+001  1.899789e-001
 7.633925e-002  5.965538e+001  1.937972e-001
 7.679632e-002  5.950162e+001  1.972207e-001
 7.725338e-002  5.861544e+001  1.915311e-001
 7.771045e-002  5.815173e+001  1.933040e-001
 7.816751e-002  5.823076e+001  1.941132e-001
 7.862457e-002  5.729294e+001  1.968588e-001
 7.908164e-002  5.648116e+001  1.932890e-001
 7.953870e-002  5.622116e+001  1.899792e-001
 7.999576e-002  5.578670e+001  1.961315e-001
 8.045282e-002  5.549798e+001  1.900339e-001
 8.090987e-002  5.485744e+001  1.909799e-001
 8.136693e-002  5.475133e+001  1.867427e-001
 8.182399e-002  5.422092e+001  1.882489e-001
 8.228104e-002  5.369119e+001  1.922211e-001
 8.273809e-002  5.299049e+001  1.856166e-001
 8.319515e-002  5.269440e+001  1.873754e-001
 8.365220e-002  5.223116e+001  1.855310e-001
 8.410925e-002  5.185419e+001  1.905781e-001
 8.456630e-002  5.148459e+001  1.860101e-001
 8.502335e-002  5.122890e+001  1.854994e-001
 8.548039e-002  5.108927e+001  1.877489e-001
 8.593744e-002  5.028890e+001  1.841553e-001
 8.639449e-002  4.977368e+001  1.873351e-001
 8.685153e-002  4.947047e+001  1.826997e-001
 8.730857e-002  4.904658e+001  1.828616e-001
 8.776561e-002  4.843101e+001  1.876095e-001
 8.822265e-002  4.821518e+001  1.823572e-001
 8.867969e-002  4.766773e+001  1.868697e-001
 8.913673e-002  4.780848e+001  1.799719e-001
 8.959377e-002  4.705734e+001  1.781688e-001
 9.005081e-002  4.647572e+001  1.830409e-001
 9.050784e-002  4.586501e+001  1.796355e-001
 9.096487e-002  4.566703e+001  1.807995e-001
 9.142191e-002  4.526967e+001  1.763410e-001
 9.187894e-002  4.487741e+001  1.796156e-001
 9.233597e-002  4.484080e+001  1.787644e-001
 9.279300e-002  4.448730e+001  1.755792e-001
 9.325003e-002  4.399102e+001  1.784000e-001
 9.370705e-002  4.325231e+001  1.748236e-001
 9.416408e-002  4.320275e+001  1.787832e-001
 9.462110e-002  4.263497e+001  1.764561e-001
 9.507813e-002  4.286725e+001  1.721906e-001
 9.553515e-002  4.185825e+001  1.750303e-001
 9.599217e-002  4.166118e+001  1.764720e-001
 9.644919e-002  4.138684e+001  1.715637e-001
 9.690621e-002  4.089035e+001  1.753711e-001
 9.736322e-002  4.078482e+001  1.746218e-001
 9.782024e-002  4.054969e+001  1.726890e-001
 9.827725e-002  3.991571e+001  1.744979e-001
 9.873427e-002  3.956941e+001  1.680705e-001
 9.919128e-002  3.913983e+001  1.726062e-001
 9.964829e-002  3.882148e+001  1.713898e-001
 1.001053e-001  3.842402e+001  1.707636e-001
 1.005623e-001  3.827697e+001  1.696159e-001
 1.010193e-001  3.796081e+001  1.687513e-001
 1.014763e-001  3.767601e+001  1.689494e-001
 1.019333e-001  3.734557e+001  1.706381e-001
 1.023903e-001  3.683935e+001  1.676780e-001
 1.028473e-001  3.674397e+001  1.656317e-001
 1.033043e-001  3.645085e+001  1.651979e-001
 1.037613e-001  3.616647e+001  1.635902e-001
 1.042183e-001  3.560617e+001  1.643063e-001
 1.046753e-001  3.541380e+001  1.624412e-001
 1.051323e-001  3.497769e+001  1.682853e-001
 1.055893e-001  3.468111e+001  1.659891e-001
 1.060463e-001  3.464139e+001  1.663635e-001
 1.065033e-001  3.417926e+001  1.640759e-001
 1.069603e-001  3.359616e+001  1.619783e-001
 1.074173e-001  3.351556e+001  1.648033e-001
 1.078743e-001  3.340746e+001  1.636112e-001
 1.083313e-001  3.321117e+001  1.601291e-001
 1.087882e-001  3.311327e+001  1.657266e-001
 1.092452e-001  3.234781e+001  1.618120e-001
 1.097022e-001  3.218639e+001  1.641609e-001
 1.101592e-001  3.201754e+001  1.591451e-001
 1.106162e-001  3.140967e+001  1.611599e-001
 1.110731e-001  3.136981e+001  1.614458e-001
 1.115301e-001  3.085923e+001  1.582161e-001
 1.119871e-001  3.060939e+001  1.642510e-001
 1.124441e-001  3.061901e+001  1.551656e-001
 1.129010e-001  3.008580e+001  1.592129e-001
 1.133580e-001  2.998658e+001  1.631838e-001
 1.138150e-001  2.995879e+001  1.580185e-001
 1.142719e-001  2.943961e+001  1.572170e-001
 1.147289e-001  2.887823e+001  1.569751e-001
 1.151859e-001  2.860132e+001  1.559947e-001
 1.156428e-001  2.858868e+001  1.566404e-001
 1.160998e-001  2.813272e+001  1.555528e-001
 1.165568e-001  2.791547e+001  1.562744e-001
 1.170137e-001  2.778320e+001  1.571123e-001
 1.174707e-001  2.734759e+001  1.580080e-001
 1.179276e-001  2.748364e+001  1.555079e-001
 1.183846e-001  2.687476e+001  1.560796e-001
 1.188415e-001  2.687207e+001  1.560328e-001
 1.192985e-001  2.689033e+001  1.539223e-001
 1.197554e-001  2.640037e+001  1.536131e-001
 1.202124e-001  2.624247e+001  1.582922e-001
 1.206693e-001  2.599088e+001  1.613116e-001
 1.211263e-001  2.569924e+001  1.562058e-001
 1.215832e-001  2.542697e+001  1.602333e-001
 1.220402e-001  2.520830e+001  1.636069e-001
 1.224971e-001  2.505686e+001  1.574779e-001
 1.229540e-001  2.461954e+001  1.598614e-001
 1.234110e-001  2.470799e+001  1.602209e-001
 1.238679e-001  2.417001e+001  1.564876e-001
 1.243248e-001  2.409863e+001  1.606829e-001
 1.247818e-001  2.395476e+001  1.632895e-001
 1.252387e-001  2.381067e+001  1.638605e-001
 1.256956e-001  2.347809e+001  1.602977e-001
 1.261526e-001  2.343327e+001  1.638262e-001
 1.266095e-001  2.310019e+001  1.627946e-001
 1.270664e-001  2.275664e+001  1.630563e-001
 1.275233e-001  2.282037e+001  1.626408e-001
 1.279803e-001  2.224894e+001  1.614350e-001
 1.284372e-001  2.208537e+001  1.584811e-001
 1.288941e-001  2.184255e+001  1.569753e-001
 1.293510e-001  2.146334e+001  1.549407e-001
 1.298079e-001  2.161688e+001  1.546679e-001
 1.302648e-001  2.136799e+001  1.518937e-001
 1.307218e-001  2.130967e+001  1.518357e-001
 1.311787e-001  2.077887e+001  1.492656e-001
 1.316356e-001  2.076262e+001  1.506643e-001
 1.320925e-001  2.070715e+001  1.504057e-001
 1.325494e-001  2.062962e+001  1.483960e-001
 1.330063e-001  2.016166e+001  1.538379e-001
 1.334632e-001  2.024349e+001  1.488842e-001
 1.339201e-001  1.985667e+001  1.505523e-001
 1.343770e-001  1.985444e+001  1.572191e-001
 1.348339e-001  1.958213e+001  1.568737e-001
 1.352908e-001  1.931198e+001  1.466398e-001
 1.357477e-001  1.907185e+001  1.474865e-001
 1.362046e-001  1.896153e+001  1.490120e-001
 1.366615e-001  1.850637e+001  1.469134e-001
 1.371183e-001  1.841033e+001  1.475653e-001
 1.375752e-001  1.847736e+001  1.488119e-001
 1.380321e-001  1.845900e+001  1.450924e-001
 1.384890e-001  1.792313e+001  1.472678e-001
 1.389459e-001  1.789613e+001  1.473248e-001
 1.394028e-001  1.763016e+001  1.437229e-001
 1.398596e-001  1.764847e+001  1.460488e-001
 1.403165e-001  1.694162e+001  1.435300e-001
 1.407734e-001  1.739324e+001  1.443768e-001
 1.412303e-001  1.703157e+001  1.411100e-001
 1.416871e-001  1.693114e+001  1.440139e-001
 1.421440e-001  1.669648e+001  1.459466e-001
 1.426009e-001  1.675637e+001  1.441477e-001
 1.430577e-001  1.639640e+001  1.437328e-001
 1.435146e-001  1.634090e+001  1.410111e-001
 1.439714e-001  1.585050e+001  1.441075e-001
 1.444283e-001  1.614940e+001  1.421113e-001
 1.448852e-001  1.573700e+001  1.417036e-001
 1.453420e-001  1.569860e+001  1.399425e-001
 1.457989e-001  1.579399e+001  1.418932e-001
 1.462557e-001  1.534172e+001  1.442395e-001
 1.467126e-001  1.514050e+001  1.422168e-001
 1.471694e-001  1.500315e+001  1.420843e-001
 1.476263e-001  1.472199e+001  1.402093e-001
 1.480831e-001  1.501602e+001  1.429790e-001
 1.485400e-001  1.458739e+001  1.393863e-001
 1.489968e-001  1.424016e+001  1.387867e-001
 1.494536e-001  1.431684e+001  1.394354e-001
 1.499105e-001  1.437768e+001  1.381151e-001
 1.503673e-001  1.393235e+001  1.391214e-001
 1.508241e-001  1.355538e+001  1.367315e-001
 1.512810e-001  1.382395e+001  1.376833e-001
 1.517378e-001  1.368781e+001  1.369238e-001
 1.521946e-001  1.343371e+001  1.359873e-001
 1.526515e-001  1.327096e+001  1.381348e-001
 1.531083e-001  1.302134e+001  1.375741e-001
 1.535651e-001  1.319816e+001  1.370205e-001
 1.540219e-001  1.281238e+001  1.365387e-001
 1.544787e-001  1.280244e+001  1.339705e-001
 1.549356e-001  1.277994e+001  1.371635e-001
 1.553924e-001  1.250614e+001  1.357257e-001
 1.558492e-001  1.245866e+001  1.347415e-001
 1.563060e-001  1.254407e+001  1.387214e-001
 1.567628e-001  1.209753e+001  1.334579e-001
 1.572196e-001  1.212862e+001  1.358278e-001
 1.576764e-001  1.207790e+001  1.324964e-001
 1.581332e-001  1.186765e+001  1.323216e-001
 1.585900e-001  1.142773e+001  1.312984e-001
 1.590468e-001  1.149613e+001  1.335636e-001
 1.595036e-001  1.152011e+001  1.328476e-001
 1.599604e-001  1.139189e+001  1.319950e-001
 1.604172e-001  1.110932e+001  1.314532e-001
 1.608740e-001  1.097935e+001  1.328105e-001
 1.613308e-001  1.090037e+001  1.312702e-001
 1.617875e-001  1.060030e+001  1.319697e-001
 1.622443e-001  1.055304e+001  1.296484e-001
 1.627011e-001  1.044048e+001  1.323541e-001
 1.631579e-001  1.038975e+001  1.301034e-001
 1.636147e-001  1.057029e+001  1.299233e-001
 1.640714e-001  1.019496e+001  1.321699e-001
 1.645282e-001  1.031471e+001  1.286856e-001
 1.649850e-001  1.015613e+001  1.319330e-001
 1.654418e-001  1.003106e+001  1.299751e-001
 1.658985e-001  1.001197e+001  1.330670e-001
 1.663553e-001  9.723620e+000  1.290050e-001
 1.668121e-001  9.695970e+000  1.290444e-001
 1.672688e-001  9.443050e+000  1.301288e-001
 1.677256e-001  9.676810e+000  1.303397e-001
 1.681823e-001  9.418340e+000  1.277552e-001
 1.686391e-001  9.167540e+000  1.280887e-001
 1.690958e-001  9.135040e+000  1.287160e-001
 1.695526e-001  9.036010e+000  1.287455e-001
 1.700093e-001  9.084850e+000  1.275350e-001
 1.704661e-001  8.982340e+000  1.272081e-001
 1.709228e-001  8.623730e+000  1.259925e-001
 1.713796e-001  8.661510e+000  1.279685e-001
 1.718363e-001  8.490390e+000  1.287047e-001
 1.722930e-001  8.489880e+000  1.254904e-001
 1.727498e-001  8.367280e+000  1.243883e-001
 1.732065e-001  8.445600e+000  1.246834e-001
 1.736632e-001  8.139520e+000  1.267533e-001
 1.741200e-001  8.194170e+000  1.260032e-001
 1.745767e-001  8.185580e+000  1.248788e-001
 1.750334e-001  8.033580e+000  1.253573e-001
 1.754901e-001  7.684910e+000  1.231224e-001
 1.759468e-001  7.776690e+000  1.252065e-001
 1.764036e-001  7.701340e+000  1.243396e-001
 1.768603e-001  7.430810e+000  1.250628e-001
 1.773170e-001  7.290730e+000  1.251759e-001
 1.777737e-001  7.468600e+000  1.238128e-001
 1.782304e-001  7.457080e+000  1.234418e-001
 1.786871e-001  7.354810e+000  1.265918e-001
 1.791438e-001  7.184160e+000  1.289474e-001
 1.796005e-001  6.977770e+000  1.299067e-001
 1.800572e-001  7.163780e+000  1.271587e-001
 1.805139e-001  6.916460e+000  1.293132e-001
 1.809706e-001  6.928640e+000  1.279966e-001
 1.814273e-001  6.725730e+000  1.312939e-001
 1.818840e-001  6.662030e+000  1.290963e-001
 1.823407e-001  6.668690e+000  1.306010e-001
 1.827974e-001  6.547830e+000  1.305208e-001
 1.832540e-001  6.490630e+000  1.290744e-001
 1.837107e-001  6.479460e+000  1.303759e-001
 1.841674e-001  6.523940e+000  1.290677e-001
 1.846241e-001  6.265530e+000  1.312049e-001
 1.850808e-001  6.237270e+000  1.323858e-001
 1.855374e-001  6.289040e+000  1.303987e-001
 1.859941e-001  6.033770e+000  1.334719e-001
 1.864508e-001  5.958990e+000  1.291015e-001
 1.869074e-001  6.058700e+000  1.320439e-001
 1.873641e-001  5.837870e+000  1.312128e-001
 1.878207e-001  5.913890e+000  1.312675e-001
 1.882774e-001  5.673000e+000  1.324424e-001
 1.887341e-001  5.984430e+000  1.327395e-001
 1.891907e-001  5.635830e+000  1.329084e-001
 1.896474e-001  5.832760e+000  1.302654e-001
 1.901040e-001  5.677360e+000  1.325680e-001
 1.905607e-001  5.581670e+000  1.325382e-001
 1.910173e-001  5.186620e+000  1.318933e-001
 1.914739e-001  5.341220e+000  1.308633e-001
 1.919306e-001  5.370200e+000  1.315328e-001
 1.923872e-001  5.140560e+000  1.307879e-001
 1.928438e-001  5.101360e+000  1.313418e-001
 1.933005e-001  5.027420e+000  1.333380e-001
 1.937571e-001  5.099150e+000  1.315381e-001
 1.942137e-001  4.912720e+000  1.338315e-001
 1.946703e-001  4.787930e+000  1.325690e-001
 1.951270e-001  4.829730e+000  1.316181e-001
 1.955836e-001  4.735920e+000  1.309744e-001
 1.960402e-001  4.955450e+000  1.319104e-001
 1.964968e-001  4.835420e+000  1.339546e-001
 1.969534e-001  4.612460e+000  1.334682e-001
 1.974100e-001  4.769460e+000  1.300880e-001
 1.978666e-001  4.514670e+000  1.312422e-001
 1.983232e-001  4.412030e+000  1.306380e-001
 1.987798e-001  4.358760e+000  1.324253e-001
 1.992364e-001  4.395360e+000  1.311714e-001
 1.996930e-001  4.392890e+000  1.306427e-001
 2.001496e-001  4.370710e+000  1.315423e-001
 2.006062e-001  4.297750e+000  1.310709e-001
 2.010628e-001  4.195540e+000  1.318299e-001
 2.015194e-001  4.218580e+000  1.303466e-001
 2.019760e-001  3.921310e+000  1.322578e-001
 2.024326e-001  4.317210e+000  1.335768e-001
 2.028891e-001  3.929440e+000  1.296409e-001
 2.033457e-001  3.981010e+000  1.297047e-001
 2.038023e-001  3.818650e+000  1.300519e-001
 2.042588e-001  3.943470e+000  1.302934e-001
 2.047154e-001  3.994510e+000  1.336145e-001
 2.051720e-001  3.855040e+000  1.307929e-001
 2.056285e-001  3.675240e+000  1.275329e-001
 2.060851e-001  3.777270e+000  1.308969e-001
 2.065417e-001  3.676550e+000  1.323916e-001
 2.069982e-001  3.467240e+000  1.316752e-001
 2.074548e-001  3.521090e+000  1.294956e-001
 2.079113e-001  3.403930e+000  1.317222e-001
 2.083679e-001  3.243010e+000  1.288094e-001
 2.088244e-001  3.742590e+000  1.294789e-001
 2.092809e-001  3.566060e+000  1.288602e-001
 2.097375e-001  3.623310e+000  1.301270e-001
 2.101940e-001  3.367100e+000  1.299524e-001
 2.106505e-001  3.422610e+000  1.282805e-001
 2.111071e-001  3.309970e+000  1.314280e-001
 2.115636e-001  3.225700e+000  1.271228e-001
 2.120201e-001  3.448980e+000  1.303410e-001
 2.124767e-001  3.358470e+000  1.294396e-001
 2.129332e-001  3.186790e+000  1.278112e-001
 2.133897e-001  3.042680e+000  1.294212e-001
 2.138462e-001  3.220310e+000  1.280866e-001
 2.143027e-001  3.143400e+000  1.268828e-001
 2.147592e-001  2.986570e+000  1.260391e-001
 2.152157e-001  3.002750e+000  1.269219e-001
 2.156722e-001  2.896340e+000  1.282564e-001
 2.161287e-001  2.992700e+000  1.283377e-001
 2.165852e-001  3.077880e+000  1.263747e-001
 2.170417e-001  2.909270e+000  1.284058e-001
 2.174982e-001  2.753480e+000  1.323322e-001
 2.179547e-001  2.933880e+000  1.336961e-001
 2.184112e-001  2.945800e+000  1.325327e-001
 2.188677e-001  2.855340e+000  1.341100e-001
 2.193242e-001  2.810920e+000  1.335341e-001
 2.197806e-001  2.796540e+000  1.347102e-001
 2.202371e-001  2.774150e+000  1.352057e-001
 2.206936e-001  2.466120e+000  1.364602e-001
 2.211501e-001  2.540240e+000  1.389140e-001
 2.216065e-001  2.896190e+000  1.370333e-001
 2.220630e-001  2.697400e+000  1.374932e-001
 2.225195e-001  2.512790e+000  1.360526e-001
 2.229759e-001  2.706370e+000  1.373122e-001
 2.234324e-001  2.403780e+000  1.391808e-001
 2.238888e-001  2.320040e+000  1.388903e-001
 2.243453e-001  2.496120e+000  1.406827e-001
 2.248017e-001  2.428140e+000  1.413256e-001
 2.252582e-001  2.545460e+000  1.343630e-001
 2.257146e-001  2.362540e+000  1.380250e-001
 2.261710e-001  2.346780e+000  1.321425e-001
 2.266275e-001  2.237020e+000  1.352392e-001
 2.270839e-001  2.346100e+000  1.310674e-001
 2.275403e-001  2.046070e+000  1.329246e-001
 2.279968e-001  2.121680e+000  1.307218e-001
 2.284532e-001  2.278870e+000  1.320326e-001
 2.289096e-001  2.461710e+000  1.320505e-001
 2.293660e-001  2.080390e+000  1.307106e-001
 2.298225e-001  2.254620e+000  1.328754e-001
 2.302789e-001  2.183200e+000  1.302183e-001
 2.307353e-001  1.961740e+000  1.309508e-001
 2.311917e-001  2.233130e+000  1.309700e-001
 2.316481e-001  2.037890e+000  1.292074e-001
 2.321045e-001  2.137270e+000  1.311136e-001
 2.325609e-001  2.037970e+000  1.314933e-001
 2.330173e-001  2.025300e+000  1.300513e-001
 2.334737e-001  2.080250e+000  1.300364e-001
 2.339301e-001  2.039120e+000  1.285790e-001
 2.343865e-001  1.979720e+000  1.298346e-001
 2.348428e-001  1.872300e+000  1.284993e-001
 2.352992e-001  1.749770e+000  1.303880e-001
 2.357556e-001  1.907190e+000  1.279716e-001
 2.362120e-001  2.210070e+000  1.286915e-001
 2.366683e-001  2.019270e+000  1.296775e-001
 2.371247e-001  1.774150e+000  1.277323e-001
 2.375811e-001  1.935600e+000  1.294722e-001
 2.380374e-001  1.883940e+000  1.276779e-001
 2.384938e-001  1.836420e+000  1.294267e-001
 2.389502e-001  1.712060e+000  1.278891e-001
 2.394065e-001  1.755550e+000  1.265837e-001
 2.398629e-001  1.720250e+000  1.265143e-001
 2.403192e-001  1.549320e+000  1.268013e-001
 2.407755e-001  1.434000e+000  1.282555e-001
 2.412319e-001  1.549480e+000  1.278171e-001
 2.416882e-001  1.576550e+000  1.261516e-001
 2.421446e-001  1.773140e+000  1.241318e-001
 2.426009e-001  1.819230e+000  1.238654e-001
 2.430572e-001  1.810310e+000  1.282904e-001
 2.435135e-001  1.654640e+000  1.241251e-001
 2.439699e-001  1.599650e+000  1.265937e-001
 2.444262e-001  1.471130e+000  1.253203e-001
 2.448825e-001  1.447230e+000  1.246296e-001
 2.453388e-001  1.746530e+000  1.260996e-001
 2.457951e-001  1.518680e+000  1.228727e-001
 2.462514e-001  1.620120e+000  1.270276e-001
 2.467077e-001  1.546590e+000  1.248835e-001
 2.471640e-001  1.629390e+000  1.256069e-001
 2.476203e-001  1.733830e+000  1.238805e-001
 2.480766e-001  1.728380e+000  1.250071e-001
 2.485329e-001  1.346530e+000  1.253757e-001
 2.489892e-001  1.237230e+000  1.243990e-001
 2.494455e-001  1.536010e+000  1.239548e-001
 2.499018e-001  1.450160e+000  1.250534e-001
 2.503581e-001  1.718790e+000  1.228894e-001
 2.508143e-001  1.576670e+000  1.254532e-001
 2.512706e-001  1.444100e+000  1.230283e-001
 2.517269e-001  1.452050e+000  1.246504e-001
 2.521831e-001  1.448540e+000  1.254222e-001
 2.526394e-001  1.522430e+000  1.236040e-001
 2.530957e-001  1.359220e+000  1.263135e-001
 2.535519e-001  1.541320e+000  1.221031e-001
 2.540082e-001  1.340230e+000  1.242137e-001
 2.544644e-001  1.342660e+000  1.238092e-001
 2.549207e-001  1.365200e+000  1.230156e-001
 2.553769e-001  1.269660e+000  1.239680e-001
 2.558332e-001  1.216080e+000  1.221225e-001
 2.562894e-001  1.466840e+000  1.249072e-001
 2.567456e-001  1.411700e+000  1.227523e-001
 2.572019e-001  1.318740e+000  1.226329e-001
 2.576581e-001  1.275490e+000  1.234170e-001
 2.581143e-001  1.204800e+000  1.247649e-001
 2.585705e-001  1.254520e+000  1.228063e-001
 2.590268e-001  1.174380e+000  1.232925e-001
 2.594830e-001  1.243200e+000  1.227427e-001
 2.599392e-001  1.013340e+000  1.222218e-001
 2.603954e-001  1.027180e+000  1.244656e-001
 2.608516e-001  1.210030e+000  1.228463e-001
 2.613078e-001  1.332700e+000  1.220376e-001
 2.617640e-001  1.212040e+000  1.207259e-001
 2.622202e-001  1.223490e+000  1.231094e-001
 2.626764e-001  1.118220e+000  1.231096e-001
 2.631326e-001  1.036710e+000  1.217288e-001
 2.635887e-001  1.050560e+000  1.213362e-001
 2.640449e-001  1.183330e+000  1.218933e-001
 2.645011e-001  9.908500e-001  1.223296e-001
 2.649573e-001  1.031670e+000  1.207458e-001
 2.654135e-001  9.656200e-001  1.214400e-001
 2.658696e-001  1.099890e+000  1.225270e-001
 2.663258e-001  7.602400e-001  1.225458e-001
 2.667819e-001  1.161570e+000  1.211114e-001
 2.672381e-001  1.135840e+000  1.208425e-001
 2.676943e-001  1.089890e+000  1.195173e-001
 2.681504e-001  1.000300e+000  1.218100e-001
 2.686066e-001  1.146830e+000  1.220332e-001
 2.690627e-001  9.910300e-001  1.181994e-001
 2.695188e-001  1.223410e+000  1.196533e-001
 2.699750e-001  9.138400e-001  1.221821e-001
 2.704311e-001  9.946200e-001  1.244931e-001
 2.708872e-001  8.739400e-001  1.224610e-001
 2.713434e-001  8.651100e-001  1.247119e-001
 2.717995e-001  8.990700e-001  1.254360e-001
 2.722556e-001  9.970200e-001  1.285497e-001
 2.727117e-001  1.128670e+000  1.265713e-001
 2.731678e-001  9.961300e-001  1.287372e-001
 2.736240e-001  8.112900e-001  1.291518e-001
 2.740801e-001  9.477800e-001  1.310170e-001
 2.745362e-001  1.103020e+000  1.274389e-001
 2.749923e-001  1.018470e+000  1.292304e-001
 2.754484e-001  7.883400e-001  1.298735e-001
 2.759045e-001  9.596100e-001  1.307984e-001
 2.763605e-001  1.051520e+000  1.292024e-001
 2.768166e-001  1.063280e+000  1.312951e-001
 2.772727e-001  7.674100e-001  1.316095e-001
 2.777288e-001  1.020150e+000  1.339557e-001
 2.781849e-001  6.854500e-001  1.337972e-001
 2.786409e-001  9.154600e-001  1.304486e-001
 2.790970e-001  6.261300e-001  1.316640e-001
 2.795531e-001  9.046000e-001  1.332006e-001
 2.800091e-001  9.698200e-001  1.336179e-001
 2.804652e-001  1.007550e+000  1.336262e-001
 2.809212e-001  8.364100e-001  1.321458e-001
 2.813773e-001  1.111560e+000  1.311171e-001
 2.818333e-001  5.108000e-001  1.318283e-001
 2.822894e-001  8.950500e-001  1.314990e-001
 2.827454e-001  8.784500e-001  1.334960e-001
 2.832015e-001  1.039280e+000  1.327757e-001
 2.836575e-001  1.010230e+000  1.337013e-001
 2.841135e-001  8.987300e-001  1.323145e-001
 2.845695e-001  7.834300e-001  1.323911e-001
 2.850256e-001  5.444800e-001  1.327361e-001
 2.854816e-001  6.232300e-001  1.321845e-001
 2.859376e-001  7.960700e-001  1.318081e-001
 2.863936e-001  6.407200e-001  1.337751e-001
 2.868496e-001  7.513700e-001  1.326577e-001
 2.873056e-001  7.377200e-001  1.307273e-001
 2.877616e-001  1.022310e+000  1.339313e-001
 2.882176e-001  9.531900e-001  1.382227e-001
 2.886736e-001  1.007520e+000  1.335556e-001
 2.891296e-001  7.498500e-001  1.336542e-001
 2.895856e-001  8.928600e-001  1.334353e-001
 2.900416e-001  7.814900e-001  1.315719e-001
 2.904975e-001  5.431300e-001  1.332863e-001
 2.909535e-001  7.045900e-001  1.344654e-001
 2.914095e-001  6.476200e-001  1.355211e-001
 2.918655e-001  6.934700e-001  1.325165e-001
 2.923214e-001  5.039400e-001  1.331074e-001
 2.927774e-001  4.043000e-001  1.346879e-001
 2.932333e-001  8.174000e-001  1.333732e-001
 2.936893e-001  6.748100e-001  1.332546e-001
 2.941452e-001  8.986400e-001  1.332616e-001
 2.946012e-001  6.685400e-001  1.332931e-001
 2.950571e-001  9.086500e-001  1.346343e-001
 2.955131e-001  6.768100e-001  1.327543e-001
 2.959690e-001  6.099400e-001  1.326851e-001
 2.964249e-001  7.130900e-001  1.320075e-001
 2.968808e-001  7.875200e-001  1.338335e-001
 2.973368e-001  1.046140e+000  1.340847e-001
 2.977927e-001  7.849000e-001  1.298494e-001
 2.982486e-001  4.267900e-001  1.357924e-001
 2.987045e-001  5.905000e-001  1.307501e-001
 2.991604e-001  7.204500e-001  1.356350e-001
 2.996163e-001  5.415600e-001  1.319216e-001
 3.000722e-001  7.874200e-001  1.334887e-001
 3.005281e-001  7.196200e-001  1.344506e-001
 3.009840e-001  3.515800e-001  1.304052e-001
 3.014399e-001  8.529000e-001  1.320597e-001
 3.018958e-001  7.416100e-001  1.332625e-001
 3.023517e-001  5.456700e-001  1.324361e-001
 3.028075e-001  8.502000e-001  1.335815e-001
 3.032634e-001  5.965000e-001  1.335302e-001
 3.037193e-001  6.766700e-001  1.332088e-001
 3.041751e-001  5.643800e-001  1.323868e-001
 3.046310e-001  9.714000e-001  1.331746e-001
 3.050869e-001  5.486600e-001  1.342651e-001
 3.055427e-001  6.311600e-001  1.323003e-001
 3.059986e-001  8.922900e-001  1.342641e-001
 3.064544e-001  6.095400e-001  1.335095e-001
 3.069103e-001  5.480800e-001  1.342280e-001
 3.073661e-001  3.871300e-001  1.319398e-001
 3.078219e-001  5.401700e-001  1.328171e-001
 3.082778e-001  6.890600e-001  1.331526e-001
 3.087336e-001  5.051700e-001  1.339912e-001
 3.091894e-001  7.337600e-001  1.329660e-001
 3.096452e-001  5.472800e-001  1.339329e-001
 3.101010e-001  8.737200e-001  1.326816e-001
 3.105568e-001  5.923600e-001  1.335925e-001
 3.110127e-001  4.752900e-001  1.369862e-001
 3.114685e-001  6.042400e-001  1.309237e-001
 3.119243e-001  5.940100e-001  1.328149e-001
 3.123800e-001  8.270500e-001  1.348312e-001
 3.128358e-001  8.836500e-001  1.343788e-001
 3.132916e-001  7.804900e-001  1.340234e-001
 3.137474e-001  5.202200e-001  1.393072e-001
 3.142032e-001  5.906400e-001  1.406126e-001
 3.146590e-001  5.686200e-001  1.412316e-001
 3.151147e-001  5.813000e-001  1.417541e-001
 3.155705e-001  4.001900e-001  1.457520e-001
 3.160263e-001  6.138900e-001  1.456137e-001
 3.164820e-001  3.595500e-001  1.473173e-001
 3.169378e-001  5.216800e-001  1.500702e-001
 3.173935e-001  4.536300e-001  1.470802e-001
 3.178493e-001  6.261200e-001  1.501812e-001
 3.183050e-001  5.368800e-001  1.499447e-001
 3.187608e-001  6.416700e-001  1.520203e-001
 3.192165e-001  1.263100e-001  1.557293e-001
 3.196722e-001  4.941000e-001  1.533208e-001
 3.201280e-001  5.679200e-001  1.557778e-001
 3.205837e-001  4.984200e-001  1.553728e-001
 3.210394e-001  4.557000e-001  1.568119e-001
 3.214951e-001  5.605500e-001  1.571398e-001
 3.219508e-001  5.521800e-001  1.505012e-001
 3.224065e-001  6.467700e-001  1.485452e-001
 3.228622e-001  4.301300e-001  1.456875e-001
 3.233179e-001  2.482700e-001  1.488305e-001
 3.237736e-001  4.951100e-001  1.473855e-001
 3.242293e-001  5.848900e-001  1.466359e-001
 3.246850e-001  4.052800e-001  1.459427e-001
 3.251407e-001  5.596100e-001  1.450309e-001
 3.255964e-001  5.042700e-001  1.447608e-001
 3.260520e-001  6.162600e-001  1.448824e-001
 3.265077e-001  5.893600e-001  1.444160e-001
 3.269634e-001  5.977600e-001  1.448378e-001
 3.274190e-001  4.887000e-001  1.449782e-001
 3.278747e-001  5.182000e-001  1.476463e-001
 3.283303e-001  5.140600e-001  1.451617e-001
 3.287860e-001  6.502600e-001  1.433799e-001
 3.292416e-001  5.549500e-001  1.441201e-001
 3.296973e-001  5.999200e-001  1.428309e-001
 3.301529e-001  4.222000e-001  1.476423e-001
 3.306085e-001  4.282400e-001  1.407879e-001
 3.310642e-001  5.288200e-001  1.415751e-001
 3.315198e-001  4.615000e-001  1.428364e-001
 3.319754e-001  7.461700e-001  1.453817e-001
 3.324310e-001  5.831800e-001  1.424384e-001
 3.328866e-001  6.922500e-001  1.403353e-001
 3.333423e-001  7.268000e-001  1.426459e-001
 3.337979e-001  4.731700e-001  1.424853e-001
 3.342535e-001  4.676200e-001  1.430711e-001
 3.347090e-001  6.791000e-001  1.418447e-001
 3.351646e-001  5.566400e-001  1.416870e-001
 3.356202e-001  3.682100e-001  1.438919e-001
 3.360758e-001  5.624800e-001  1.408941e-001
 3.365314e-001  5.693500e-001  1.412148e-001
 3.369870e-001  5.717300e-001  1.422740e-001
 3.374425e-001  5.254800e-001  1.423370e-001
 3.378981e-001  5.555200e-001  1.418228e-001
 3.383537e-001  3.879100e-001  1.393190e-001
 3.388092e-001  4.861900e-001  1.420738e-001
 3.392648e-001  1.676900e-001  1.435851e-001
 3.397203e-001  2.315100e-001  1.437868e-001
 3.401759e-001  2.889300e-001  1.412920e-001
 3.406314e-001  3.613100e-001  1.410795e-001
 3.410869e-001  4.481600e-001  1.419285e-001
 3.415425e-001  6.271300e-001  1.426437e-001
 3.419980e-001  5.261200e-001  1.402941e-001
 3.424535e-001  3.761900e-001  1.410632e-001
 3.429090e-001  2.970200e-001  1.409695e-001
 3.433645e-001  5.544700e-001  1.421775e-001
 3.438200e-001  1.294100e-001  1.411388e-001
 3.442755e-001  3.738300e-001  1.391803e-001
 3.447310e-001  4.807800e-001  1.397329e-001
 3.451865e-001  2.276700e-001  1.420578e-001
 3.456420e-001  2.386900e-001  1.412830e-001
 3.460975e-001  4.312500e-001  1.380307e-001
 3.465530e-001  2.450700e-001  1.448917e-001
 3.470085e-001  3.003300e-001  1.406533e-001
 3.474640e-001  6.390200e-001  1.394718e-001
 3.479194e-001  3.493200e-001  1.398170e-001
 3.483749e-001  2.297300e-001  1.400560e-001
 3.488304e-001  1.689800e-001  1.385811e-001
 3.492858e-001  2.992400e-001  1.385834e-001
 3.497413e-001  4.253000e-002  1.389738e-001
 3.501967e-001  2.782500e-001  1.391718e-001
 3.506522e-001  1.195200e-001  1.371708e-001
 3.511076e-001  2.121700e-001  1.388197e-001
 3.515630e-001  4.239300e-001  1.390145e-001
 3.520185e-001  4.154200e-001  1.384900e-001
 3.524739e-001  3.704200e-001  1.398216e-001
 3.529293e-001  3.712700e-001  1.392735e-001
 3.533847e-001  4.643500e-001  1.401199e-001
 3.538401e-001  3.541900e-001  1.395096e-001
 3.542955e-001  4.090100e-001  1.396143e-001
 3.547509e-001  4.598900e-001  1.379734e-001
 3.552063e-001  5.036200e-001  1.380956e-001
 3.556617e-001  6.439300e-001  1.386113e-001
 3.561171e-001  2.726300e-001  1.388714e-001
 3.565725e-001  3.723700e-001  1.376095e-001
 3.570279e-001  3.770000e-001  1.381937e-001
 3.574833e-001  3.993000e-001  1.383331e-001
 3.579386e-001  5.431600e-001  1.383634e-001
 3.583940e-001  3.149900e-001  1.395075e-001
 3.588494e-001  5.043800e-001  1.399626e-001
 3.593047e-001  5.153900e-001  1.367797e-001
 3.597601e-001  3.258200e-001  1.384363e-001
 3.602154e-001  3.703100e-001  1.356501e-001
 3.606708e-001  2.158900e-001  1.388885e-001
 3.611261e-001  2.100500e-001  1.410445e-001
 3.615814e-001  2.872100e-001  1.391420e-001
 3.620368e-001  1.730400e-001  1.405320e-001
 3.624921e-001  2.304300e-001  1.367857e-001
 3.629474e-001  3.641000e-001  1.381363e-001
 3.634027e-001  2.386900e-001  1.354711e-001
 3.638580e-001  1.651500e-001  1.362005e-001
 3.643134e-001  4.361200e-001  1.395116e-001
 3.647687e-001  3.616300e-001  1.372961e-001
 3.652240e-001  2.730300e-001  1.388033e-001
 3.656793e-001  3.461400e-001  1.335298e-001
 3.661345e-001  2.453100e-001  1.313988e-001
 3.665898e-001  3.088500e-001  1.320646e-001
 3.670451e-001  3.553400e-001  1.332175e-001
 3.675004e-001  2.416000e-001  1.331671e-001
 3.679557e-001  2.803200e-001  1.368069e-001
 3.684109e-001  2.415700e-001  1.339538e-001
 3.688662e-001  2.908700e-001  1.354032e-001
 3.693214e-001  4.113200e-001  1.324030e-001
 3.697767e-001  3.910600e-001  1.360482e-001
 3.702319e-001  3.165500e-001  1.340318e-001
 3.706872e-001  3.823400e-001  1.357964e-001
 3.711424e-001  1.595400e-001  1.334277e-001
 3.715977e-001  3.617500e-001  1.339036e-001
 3.720529e-001  2.533400e-001  1.362101e-001
 3.725081e-001  3.386200e-001  1.352147e-001
 3.729633e-001  2.940900e-001  1.358226e-001
 3.734185e-001  5.349400e-001  1.334125e-001
 3.738737e-001  4.886000e-001  1.363503e-001
 3.743290e-001  2.513700e-001  1.352968e-001
 3.747842e-001  2.558000e-001  1.341575e-001
 3.752394e-001  2.854900e-001  1.349910e-001
 3.756945e-001  2.724400e-001  1.337588e-001
 3.761497e-001  3.744300e-001  1.362433e-001
 3.766049e-001  2.862000e-001  1.353035e-001
 3.770601e-001  1.719100e-001  1.350393e-001
 3.775153e-001  3.046600e-001  1.371386e-001
 3.779704e-001  3.263500e-001  1.345736e-001
 3.784256e-001  3.156500e-001  1.359603e-001
 3.788807e-001  2.105400e-001  1.335978e-001
 3.793359e-001  1.771500e-001  1.348965e-001
 3.797910e-001  1.692600e-001  1.349193e-001
 3.802462e-001  1.708000e-001  1.353073e-001
 3.807013e-001  2.039200e-001  1.347671e-001
 3.811565e-001  2.957200e-001  1.357682e-001
 3.816116e-001  2.252500e-001  1.359070e-001
 3.820667e-001  2.390200e-001  1.353938e-001
 3.825218e-001  1.270400e-001  1.340442e-001
 3.829769e-001  2.906000e-001  1.349602e-001
 3.834321e-001  3.322200e-001  1.350126e-001
 3.838872e-001  3.897400e-001  1.360709e-001
 3.843423e-001  3.800500e-001  1.354192e-001
 3.847974e-001  2.764500e-001  1.352999e-001
 3.852524e-001  2.403800e-001  1.346176e-001
 3.857075e-001  1.649000e-001  1.351643e-001
 3.861626e-001  7.617000e-002  1.362480e-001
 3.866177e-001  7.239000e-002  1.347094e-001
 3.870728e-001  2.287000e-001  1.341919e-001
 3.875278e-001  6.662000e-002  1.363472e-001
 3.879829e-001  2.691200e-001  1.366888e-001
 3.884379e-001  3.897700e-001  1.356829e-001
 3.888930e-001  2.793400e-001  1.365768e-001
 3.893480e-001  1.994800e-001  1.363606e-001
 3.898031e-001  2.785800e-001  1.357898e-001
 3.902581e-001  4.797700e-001  1.355403e-001
 3.907131e-001  2.345700e-001  1.344454e-001
 3.911682e-001  3.214700e-001  1.352088e-001
 3.916232e-001  3.411900e-001  1.357673e-001
 3.920782e-001  4.193200e-001  1.342228e-001
 3.925332e-001  3.814800e-001  1.335743e-001
 3.929882e-001  2.589000e-001  1.355387e-001
 3.934432e-001  1.190300e-001  1.336332e-001
 3.938982e-001  4.490200e-001  1.368905e-001
 3.943532e-001  3.217100e-001  1.341173e-001
 3.948082e-001  2.993100e-001  1.331832e-001
 3.952632e-001  2.554300e-001  1.359233e-001
 3.957182e-001  1.775600e-001  1.350146e-001
 3.961731e-001  6.778000e-002  1.348472e-001
 3.966281e-001  2.836200e-001  1.339979e-001
 3.970831e-001  2.813100e-001  1.355657e-001
parent: E:/Data/SAXS/SAXS_pin1/buffer022-024/avrg_002.dat
parent: E:/Data/SAXS/SAXS_pin1/buffer022-024/avrg_001.dat
creator: datop
creator-version: v0.4 (r7883)
datop-operation: E:/Data/SAXS/SAXS_pin1/buffer022-024/avrg_002.dat SUB E:/Data/SAXS/SAXS_pin1/buffer022-024/avrg_001.dat
