CYCLE:   96  Chi^2:******  GENER.:1000  ENSEMBLES: 50  CURVES: 12
 8.685810e-003  3.133667e+002  1.811254e+002
 9.142958e-003  2.881787e+002  1.810337e+002
 9.600105e-003  2.833747e+002  1.809420e+002
 1.005725e-002  2.799387e+002  1.808281e+002
 1.051440e-002  2.692907e+002  1.805595e+002
 1.097154e-002  2.647447e+002  1.802910e+002
 1.142869e-002  2.591737e+002  1.800225e+002
 1.188584e-002  2.486527e+002  1.797540e+002
 1.234298e-002  2.472333e+002  1.794854e+002
 1.280013e-002  2.429745e+002  1.792169e+002
 1.325728e-002  2.376011e+002  1.789484e+002
 1.371442e-002  2.393717e+002  1.786799e+002
 1.417157e-002  2.390664e+002  1.784113e+002
 1.462871e-002  2.337621e+002  1.781428e+002
 1.508586e-002  2.310062e+002  1.778743e+002
 1.554300e-002  2.290389e+002  1.776058e+002
 1.600015e-002  2.303092e+002  1.773372e+002
 1.645729e-002  2.248730e+002  1.770687e+002
 1.691444e-002  2.239323e+002  1.768002e+002
 1.737158e-002  2.219805e+002  1.765317e+002
 1.782872e-002  2.202386e+002  1.762631e+002
 1.828587e-002  2.193879e+002  1.759946e+002
 1.874301e-002  2.170474e+002  1.757261e+002
 1.920016e-002  2.173647e+002  1.754576e+002
 1.965730e-002  2.149756e+002  1.751890e+002
 2.011444e-002  2.136842e+002  1.748809e+002
 2.057158e-002  2.139174e+002  1.744543e+002
 2.102873e-002  2.115689e+002  1.740276e+002
 2.148587e-002  2.109571e+002  1.736009e+002
 2.194301e-002  2.100744e+002  1.731742e+002
 2.240015e-002  2.079492e+002  1.727476e+002
 2.285729e-002  2.069779e+002  1.723209e+002
 2.331443e-002  2.057194e+002  1.718942e+002
 2.377157e-002  2.051101e+002  1.714676e+002
 2.422871e-002  2.030592e+002  1.710409e+002
 2.468585e-002  2.007509e+002  1.706142e+002
 2.514299e-002  2.009793e+002  1.701876e+002
 2.560013e-002  1.998412e+002  1.697609e+002
 2.605727e-002  1.989394e+002  1.693342e+002
 2.651441e-002  1.974557e+002  1.689076e+002
 2.697155e-002  1.961840e+002  1.684809e+002
 2.742869e-002  1.956144e+002  1.680542e+002
 2.788582e-002  1.946652e+002  1.676276e+002
 2.834296e-002  1.941302e+002  1.672009e+002
 2.880010e-002  1.919890e+002  1.667742e+002
 2.925724e-002  1.917223e+002  1.663476e+002
 2.971437e-002  1.902326e+002  1.659209e+002
 3.017151e-002  1.900077e+002  1.654458e+002
 3.062864e-002  1.887605e+002  1.648900e+002
 3.108578e-002  1.867964e+002  1.643342e+002
 3.154291e-002  1.864227e+002  1.637784e+002
 3.200005e-002  1.859480e+002  1.632226e+002
 3.245718e-002  1.839278e+002  1.626668e+002
 3.291431e-002  1.836562e+002  1.621110e+002
 3.337145e-002  1.822641e+002  1.615552e+002
 3.382858e-002  1.822058e+002  1.609994e+002
 3.428571e-002  1.805072e+002  1.604436e+002
 3.474284e-002  1.798502e+002  1.598878e+002
 3.519997e-002  1.782028e+002  1.593320e+002
 3.565711e-002  1.779461e+002  1.587762e+002
 3.611424e-002  1.759458e+002  1.582204e+002
 3.657137e-002  1.749494e+002  1.576646e+002
 3.702849e-002  1.743088e+002  1.571088e+002
 3.748562e-002  1.719162e+002  1.565530e+002
 3.794275e-002  1.725232e+002  1.559972e+002
 3.839988e-002  1.712448e+002  1.554414e+002
 3.885701e-002  1.695797e+002  1.548856e+002
 3.931414e-002  1.698221e+002  1.543298e+002
 3.977126e-002  1.682878e+002  1.537741e+002
 4.022839e-002  1.665767e+002  1.531717e+002
 4.068551e-002  1.659178e+002  1.525226e+002
 4.114264e-002  1.649524e+002  1.518735e+002
 4.159976e-002  1.637974e+002  1.512244e+002
 4.205689e-002  1.634872e+002  1.505753e+002
 4.251401e-002  1.619295e+002  1.499262e+002
 4.297113e-002  1.608924e+002  1.492772e+002
 4.342826e-002  1.592385e+002  1.486281e+002
 4.388538e-002  1.588505e+002  1.479790e+002
 4.434250e-002  1.574687e+002  1.473299e+002
 4.479962e-002  1.566783e+002  1.466808e+002
 4.525674e-002  1.564781e+002  1.460318e+002
 4.571386e-002  1.545405e+002  1.453827e+002
 4.617098e-002  1.545057e+002  1.447336e+002
 4.662810e-002  1.529602e+002  1.440845e+002
 4.708521e-002  1.509483e+002  1.434355e+002
 4.754233e-002  1.511499e+002  1.427864e+002
 4.799945e-002  1.498134e+002  1.421373e+002
 4.845656e-002  1.487507e+002  1.414883e+002
 4.891368e-002  1.480874e+002  1.408392e+002
 4.937079e-002  1.463953e+002  1.401901e+002
 4.982791e-002  1.454335e+002  1.395410e+002
 5.028502e-002  1.443534e+002  1.388580e+002
 5.074213e-002  1.438035e+002  1.381545e+002
 5.119925e-002  1.429337e+002  1.374510e+002
 5.165636e-002  1.410815e+002  1.367475e+002
 5.211347e-002  1.412086e+002  1.360440e+002
 5.257058e-002  1.396983e+002  1.353405e+002
 5.302769e-002  1.394804e+002  1.346370e+002
 5.348480e-002  1.375303e+002  1.339335e+002
 5.394190e-002  1.364957e+002  1.332300e+002
 5.439901e-002  1.359959e+002  1.325265e+002
 5.485612e-002  1.342324e+002  1.318230e+002
 5.531322e-002  1.337738e+002  1.311196e+002
 5.577033e-002  1.326608e+002  1.304161e+002
 5.622743e-002  1.322845e+002  1.297126e+002
 5.668454e-002  1.307311e+002  1.290091e+002
 5.714164e-002  1.298951e+002  1.283056e+002
 5.759874e-002  1.291653e+002  1.276021e+002
 5.805585e-002  1.273852e+002  1.268986e+002
 5.851295e-002  1.276240e+002  1.261951e+002
 5.897005e-002  1.263825e+002  1.254916e+002
 5.942715e-002  1.254754e+002  1.247882e+002
 5.988425e-002  1.239501e+002  1.240847e+002
 6.034134e-002  1.227777e+002  1.233690e+002
 6.079844e-002  1.227677e+002  1.226491e+002
 6.125554e-002  1.213235e+002  1.219292e+002
 6.171263e-002  1.202764e+002  1.212093e+002
 6.216973e-002  1.194646e+002  1.204894e+002
 6.262682e-002  1.188013e+002  1.197695e+002
 6.308392e-002  1.180907e+002  1.190496e+002
 6.354101e-002  1.167506e+002  1.183297e+002
 6.399810e-002  1.159594e+002  1.176099e+002
 6.445519e-002  1.153137e+002  1.168900e+002
 6.491228e-002  1.143841e+002  1.161701e+002
 6.536937e-002  1.129729e+002  1.154502e+002
 6.582646e-002  1.127271e+002  1.147304e+002
 6.628355e-002  1.114290e+002  1.140105e+002
 6.674063e-002  1.108100e+002  1.132906e+002
 6.719772e-002  1.094525e+002  1.125707e+002
 6.765480e-002  1.087192e+002  1.118509e+002
 6.811189e-002  1.083639e+002  1.111310e+002
 6.856897e-002  1.074271e+002  1.104111e+002
 6.902605e-002  1.061796e+002  1.096913e+002
 6.948314e-002  1.062681e+002  1.089714e+002
 6.994022e-002  1.046062e+002  1.082515e+002
 7.039730e-002  1.042837e+002  1.075468e+002
 7.085438e-002  1.031675e+002  1.068442e+002
 7.131145e-002  1.025391e+002  1.061417e+002
 7.176853e-002  1.019944e+002  1.054392e+002
 7.222561e-002  1.006950e+002  1.047367e+002
 7.268268e-002  1.004020e+002  1.040341e+002
 7.313976e-002  9.952398e+001  1.033316e+002
 7.359683e-002  9.835676e+001  1.026291e+002
 7.405390e-002  9.770231e+001  1.019266e+002
 7.451097e-002  9.698500e+001  1.012241e+002
 7.496804e-002  9.654856e+001  1.005216e+002
 7.542511e-002  9.574059e+001  9.981905e+001
 7.588218e-002  9.413459e+001  9.911654e+001
 7.633925e-002  9.376673e+001  9.841403e+001
 7.679632e-002  9.335886e+001  9.771151e+001
 7.725338e-002  9.251958e+001  9.700902e+001
 7.771045e-002  9.175478e+001  9.630650e+001
 7.816751e-002  9.133258e+001  9.560401e+001
 7.862457e-002  9.028134e+001  9.490151e+001
 7.908164e-002  8.956276e+001  9.419900e+001
 7.953870e-002  8.887223e+001  9.349650e+001
 7.999576e-002  8.792669e+001  9.279400e+001
 8.045282e-002  8.751067e+001  9.213536e+001
 8.090987e-002  8.693712e+001  9.147714e+001
 8.136693e-002  8.559460e+001  9.081891e+001
 8.182399e-002  8.533067e+001  9.016068e+001
 8.228104e-002  8.457677e+001  8.950246e+001
 8.273809e-002  8.361807e+001  8.884424e+001
 8.319515e-002  8.339923e+001  8.818601e+001
 8.365220e-002  8.236658e+001  8.752779e+001
 8.410925e-002  8.215460e+001  8.686958e+001
 8.456630e-002  8.136273e+001  8.621136e+001
 8.502335e-002  8.033230e+001  8.555314e+001
 8.548039e-002  7.996851e+001  8.489494e+001
 8.593744e-002  7.859616e+001  8.423672e+001
 8.639449e-002  7.858801e+001  8.357850e+001
 8.685153e-002  7.792944e+001  8.292030e+001
 8.730857e-002  7.736304e+001  8.226210e+001
 8.776561e-002  7.659239e+001  8.160389e+001
 8.822265e-002  7.542352e+001  8.094569e+001
 8.867969e-002  7.580597e+001  8.028749e+001
 8.913673e-002  7.492971e+001  7.962928e+001
 8.959377e-002  7.419931e+001  7.897108e+001
 9.005081e-002  7.326155e+001  7.831988e+001
 9.050784e-002  7.295561e+001  7.772466e+001
 9.096487e-002  7.211385e+001  7.712943e+001
 9.142191e-002  7.207051e+001  7.653420e+001
 9.187894e-002  7.170421e+001  7.593898e+001
 9.233597e-002  7.087369e+001  7.534376e+001
 9.279300e-002  6.982981e+001  7.474853e+001
 9.325003e-002  6.968073e+001  7.415331e+001
 9.370705e-002  6.905813e+001  7.355810e+001
 9.416408e-002  6.849016e+001  7.296288e+001
 9.462110e-002  6.755722e+001  7.236767e+001
 9.507813e-002  6.751136e+001  7.177245e+001
 9.553515e-002  6.667888e+001  7.117724e+001
 9.599217e-002  6.609087e+001  7.058204e+001
 9.644919e-002  6.550177e+001  6.998683e+001
 9.690621e-002  6.483093e+001  6.939162e+001
 9.736322e-002  6.428286e+001  6.879642e+001
 9.782024e-002  6.409273e+001  6.820121e+001
 9.827725e-002  6.340135e+001  6.760602e+001
 9.873427e-002  6.267968e+001  6.701081e+001
 9.919128e-002  6.198319e+001  6.641561e+001
 9.964829e-002  6.189109e+001  6.582042e+001
 1.001053e-001  6.129647e+001  6.524209e+001
 1.005623e-001  6.046304e+001  6.472012e+001
 1.010193e-001  6.003246e+001  6.419816e+001
 1.014763e-001  5.985991e+001  6.367619e+001
 1.019333e-001  5.894707e+001  6.315422e+001
 1.023903e-001  5.918847e+001  6.263225e+001
 1.028473e-001  5.815544e+001  6.211028e+001
 1.033043e-001  5.794565e+001  6.158831e+001
 1.037613e-001  5.711860e+001  6.106634e+001
 1.042183e-001  5.656034e+001  6.054438e+001
 1.046753e-001  5.638001e+001  6.002241e+001
 1.051323e-001  5.578347e+001  5.950044e+001
 1.055893e-001  5.517230e+001  5.897847e+001
 1.060463e-001  5.477099e+001  5.845650e+001
 1.065033e-001  5.401813e+001  5.793453e+001
 1.069603e-001  5.411308e+001  5.741256e+001
 1.074173e-001  5.333381e+001  5.689060e+001
 1.078743e-001  5.282892e+001  5.636863e+001
 1.083313e-001  5.239548e+001  5.584666e+001
 1.087882e-001  5.199223e+001  5.532480e+001
 1.092452e-001  5.179904e+001  5.480284e+001
 1.097022e-001  5.128344e+001  5.428087e+001
 1.101592e-001  5.099033e+001  5.378531e+001
 1.106162e-001  5.022283e+001  5.333916e+001
 1.110731e-001  4.965979e+001  5.289311e+001
 1.115301e-001  4.889687e+001  5.244697e+001
 1.119871e-001  4.874938e+001  5.200082e+001
 1.124441e-001  4.852682e+001  5.155467e+001
 1.129010e-001  4.835510e+001  5.110862e+001
 1.133580e-001  4.802733e+001  5.066247e+001
 1.138150e-001  4.743599e+001  5.021632e+001
 1.142719e-001  4.724781e+001  4.977027e+001
 1.147289e-001  4.635861e+001  4.932412e+001
 1.151859e-001  4.596056e+001  4.887798e+001
 1.156428e-001  4.547492e+001  4.843193e+001
 1.160998e-001  4.525034e+001  4.798578e+001
 1.165568e-001  4.488289e+001  4.753963e+001
 1.170137e-001  4.459238e+001  4.709358e+001
 1.174707e-001  4.400963e+001  4.664743e+001
 1.179276e-001  4.371258e+001  4.620138e+001
 1.183846e-001  4.298010e+001  4.575523e+001
 1.188415e-001  4.287037e+001  4.530918e+001
 1.192985e-001  4.279334e+001  4.486303e+001
 1.197554e-001  4.234622e+001  4.441698e+001
 1.202124e-001  4.171942e+001  4.400447e+001
 1.206693e-001  4.152416e+001  4.363077e+001
 1.211263e-001  4.104764e+001  4.325700e+001
 1.215832e-001  4.067026e+001  4.288330e+001
 1.220402e-001  4.096085e+001  4.250952e+001
 1.224971e-001  4.051739e+001  4.213583e+001
 1.229540e-001  3.977346e+001  4.176213e+001
 1.234110e-001  3.921680e+001  4.138835e+001
 1.238679e-001  3.921991e+001  4.101466e+001
 1.243248e-001  3.888357e+001  4.064096e+001
 1.247818e-001  3.815124e+001  4.026719e+001
 1.252387e-001  3.829807e+001  3.989349e+001
 1.256956e-001  3.744736e+001  3.951979e+001
 1.261526e-001  3.788269e+001  3.914602e+001
 1.266095e-001  3.679764e+001  3.877232e+001
 1.270664e-001  3.661412e+001  3.839862e+001
 1.275233e-001  3.688899e+001  3.802493e+001
 1.279803e-001  3.605501e+001  3.765115e+001
 1.284372e-001  3.552532e+001  3.727746e+001
 1.288941e-001  3.556086e+001  3.690376e+001
 1.293510e-001  3.516761e+001  3.653006e+001
 1.298079e-001  3.480725e+001  3.615637e+001
 1.302648e-001  3.499180e+001  3.582025e+001
 1.307218e-001  3.412877e+001  3.551133e+001
 1.311787e-001  3.393900e+001  3.520247e+001
 1.316356e-001  3.377598e+001  3.489362e+001
 1.320925e-001  3.341767e+001  3.458476e+001
 1.325494e-001  3.315164e+001  3.427591e+001
 1.330063e-001  3.273821e+001  3.396706e+001
 1.334632e-001  3.227196e+001  3.365820e+001
 1.339201e-001  3.203328e+001  3.334935e+001
 1.343770e-001  3.229203e+001  3.304049e+001
 1.348339e-001  3.169981e+001  3.273164e+001
 1.352908e-001  3.122122e+001  3.242278e+001
 1.357477e-001  3.125647e+001  3.211393e+001
 1.362046e-001  3.072023e+001  3.180507e+001
 1.366615e-001  3.052643e+001  3.149622e+001
 1.371183e-001  2.984561e+001  3.118743e+001
 1.375752e-001  2.956104e+001  3.087857e+001
 1.380321e-001  2.981517e+001  3.056972e+001
 1.384890e-001  2.936944e+001  3.026087e+001
 1.389459e-001  2.967767e+001  2.995201e+001
 1.394028e-001  2.869784e+001  2.964316e+001
 1.398596e-001  2.880917e+001  2.933437e+001
 1.403165e-001  2.853236e+001  2.906382e+001
 1.407734e-001  2.822988e+001  2.881027e+001
 1.412303e-001  2.798303e+001  2.855672e+001
 1.416871e-001  2.768788e+001  2.830322e+001
 1.421440e-001  2.734724e+001  2.804967e+001
 1.426009e-001  2.737600e+001  2.779612e+001
 1.430577e-001  2.696863e+001  2.754262e+001
 1.435146e-001  2.609698e+001  2.728907e+001
 1.439714e-001  2.633792e+001  2.703557e+001
 1.444283e-001  2.647906e+001  2.678202e+001
 1.448852e-001  2.650122e+001  2.652846e+001
 1.453420e-001  2.560276e+001  2.627497e+001
 1.457989e-001  2.534875e+001  2.602142e+001
 1.462557e-001  2.513837e+001  2.576792e+001
 1.467126e-001  2.503431e+001  2.551437e+001
 1.471694e-001  2.477081e+001  2.526087e+001
 1.476263e-001  2.440433e+001  2.500732e+001
 1.480831e-001  2.421970e+001  2.475382e+001
 1.485400e-001  2.406618e+001  2.450027e+001
 1.489968e-001  2.390634e+001  2.424677e+001
 1.494536e-001  2.374309e+001  2.399327e+001
 1.499105e-001  2.346820e+001  2.373972e+001
 1.503673e-001  2.311416e+001  2.352281e+001
 1.508241e-001  2.289831e+001  2.331481e+001
 1.512810e-001  2.262079e+001  2.310676e+001
 1.517378e-001  2.219704e+001  2.289876e+001
 1.521946e-001  2.231753e+001  2.269076e+001
 1.526515e-001  2.207235e+001  2.248272e+001
 1.531083e-001  2.198381e+001  2.227472e+001
 1.535651e-001  2.189029e+001  2.206672e+001
 1.540219e-001  2.145562e+001  2.185872e+001
 1.544787e-001  2.128119e+001  2.165072e+001
 1.549356e-001  2.081093e+001  2.144267e+001
 1.553924e-001  2.107150e+001  2.123467e+001
 1.558492e-001  2.098189e+001  2.102667e+001
 1.563060e-001  2.039869e+001  2.081867e+001
 1.567628e-001  2.040453e+001  2.061067e+001
 1.572196e-001  2.047957e+001  2.040267e+001
 1.576764e-001  1.987169e+001  2.019467e+001
 1.581332e-001  1.995524e+001  1.998667e+001
 1.585900e-001  1.953522e+001  1.977867e+001
 1.590468e-001  1.922526e+001  1.957067e+001
 1.595036e-001  1.898876e+001  1.936267e+001
 1.599604e-001  1.915613e+001  1.915467e+001
 1.604172e-001  1.890170e+001  1.898023e+001
 1.608740e-001  1.858360e+001  1.880896e+001
 1.613308e-001  1.856479e+001  1.863770e+001
 1.617875e-001  1.839510e+001  1.846648e+001
 1.622443e-001  1.849523e+001  1.829521e+001
 1.627011e-001  1.824826e+001  1.812395e+001
 1.631579e-001  1.783526e+001  1.795269e+001
 1.636147e-001  1.786587e+001  1.778142e+001
 1.640714e-001  1.753054e+001  1.761020e+001
 1.645282e-001  1.736523e+001  1.743894e+001
 1.649850e-001  1.724310e+001  1.726767e+001
 1.654418e-001  1.713761e+001  1.709641e+001
 1.658985e-001  1.680754e+001  1.692519e+001
 1.663553e-001  1.679173e+001  1.675392e+001
 1.668121e-001  1.656894e+001  1.658266e+001
 1.672688e-001  1.627155e+001  1.641143e+001
 1.677256e-001  1.636125e+001  1.624017e+001
 1.681823e-001  1.608921e+001  1.606895e+001
 1.686391e-001  1.625415e+001  1.589768e+001
 1.690958e-001  1.580157e+001  1.572646e+001
 1.695526e-001  1.564424e+001  1.555520e+001
 1.700093e-001  1.556287e+001  1.538458e+001
 1.704661e-001  1.523908e+001  1.524303e+001
 1.709228e-001  1.484448e+001  1.510152e+001
 1.713796e-001  1.501514e+001  1.495998e+001
 1.718363e-001  1.447469e+001  1.481847e+001
 1.722930e-001  1.484254e+001  1.467697e+001
 1.727498e-001  1.465845e+001  1.453542e+001
 1.732065e-001  1.432608e+001  1.439391e+001
 1.736632e-001  1.427562e+001  1.425241e+001
 1.741200e-001  1.440477e+001  1.411086e+001
 1.745767e-001  1.391567e+001  1.396935e+001
 1.750334e-001  1.400437e+001  1.382785e+001
 1.754901e-001  1.380589e+001  1.368634e+001
 1.759468e-001  1.341222e+001  1.354483e+001
 1.764036e-001  1.349550e+001  1.340329e+001
 1.768603e-001  1.348889e+001  1.326178e+001
 1.773170e-001  1.299320e+001  1.312027e+001
 1.777737e-001  1.307170e+001  1.297876e+001
 1.782304e-001  1.309718e+001  1.283725e+001
 1.786871e-001  1.273507e+001  1.269574e+001
 1.791438e-001  1.269303e+001  1.255423e+001
 1.796005e-001  1.265212e+001  1.241272e+001
 1.800572e-001  1.264376e+001  1.227429e+001
 1.805139e-001  1.245283e+001  1.215741e+001
 1.809706e-001  1.210907e+001  1.204052e+001
 1.814273e-001  1.210203e+001  1.192363e+001
 1.818840e-001  1.155122e+001  1.180675e+001
 1.823407e-001  1.179513e+001  1.168986e+001
 1.827974e-001  1.193999e+001  1.157298e+001
 1.832540e-001  1.186733e+001  1.145612e+001
 1.837107e-001  1.146390e+001  1.133923e+001
 1.841674e-001  1.153523e+001  1.122234e+001
 1.846241e-001  1.172601e+001  1.110546e+001
 1.850808e-001  1.130665e+001  1.098857e+001
 1.855374e-001  1.120240e+001  1.087171e+001
 1.859941e-001  1.087346e+001  1.075483e+001
 1.864508e-001  1.101049e+001  1.063794e+001
 1.869074e-001  1.072449e+001  1.052108e+001
 1.873641e-001  1.048876e+001  1.040419e+001
 1.878207e-001  1.040567e+001  1.028733e+001
 1.882774e-001  1.037976e+001  1.017045e+001
 1.887341e-001  1.062248e+001  1.005356e+001
 1.891907e-001  1.025814e+001  9.936701e+000
 1.896474e-001  1.024444e+001  9.819815e+000
 1.901040e-001  1.001003e+001  9.707781e+000
 1.905607e-001  9.655026e+000  9.612088e+000
 1.910173e-001  9.990666e+000  9.516417e+000
 1.914739e-001  9.845446e+000  9.420745e+000
 1.919306e-001  9.768326e+000  9.325053e+000
 1.923872e-001  9.363566e+000  9.229382e+000
 1.928438e-001  1.002987e+001  9.133710e+000
 1.933005e-001  9.405366e+000  9.038018e+000
 1.937571e-001  9.215786e+000  8.942346e+000
 1.942137e-001  9.180646e+000  8.846675e+000
 1.946703e-001  9.199326e+000  8.751003e+000
 1.951270e-001  9.340346e+000  8.655311e+000
 1.955836e-001  9.217826e+000  8.559639e+000
 1.960402e-001  8.842096e+000  8.463968e+000
 1.964968e-001  8.682086e+000  8.368296e+000
 1.969534e-001  8.770366e+000  8.272625e+000
 1.974100e-001  8.619086e+000  8.176954e+000
 1.978666e-001  8.721286e+000  8.081282e+000
 1.983232e-001  8.682056e+000  7.985611e+000
 1.987798e-001  8.626836e+000  7.889939e+000
 1.992364e-001  8.095606e+000  7.794268e+000
 1.996930e-001  8.292716e+000  7.698596e+000
 2.001496e-001  8.227466e+000  7.609124e+000
 2.006062e-001  8.041836e+000  7.532372e+000
 2.010628e-001  7.952276e+000  7.455620e+000
 2.015194e-001  7.719736e+000  7.378868e+000
 2.019760e-001  8.042686e+000  7.302117e+000
 2.024326e-001  8.185276e+000  7.225365e+000
 2.028891e-001  7.997296e+000  7.148630e+000
 2.033457e-001  7.510966e+000  7.071878e+000
 2.038023e-001  7.742016e+000  6.995126e+000
 2.042588e-001  7.464386e+000  6.918391e+000
 2.047154e-001  7.419606e+000  6.841640e+000
 2.051720e-001  7.414226e+000  6.764888e+000
 2.056285e-001  7.380306e+000  6.688153e+000
 2.060851e-001  7.539346e+000  6.611401e+000
 2.065417e-001  7.315616e+000  6.534649e+000
 2.069982e-001  7.246716e+000  6.457914e+000
 2.074548e-001  7.213356e+000  6.381163e+000
 2.079113e-001  7.442636e+000  6.304428e+000
 2.083679e-001  7.046696e+000  6.227676e+000
 2.088244e-001  7.029256e+000  6.150941e+000
 2.092809e-001  6.898516e+000  6.074206e+000
 2.097375e-001  6.616286e+000  5.997454e+000
 2.101940e-001  6.530806e+000  5.928035e+000
 2.106505e-001  6.796426e+000  5.868515e+000
 2.111071e-001  6.521896e+000  5.808983e+000
 2.115636e-001  6.970566e+000  5.749463e+000
 2.120201e-001  6.422606e+000  5.689943e+000
 2.124767e-001  6.494476e+000  5.630410e+000
 2.129332e-001  6.570096e+000  5.570890e+000
 2.133897e-001  6.413746e+000  5.511370e+000
 2.138462e-001  6.359356e+000  5.451851e+000
 2.143027e-001  6.090996e+000  5.392331e+000
 2.147592e-001  5.890156e+000  5.332811e+000
 2.152157e-001  6.335276e+000  5.273291e+000
 2.156722e-001  6.080666e+000  5.213771e+000
 2.161287e-001  6.045506e+000  5.154251e+000
 2.165852e-001  5.857916e+000  5.094731e+000
 2.170417e-001  5.976416e+000  5.035212e+000
 2.174982e-001  5.848646e+000  4.975692e+000
 2.179547e-001  6.071546e+000  4.916172e+000
 2.184112e-001  5.833046e+000  4.856652e+000
 2.188677e-001  5.796756e+000  4.797132e+000
 2.193242e-001  5.642776e+000  4.737612e+000
 2.197806e-001  5.708266e+000  4.678106e+000
 2.202371e-001  5.588876e+000  4.626675e+000
 2.206936e-001  5.567976e+000  4.582728e+000
 2.211501e-001  5.457996e+000  4.538782e+000
 2.216065e-001  5.424676e+000  4.494845e+000
 2.220630e-001  5.255466e+000  4.450899e+000
 2.225195e-001  5.605446e+000  4.406953e+000
 2.229759e-001  5.390166e+000  4.363016e+000
 2.234324e-001  5.269646e+000  4.319070e+000
 2.238888e-001  5.568786e+000  4.275133e+000
 2.243453e-001  5.752636e+000  4.231187e+000
 2.248017e-001  5.231506e+000  4.187251e+000
 2.252582e-001  5.105656e+000  4.143304e+000
 2.257146e-001  5.223416e+000  4.099368e+000
 2.261710e-001  5.080366e+000  4.055431e+000
 2.266275e-001  5.147826e+000  4.011485e+000
 2.270839e-001  5.011016e+000  3.967548e+000
 2.275403e-001  4.964626e+000  3.923612e+000
 2.279968e-001  4.835866e+000  3.879665e+000
 2.284532e-001  4.699136e+000  3.835729e+000
 2.289096e-001  4.780236e+000  3.791792e+000
 2.293660e-001  4.605056e+000  3.747856e+000
 2.298225e-001  4.603896e+000  3.703909e+000
 2.302789e-001  4.778826e+000  3.668319e+000
 2.307353e-001  4.515616e+000  3.638040e+000
 2.311917e-001  4.321586e+000  3.607761e+000
 2.316481e-001  4.680116e+000  3.577483e+000
 2.321045e-001  4.511876e+000  3.547204e+000
 2.325609e-001  4.572306e+000  3.516925e+000
 2.330173e-001  4.640256e+000  3.486646e+000
 2.334737e-001  4.564256e+000  3.456368e+000
 2.339301e-001  4.490296e+000  3.426089e+000
 2.343865e-001  4.242656e+000  3.395810e+000
 2.348428e-001  4.471466e+000  3.365538e+000
 2.352992e-001  4.655636e+000  3.335259e+000
 2.357556e-001  4.533996e+000  3.304980e+000
 2.362120e-001  4.352886e+000  3.274702e+000
 2.366683e-001  4.433196e+000  3.244429e+000
 2.371247e-001  4.289616e+000  3.214151e+000
 2.375811e-001  4.357716e+000  3.183872e+000
 2.380374e-001  4.579836e+000  3.153600e+000
 2.384938e-001  3.947986e+000  3.123321e+000
 2.389502e-001  3.961596e+000  3.093042e+000
 2.394065e-001  4.096296e+000  3.062770e+000
 2.398629e-001  4.241926e+000  3.032491e+000
 2.403192e-001  4.105166e+000  3.010163e+000
 2.407755e-001  3.849576e+000  2.991247e+000
 2.412319e-001  3.902176e+000  2.972327e+000
 2.416882e-001  4.089856e+000  2.953412e+000
 2.421446e-001  3.904136e+000  2.934492e+000
 2.426009e-001  3.868666e+000  2.915576e+000
 2.430572e-001  3.636246e+000  2.896660e+000
 2.435135e-001  3.651556e+000  2.877744e+000
 2.439699e-001  3.662136e+000  2.858824e+000
 2.444262e-001  3.849916e+000  2.839908e+000
 2.448825e-001  4.062376e+000  2.820992e+000
 2.453388e-001  3.683676e+000  2.802076e+000
 2.457951e-001  3.530696e+000  2.783160e+000
 2.462514e-001  3.721236e+000  2.764244e+000
 2.467077e-001  4.057236e+000  2.745329e+000
 2.471640e-001  3.712266e+000  2.726413e+000
 2.476203e-001  3.379756e+000  2.707497e+000
 2.480766e-001  3.624966e+000  2.688581e+000
 2.485329e-001  3.545826e+000  2.669665e+000
 2.489892e-001  3.505316e+000  2.650749e+000
 2.494455e-001  3.726536e+000  2.631833e+000
 2.499018e-001  3.186276e+000  2.612917e+000
 2.503581e-001  3.550256e+000  2.600857e+000
 2.508143e-001  3.594896e+000  2.590678e+000
 2.512706e-001  3.320536e+000  2.580498e+000
 2.517269e-001  3.738456e+000  2.570317e+000
 2.521831e-001  3.712746e+000  2.560138e+000
 2.526394e-001  3.631246e+000  2.549958e+000
 2.530957e-001  3.492606e+000  2.539777e+000
 2.535519e-001  3.333926e+000  2.529598e+000
 2.540082e-001  3.212186e+000  2.519418e+000
 2.544644e-001  3.621886e+000  2.509239e+000
 2.549207e-001  3.420396e+000  2.499058e+000
 2.553769e-001  3.389036e+000  2.488880e+000
 2.558332e-001  3.375976e+000  2.478699e+000
 2.562894e-001  3.377836e+000  2.468521e+000
 2.567456e-001  3.425086e+000  2.458342e+000
 2.572019e-001  3.301136e+000  2.448162e+000
 2.576581e-001  3.392436e+000  2.437983e+000
 2.581143e-001  3.188996e+000  2.427805e+000
 2.585705e-001  3.436386e+000  2.417626e+000
 2.590268e-001  3.339906e+000  2.407445e+000
 2.594830e-001  3.000826e+000  2.397267e+000
 2.599392e-001  3.301066e+000  2.387088e+000
 2.603954e-001  2.990526e+000  2.382120e+000
 2.608516e-001  2.729606e+000  2.377952e+000
 2.613078e-001  3.107646e+000  2.373785e+000
 2.617640e-001  3.107976e+000  2.369617e+000
 2.622202e-001  2.979186e+000  2.365449e+000
 2.626764e-001  3.179236e+000  2.361282e+000
 2.631326e-001  2.986986e+000  2.357114e+000
 2.635887e-001  3.121076e+000  2.352948e+000
 2.640449e-001  2.813866e+000  2.348780e+000
 2.645011e-001  3.138146e+000  2.344612e+000
 2.649573e-001  2.945646e+000  2.340445e+000
 2.654135e-001  3.063606e+000  2.336277e+000
 2.658696e-001  3.064186e+000  2.332110e+000
 2.663258e-001  3.059816e+000  2.327943e+000
 2.667819e-001  2.985346e+000  2.323776e+000
 2.672381e-001  2.786016e+000  2.319609e+000
 2.676943e-001  3.009066e+000  2.315441e+000
 2.681504e-001  2.964316e+000  2.311274e+000
 2.686066e-001  2.989236e+000  2.307107e+000
 2.690627e-001  2.946366e+000  2.302940e+000
 2.695188e-001  2.780686e+000  2.298773e+000
 2.699750e-001  2.930076e+000  2.294606e+000
 2.704311e-001  2.982526e+000  2.293695e+000
 2.708872e-001  3.012756e+000  2.292973e+000
 2.713434e-001  2.918386e+000  2.292251e+000
 2.717995e-001  2.781696e+000  2.291530e+000
 2.722556e-001  2.914026e+000  2.290808e+000
 2.727117e-001  2.948556e+000  2.290086e+000
 2.731678e-001  3.037096e+000  2.289364e+000
 2.736240e-001  2.696926e+000  2.288642e+000
 2.740801e-001  2.815166e+000  2.287921e+000
 2.745362e-001  2.952396e+000  2.287199e+000
 2.749923e-001  2.988936e+000  2.286477e+000
 2.754484e-001  2.445036e+000  2.285755e+000
 2.759045e-001  2.645996e+000  2.285033e+000
 2.763605e-001  2.742806e+000  2.284312e+000
 2.768166e-001  2.883186e+000  2.283590e+000
 2.772727e-001  2.740576e+000  2.282868e+000
 2.777288e-001  2.230566e+000  2.282146e+000
 2.781849e-001  2.556406e+000  2.281425e+000
 2.786409e-001  2.879236e+000  2.280703e+000
 2.790970e-001  2.994026e+000  2.279981e+000
 2.795531e-001  2.675376e+000  2.279259e+000
 2.800091e-001  2.702136e+000  2.278564e+000
 2.804652e-001  2.598686e+000  2.279131e+000
 2.809212e-001  2.787586e+000  2.279698e+000
 2.813773e-001  2.459226e+000  2.280265e+000
 2.818333e-001  2.565636e+000  2.280832e+000
 2.822894e-001  2.539646e+000  2.281399e+000
 2.827454e-001  2.480656e+000  2.281966e+000
 2.832015e-001  2.461146e+000  2.282533e+000
 2.836575e-001  2.610726e+000  2.283100e+000
 2.841135e-001  2.556006e+000  2.283667e+000
 2.845695e-001  2.283916e+000  2.284234e+000
 2.850256e-001  2.381656e+000  2.284801e+000
 2.854816e-001  2.844896e+000  2.285368e+000
 2.859376e-001  2.726126e+000  2.285935e+000
 2.863936e-001  2.402846e+000  2.286502e+000
 2.868496e-001  2.278556e+000  2.287069e+000
 2.873056e-001  2.625726e+000  2.287636e+000
 2.877616e-001  2.480246e+000  2.288203e+000
 2.882176e-001  2.611466e+000  2.288770e+000
 2.886736e-001  2.685616e+000  2.289337e+000
 2.891296e-001  2.621336e+000  2.289904e+000
 2.895856e-001  2.515776e+000  2.290471e+000
 2.900416e-001  2.692846e+000  2.291011e+000
 2.904975e-001  2.472126e+000  2.291283e+000
 2.909535e-001  2.587986e+000  2.291556e+000
 2.914095e-001  2.523836e+000  2.291829e+000
 2.918655e-001  2.460626e+000  2.292102e+000
 2.923214e-001  2.427756e+000  2.292374e+000
 2.927774e-001  2.734526e+000  2.292647e+000
 2.932333e-001  2.069266e+000  2.292920e+000
 2.936893e-001  2.388856e+000  2.293192e+000
 2.941452e-001  2.213516e+000  2.293465e+000
 2.946012e-001  2.402286e+000  2.293738e+000
 2.950571e-001  2.539186e+000  2.294010e+000
 2.955131e-001  2.488616e+000  2.294283e+000
 2.959690e-001  2.505986e+000  2.294556e+000
 2.964249e-001  2.284976e+000  2.294828e+000
 2.968808e-001  2.497876e+000  2.295101e+000
 2.973368e-001  2.421046e+000  2.295374e+000
 2.977927e-001  2.329466e+000  2.295646e+000
 2.982486e-001  2.369236e+000  2.295919e+000
 2.987045e-001  2.076676e+000  2.296192e+000
 2.991604e-001  2.531796e+000  2.296464e+000
 2.996163e-001  2.371866e+000  2.296737e+000
 3.000722e-001  2.052866e+000  2.296814e+000
 3.005281e-001  2.250466e+000  2.295853e+000
 3.009840e-001  2.329086e+000  2.294892e+000
 3.014399e-001  2.094296e+000  2.293930e+000
 3.018958e-001  2.070666e+000  2.292969e+000
 3.023517e-001  2.087606e+000  2.292008e+000
 3.028075e-001  2.176676e+000  2.291047e+000
 3.032634e-001  2.284936e+000  2.290085e+000
 3.037193e-001  2.502436e+000  2.289124e+000
 3.041751e-001  2.173046e+000  2.288163e+000
 3.046310e-001  2.163296e+000  2.287202e+000
 3.050869e-001  2.342436e+000  2.286240e+000
 3.055427e-001  2.248656e+000  2.285279e+000
 3.059986e-001  2.387246e+000  2.284318e+000
 3.064544e-001  2.374916e+000  2.283357e+000
 3.069103e-001  1.857446e+000  2.282396e+000
 3.073661e-001  2.278646e+000  2.281435e+000
 3.078219e-001  2.274966e+000  2.280473e+000
 3.082778e-001  2.112916e+000  2.279512e+000
 3.087336e-001  2.169436e+000  2.278551e+000
 3.091894e-001  2.198476e+000  2.277590e+000
 3.096452e-001  2.094856e+000  2.276629e+000
 3.101010e-001  2.048456e+000  2.275317e+000
 3.105568e-001  2.294176e+000  2.272771e+000
 3.110127e-001  2.329936e+000  2.270224e+000
 3.114685e-001  2.185446e+000  2.267678e+000
 3.119243e-001  2.363476e+000  2.265133e+000
 3.123800e-001  2.045506e+000  2.262587e+000
 3.128358e-001  2.200966e+000  2.260041e+000
 3.132916e-001  2.219126e+000  2.257495e+000
 3.137474e-001  2.235596e+000  2.254949e+000
 3.142032e-001  2.327876e+000  2.252404e+000
 3.146590e-001  2.265896e+000  2.249858e+000
 3.151147e-001  2.312516e+000  2.247312e+000
 3.155705e-001  2.085216e+000  2.244766e+000
 3.160263e-001  2.325986e+000  2.242220e+000
 3.164820e-001  2.170466e+000  2.239675e+000
 3.169378e-001  2.173876e+000  2.237129e+000
 3.173935e-001  2.215466e+000  2.234584e+000
 3.178493e-001  1.771886e+000  2.232038e+000
 3.183050e-001  2.059866e+000  2.229493e+000
 3.187608e-001  1.872106e+000  2.226947e+000
 3.192165e-001  1.936556e+000  2.224401e+000
 3.196722e-001  2.262796e+000  2.221856e+000
 3.201280e-001  1.578316e+000  2.218899e+000
 3.205837e-001  1.547246e+000  2.214889e+000
 3.210394e-001  1.873576e+000  2.210879e+000
 3.214951e-001  2.599966e+000  2.206869e+000
 3.219508e-001  1.989556e+000  2.202859e+000
 3.224065e-001  2.280076e+000  2.198849e+000
 3.228622e-001  1.868146e+000  2.194839e+000
 3.233179e-001  2.332686e+000  2.190828e+000
 3.237736e-001  1.922546e+000  2.186818e+000
 3.242293e-001  2.284366e+000  2.182808e+000
 3.246850e-001  1.845616e+000  2.178798e+000
 3.251407e-001  2.117036e+000  2.174788e+000
 3.255964e-001  2.244476e+000  2.170778e+000
 3.260520e-001  2.226226e+000  2.166769e+000
 3.265077e-001  2.287746e+000  2.162759e+000
 3.269634e-001  2.006116e+000  2.158749e+000
 3.274190e-001  1.881776e+000  2.154740e+000
 3.278747e-001  2.062856e+000  2.150730e+000
 3.283303e-001  1.798986e+000  2.146721e+000
 3.287860e-001  2.051426e+000  2.142711e+000
 3.292416e-001  1.955106e+000  2.138702e+000
 3.296973e-001  2.237966e+000  2.134692e+000
 3.301529e-001  1.941126e+000  2.130331e+000
 3.306085e-001  2.182836e+000  2.125274e+000
 3.310642e-001  1.659976e+000  2.120216e+000
 3.315198e-001  1.685076e+000  2.115159e+000
 3.319754e-001  1.848676e+000  2.110103e+000
 3.324310e-001  2.090536e+000  2.105046e+000
 3.328866e-001  1.881846e+000  2.099989e+000
 3.333423e-001  1.870456e+000  2.094931e+000
 3.337979e-001  2.240076e+000  2.089874e+000
 3.342535e-001  2.204756e+000  2.084817e+000
 3.347090e-001  1.741286e+000  2.079762e+000
 3.351646e-001  1.784936e+000  2.074705e+000
 3.356202e-001  1.847566e+000  2.069648e+000
 3.360758e-001  1.531896e+000  2.064591e+000
 3.365314e-001  1.743106e+000  2.059534e+000
 3.369870e-001  2.232856e+000  2.054478e+000
 3.374425e-001  2.021936e+000  2.049422e+000
 3.378981e-001  2.115196e+000  2.044365e+000
 3.383537e-001  1.492856e+000  2.039308e+000
 3.388092e-001  1.930726e+000  2.034252e+000
 3.392648e-001  1.918996e+000  2.029196e+000
 3.397203e-001  2.092296e+000  2.024140e+000
 3.401759e-001  2.324356e+000  2.018885e+000
 3.406314e-001  2.047996e+000  2.013317e+000
 3.410869e-001  1.922736e+000  2.007749e+000
 3.415425e-001  1.622296e+000  2.002180e+000
 3.419980e-001  1.677846e+000  1.996612e+000
 3.424535e-001  2.048936e+000  1.991044e+000
 3.429090e-001  1.794066e+000  1.985476e+000
 3.433645e-001  2.011886e+000  1.979909e+000
 3.438200e-001  2.228586e+000  1.974341e+000
 3.442755e-001  1.701276e+000  1.968773e+000
 3.447310e-001  1.852286e+000  1.963205e+000
 3.451865e-001  1.699606e+000  1.957637e+000
 3.456420e-001  1.347686e+000  1.952069e+000
 3.460975e-001  1.492976e+000  1.946501e+000
 3.465530e-001  1.753346e+000  1.940933e+000
 3.470085e-001  1.745336e+000  1.935365e+000
 3.474640e-001  1.801726e+000  1.929797e+000
 3.479194e-001  1.872066e+000  1.924230e+000
 3.483749e-001  1.962986e+000  1.918662e+000
 3.488304e-001  2.123266e+000  1.913094e+000
 3.492858e-001  1.874576e+000  1.907528e+000
 3.497413e-001  1.826326e+000  1.901960e+000
 3.501967e-001  1.604776e+000  1.896392e+000
 3.506522e-001  1.653436e+000  1.890823e+000
 3.511076e-001  1.617706e+000  1.885255e+000
 3.515630e-001  1.767206e+000  1.879687e+000
 3.520185e-001  1.592076e+000  1.874118e+000
 3.524739e-001  1.591336e+000  1.868550e+000
 3.529293e-001  1.769066e+000  1.862982e+000
 3.533847e-001  1.885886e+000  1.857414e+000
 3.538401e-001  1.792916e+000  1.851846e+000
 3.542955e-001  1.572826e+000  1.846278e+000
 3.547509e-001  1.827696e+000  1.840710e+000
 3.552063e-001  1.931926e+000  1.835142e+000
 3.556617e-001  1.551456e+000  1.829574e+000
 3.561171e-001  1.736646e+000  1.824006e+000
 3.565725e-001  1.896626e+000  1.818438e+000
 3.570279e-001  1.619946e+000  1.812870e+000
 3.574833e-001  1.810286e+000  1.807302e+000
 3.579386e-001  1.725316e+000  1.801735e+000
 3.583940e-001  1.565576e+000  1.796167e+000
 3.588494e-001  1.942096e+000  1.790599e+000
 3.593047e-001  1.764856e+000  1.785032e+000
 3.597601e-001  1.648456e+000  1.779464e+000
 3.602154e-001  1.902126e+000  1.774081e+000
 3.606708e-001  1.504096e+000  1.768900e+000
 3.611261e-001  1.405716e+000  1.763720e+000
 3.615814e-001  1.562406e+000  1.758541e+000
 3.620368e-001  1.492986e+000  1.753360e+000
 3.624921e-001  1.266146e+000  1.748180e+000
 3.629474e-001  1.931796e+000  1.743001e+000
 3.634027e-001  1.577046e+000  1.737821e+000
 3.638580e-001  1.667346e+000  1.732641e+000
 3.643134e-001  1.679046e+000  1.727460e+000
 3.647687e-001  1.378426e+000  1.722281e+000
 3.652240e-001  1.648956e+000  1.717101e+000
 3.656793e-001  1.692986e+000  1.711922e+000
 3.661345e-001  1.691616e+000  1.706743e+000
 3.665898e-001  1.747956e+000  1.701563e+000
 3.670451e-001  1.485476e+000  1.696384e+000
 3.675004e-001  1.646226e+000  1.691204e+000
 3.679557e-001  1.986616e+000  1.686025e+000
 3.684109e-001  1.869216e+000  1.680846e+000
 3.688662e-001  1.461196e+000  1.675666e+000
 3.693214e-001  1.856566e+000  1.670488e+000
 3.697767e-001  1.567086e+000  1.665308e+000
 3.702319e-001  1.454886e+000  1.660438e+000
 3.706872e-001  1.666866e+000  1.655862e+000
 3.711424e-001  2.005196e+000  1.651288e+000
 3.715977e-001  1.617306e+000  1.646713e+000
 3.720529e-001  1.357136e+000  1.642139e+000
 3.725081e-001  1.423906e+000  1.637565e+000
 3.729633e-001  1.452096e+000  1.632991e+000
 3.734185e-001  1.615376e+000  1.628417e+000
 3.738737e-001  1.547546e+000  1.623843e+000
 3.743290e-001  1.905466e+000  1.619267e+000
 3.747842e-001  1.586296e+000  1.614693e+000
 3.752394e-001  1.506696e+000  1.610119e+000
 3.756945e-001  1.587206e+000  1.605546e+000
 3.761497e-001  1.498596e+000  1.600972e+000
 3.766049e-001  1.765076e+000  1.596398e+000
 3.770601e-001  1.366356e+000  1.591824e+000
 3.775153e-001  1.781196e+000  1.587250e+000
 3.779704e-001  1.599966e+000  1.582676e+000
 3.784256e-001  1.349156e+000  1.578102e+000
 3.788807e-001  1.574106e+000  1.573529e+000
 3.793359e-001  1.526276e+000  1.568955e+000
 3.797910e-001  1.637446e+000  1.564382e+000
 3.802462e-001  1.879876e+000  1.560167e+000
 3.807013e-001  1.747936e+000  1.556259e+000
 3.811565e-001  1.703336e+000  1.552350e+000
 3.816116e-001  1.475006e+000  1.548441e+000
 3.820667e-001  1.601986e+000  1.544533e+000
 3.825218e-001  1.512066e+000  1.540624e+000
 3.829769e-001  1.680086e+000  1.536716e+000
 3.834321e-001  1.580896e+000  1.532806e+000
 3.838872e-001  1.458106e+000  1.528898e+000
 3.843423e-001  1.355006e+000  1.524989e+000
 3.847974e-001  1.819756e+000  1.521081e+000
 3.852524e-001  1.632946e+000  1.517173e+000
 3.857075e-001  1.668996e+000  1.513265e+000
 3.861626e-001  1.786936e+000  1.509356e+000
 3.866177e-001  1.234986e+000  1.505448e+000
 3.870728e-001  1.259436e+000  1.501539e+000
 3.875278e-001  1.328216e+000  1.497632e+000
 3.879829e-001  1.647886e+000  1.493723e+000
 3.884379e-001  1.266876e+000  1.489816e+000
 3.888930e-001  1.113946e+000  1.485907e+000
 3.893480e-001  1.463036e+000  1.481999e+000
 3.898031e-001  1.618416e+000  1.478091e+000
 3.902581e-001  1.673426e+000  1.474524e+000
 3.907131e-001  1.431026e+000  1.471218e+000
 3.911682e-001  1.673596e+000  1.467910e+000
 3.916232e-001  1.863996e+000  1.464604e+000
 3.920782e-001  1.302956e+000  1.461297e+000
 3.925332e-001  1.739816e+000  1.457991e+000
 3.929882e-001  1.428466e+000  1.454684e+000
 3.934432e-001  1.144816e+000  1.451377e+000
 3.938982e-001  1.356266e+000  1.448071e+000
 3.943532e-001  1.600086e+000  1.444764e+000
 3.948082e-001  1.685096e+000  1.441458e+000
 3.952632e-001  1.599456e+000  1.438151e+000
 3.957182e-001  1.362366e+000  1.434845e+000
 3.961731e-001  1.380436e+000  1.431539e+000
 3.966281e-001  1.652196e+000  1.428232e+000
 3.970831e-001  1.442426e+000  1.424926e+000
