dimer_mo  Dro:0.075  Ra:1.400  RGT:19.29  Vol: 21192.  Chi^2:******
  0.000000E+00  0.000000E+00  0.328966E-01
  0.200000E-02  0.000000E+00  0.328803E-01
  0.400000E-02  0.000000E+00  0.328313E-01
  0.600000E-02  0.000000E+00  0.327500E-01
  0.795134E-02  0.392441E-01  0.326396E-01
  0.851930E-02  0.390639E-01  0.326018E-01
  0.908725E-02  0.388709E-01  0.325614E-01
  0.965520E-02  0.388812E-01  0.325184E-01
  0.102232E-01  0.387468E-01  0.324729E-01
  0.107911E-01  0.385419E-01  0.324249E-01
  0.113591E-01  0.383491E-01  0.323744E-01
  0.119270E-01  0.383909E-01  0.323213E-01
  0.124950E-01  0.382201E-01  0.322658E-01
  0.130629E-01  0.383560E-01  0.322078E-01
  0.136309E-01  0.381422E-01  0.321473E-01
  0.141988E-01  0.380167E-01  0.320844E-01
  0.147668E-01  0.377674E-01  0.320190E-01
  0.153347E-01  0.378005E-01  0.319512E-01
  0.159027E-01  0.375275E-01  0.318809E-01
  0.164706E-01  0.374814E-01  0.318083E-01
  0.170386E-01  0.373773E-01  0.317333E-01
  0.176065E-01  0.373019E-01  0.316560E-01
  0.181745E-01  0.372898E-01  0.315763E-01
  0.187424E-01  0.370245E-01  0.314942E-01
  0.193103E-01  0.369477E-01  0.314099E-01
  0.198783E-01  0.368238E-01  0.313233E-01
  0.204462E-01  0.365477E-01  0.312344E-01
  0.210142E-01  0.362636E-01  0.311432E-01
  0.215821E-01  0.360643E-01  0.310498E-01
  0.221501E-01  0.360906E-01  0.309542E-01
  0.227180E-01  0.359257E-01  0.308565E-01
  0.232860E-01  0.357649E-01  0.307565E-01
  0.238539E-01  0.355942E-01  0.306544E-01
  0.244219E-01  0.354635E-01  0.305502E-01
  0.249898E-01  0.352364E-01  0.304439E-01
  0.255577E-01  0.350709E-01  0.303356E-01
  0.261257E-01  0.348571E-01  0.302252E-01
  0.266936E-01  0.346593E-01  0.301127E-01
  0.272616E-01  0.346679E-01  0.299983E-01
  0.278295E-01  0.345019E-01  0.298819E-01
  0.283974E-01  0.342001E-01  0.297636E-01
  0.289654E-01  0.340383E-01  0.296433E-01
  0.295333E-01  0.337523E-01  0.295212E-01
  0.301013E-01  0.335219E-01  0.293972E-01
  0.306692E-01  0.333916E-01  0.292713E-01
  0.312371E-01  0.332128E-01  0.291437E-01
  0.318051E-01  0.329623E-01  0.290142E-01
  0.323730E-01  0.327667E-01  0.288830E-01
  0.329409E-01  0.325950E-01  0.287501E-01
  0.335089E-01  0.324770E-01  0.286155E-01
  0.340768E-01  0.321711E-01  0.284792E-01
  0.346447E-01  0.318932E-01  0.283413E-01
  0.352127E-01  0.316850E-01  0.282018E-01
  0.357806E-01  0.314368E-01  0.280607E-01
  0.363485E-01  0.313238E-01  0.279181E-01
  0.369165E-01  0.311079E-01  0.277739E-01
  0.374844E-01  0.307572E-01  0.276283E-01
  0.380523E-01  0.305881E-01  0.274811E-01
  0.386203E-01  0.303326E-01  0.273326E-01
  0.391882E-01  0.300412E-01  0.271827E-01
  0.397561E-01  0.298113E-01  0.270314E-01
  0.403240E-01  0.296808E-01  0.268788E-01
  0.408920E-01  0.294695E-01  0.267249E-01
  0.414599E-01  0.292410E-01  0.265697E-01
  0.420278E-01  0.290472E-01  0.264133E-01
  0.425957E-01  0.288416E-01  0.262557E-01
  0.431637E-01  0.286632E-01  0.260969E-01
  0.437316E-01  0.284012E-01  0.259369E-01
  0.442995E-01  0.280396E-01  0.257759E-01
  0.448674E-01  0.278387E-01  0.256138E-01
  0.454353E-01  0.276174E-01  0.254506E-01
  0.460033E-01  0.274638E-01  0.252865E-01
  0.465712E-01  0.272278E-01  0.251213E-01
  0.471391E-01  0.269369E-01  0.249552E-01
  0.477070E-01  0.267674E-01  0.247882E-01
  0.482749E-01  0.265346E-01  0.246204E-01
  0.488428E-01  0.263553E-01  0.244516E-01
  0.494107E-01  0.260282E-01  0.242821E-01
  0.499786E-01  0.257674E-01  0.241118E-01
  0.505466E-01  0.255197E-01  0.239407E-01
  0.511145E-01  0.253746E-01  0.237690E-01
  0.516824E-01  0.251252E-01  0.235965E-01
  0.522503E-01  0.248285E-01  0.234234E-01
  0.528182E-01  0.245980E-01  0.232497E-01
  0.533861E-01  0.242700E-01  0.230754E-01
  0.539540E-01  0.240363E-01  0.229005E-01
  0.545219E-01  0.238432E-01  0.227251E-01
  0.550898E-01  0.235853E-01  0.225493E-01
  0.556577E-01  0.233640E-01  0.223730E-01
  0.562256E-01  0.231403E-01  0.221962E-01
  0.567935E-01  0.229487E-01  0.220191E-01
  0.573614E-01  0.227245E-01  0.218416E-01
  0.579293E-01  0.224232E-01  0.216638E-01
  0.584972E-01  0.222054E-01  0.214857E-01
  0.590651E-01  0.219696E-01  0.213073E-01
  0.596330E-01  0.217248E-01  0.211287E-01
  0.602009E-01  0.214739E-01  0.209499E-01
  0.607688E-01  0.213121E-01  0.207709E-01
  0.613366E-01  0.210428E-01  0.205917E-01
  0.619045E-01  0.208091E-01  0.204125E-01
  0.624724E-01  0.205608E-01  0.202332E-01
  0.630403E-01  0.203350E-01  0.200538E-01
  0.636082E-01  0.201096E-01  0.198744E-01
  0.641761E-01  0.199175E-01  0.196950E-01
  0.647440E-01  0.197249E-01  0.195157E-01
  0.653118E-01  0.194856E-01  0.193364E-01
  0.658797E-01  0.191951E-01  0.191572E-01
  0.664476E-01  0.190021E-01  0.189781E-01
  0.670155E-01  0.187566E-01  0.187992E-01
  0.675833E-01  0.184507E-01  0.186205E-01
  0.681512E-01  0.182330E-01  0.184420E-01
  0.687191E-01  0.180271E-01  0.182637E-01
  0.692870E-01  0.177875E-01  0.180857E-01
  0.698548E-01  0.175769E-01  0.179080E-01
  0.704227E-01  0.173424E-01  0.177305E-01
  0.709906E-01  0.171197E-01  0.175535E-01
  0.715584E-01  0.169410E-01  0.173767E-01
  0.721263E-01  0.166792E-01  0.172004E-01
  0.726942E-01  0.164532E-01  0.170245E-01
  0.732620E-01  0.162156E-01  0.168491E-01
  0.738299E-01  0.160190E-01  0.166741E-01
  0.743977E-01  0.158270E-01  0.164996E-01
  0.749656E-01  0.156133E-01  0.163256E-01
  0.755335E-01  0.154070E-01  0.161522E-01
  0.761013E-01  0.152135E-01  0.159793E-01
  0.766692E-01  0.149610E-01  0.158070E-01
  0.772370E-01  0.147058E-01  0.156353E-01
  0.778049E-01  0.145396E-01  0.154642E-01
  0.783727E-01  0.143486E-01  0.152938E-01
  0.789406E-01  0.141111E-01  0.151241E-01
  0.795084E-01  0.138701E-01  0.149550E-01
  0.800762E-01  0.137224E-01  0.147867E-01
  0.806441E-01  0.135360E-01  0.146191E-01
  0.812119E-01  0.133361E-01  0.144522E-01
  0.817798E-01  0.131120E-01  0.142861E-01
  0.823476E-01  0.129073E-01  0.141208E-01
  0.829154E-01  0.126941E-01  0.139564E-01
  0.834833E-01  0.124749E-01  0.137927E-01
  0.840511E-01  0.122902E-01  0.136299E-01
  0.846189E-01  0.121559E-01  0.134679E-01
  0.851868E-01  0.119651E-01  0.133069E-01
  0.857546E-01  0.118000E-01  0.131467E-01
  0.863224E-01  0.115818E-01  0.129874E-01
  0.868902E-01  0.114004E-01  0.128291E-01
  0.874581E-01  0.112339E-01  0.126717E-01
  0.880259E-01  0.110858E-01  0.125152E-01
  0.885937E-01  0.109318E-01  0.123598E-01
  0.891615E-01  0.107275E-01  0.122053E-01
  0.897293E-01  0.105519E-01  0.120518E-01
  0.902971E-01  0.103609E-01  0.118993E-01
  0.908650E-01  0.102088E-01  0.117479E-01
  0.914328E-01  0.100132E-01  0.115974E-01
  0.920006E-01  0.990063E-02  0.114481E-01
  0.925684E-01  0.981826E-02  0.112998E-01
  0.931362E-01  0.961062E-02  0.111525E-01
  0.937040E-01  0.941632E-02  0.110064E-01
  0.942718E-01  0.933370E-02  0.108613E-01
  0.948396E-01  0.916068E-02  0.107173E-01
  0.954074E-01  0.897560E-02  0.105745E-01
  0.959752E-01  0.877391E-02  0.104328E-01
  0.965430E-01  0.862311E-02  0.102922E-01
  0.971108E-01  0.849220E-02  0.101527E-01
  0.976786E-01  0.831631E-02  0.100144E-01
  0.982463E-01  0.820805E-02  0.987721E-02
  0.988141E-01  0.806433E-02  0.974120E-02
  0.993819E-01  0.787568E-02  0.960636E-02
  0.999497E-01  0.780234E-02  0.947269E-02
  0.100517E+00  0.771116E-02  0.934020E-02
  0.101085E+00  0.752176E-02  0.920889E-02
  0.101653E+00  0.737075E-02  0.907877E-02
  0.102221E+00  0.722514E-02  0.894984E-02
  0.102789E+00  0.705350E-02  0.882211E-02
  0.103356E+00  0.696737E-02  0.869558E-02
  0.103924E+00  0.684599E-02  0.857026E-02
  0.104492E+00  0.672450E-02  0.844615E-02
  0.105060E+00  0.661406E-02  0.832325E-02
  0.105627E+00  0.647209E-02  0.820157E-02
  0.106195E+00  0.634801E-02  0.808111E-02
  0.106763E+00  0.618112E-02  0.796186E-02
  0.107331E+00  0.605285E-02  0.784384E-02
  0.107898E+00  0.595760E-02  0.772704E-02
  0.108466E+00  0.586735E-02  0.761146E-02
  0.109034E+00  0.578529E-02  0.749710E-02
  0.109602E+00  0.562907E-02  0.738397E-02
  0.110169E+00  0.551390E-02  0.727205E-02
  0.110737E+00  0.541246E-02  0.716136E-02
  0.111305E+00  0.533075E-02  0.705189E-02
  0.111873E+00  0.523334E-02  0.694364E-02
  0.112440E+00  0.514378E-02  0.683661E-02
  0.113008E+00  0.505618E-02  0.673079E-02
  0.113576E+00  0.496946E-02  0.662619E-02
  0.114144E+00  0.488532E-02  0.652281E-02
  0.114711E+00  0.477752E-02  0.642064E-02
  0.115279E+00  0.465832E-02  0.631968E-02
  0.115847E+00  0.455890E-02  0.621992E-02
  0.116414E+00  0.443927E-02  0.612137E-02
  0.116982E+00  0.435355E-02  0.602401E-02
  0.117550E+00  0.428291E-02  0.592785E-02
  0.118118E+00  0.417695E-02  0.583288E-02
  0.118685E+00  0.408708E-02  0.573910E-02
  0.119253E+00  0.402962E-02  0.564650E-02
  0.119821E+00  0.393684E-02  0.555507E-02
  0.120388E+00  0.386775E-02  0.546481E-02
  0.120956E+00  0.376559E-02  0.537572E-02
  0.121524E+00  0.370776E-02  0.528778E-02
  0.122092E+00  0.363928E-02  0.520100E-02
  0.122659E+00  0.354504E-02  0.511537E-02
  0.123227E+00  0.348888E-02  0.503089E-02
  0.123795E+00  0.335184E-02  0.494754E-02
  0.124362E+00  0.330596E-02  0.486532E-02
  0.124930E+00  0.323047E-02  0.478422E-02
  0.125498E+00  0.320769E-02  0.470424E-02
  0.126065E+00  0.316295E-02  0.462537E-02
  0.126633E+00  0.305872E-02  0.454760E-02
  0.127201E+00  0.294306E-02  0.447093E-02
  0.127768E+00  0.288532E-02  0.439535E-02
  0.128336E+00  0.283484E-02  0.432084E-02
  0.128904E+00  0.281977E-02  0.424740E-02
  0.129471E+00  0.277184E-02  0.417503E-02
  0.130039E+00  0.268801E-02  0.410371E-02
  0.130607E+00  0.262755E-02  0.403344E-02
  0.131174E+00  0.257630E-02  0.396420E-02
  0.131742E+00  0.252443E-02  0.389600E-02
  0.132310E+00  0.245977E-02  0.382881E-02
  0.132877E+00  0.238720E-02  0.376264E-02
  0.133445E+00  0.236161E-02  0.369747E-02
  0.134013E+00  0.230157E-02  0.363329E-02
  0.134580E+00  0.228130E-02  0.357011E-02
  0.135148E+00  0.217946E-02  0.350789E-02
  0.135716E+00  0.210489E-02  0.344665E-02
  0.136283E+00  0.208902E-02  0.338636E-02
  0.136851E+00  0.199404E-02  0.332703E-02
  0.137418E+00  0.198590E-02  0.326863E-02
  0.137986E+00  0.196282E-02  0.321116E-02
  0.138554E+00  0.194721E-02  0.315461E-02
  0.139121E+00  0.189830E-02  0.309897E-02
  0.139689E+00  0.183610E-02  0.304423E-02
  0.140257E+00  0.180092E-02  0.299038E-02
  0.140824E+00  0.178842E-02  0.293741E-02
  0.141392E+00  0.173507E-02  0.288531E-02
  0.141959E+00  0.172416E-02  0.283408E-02
  0.142527E+00  0.167465E-02  0.278369E-02
  0.143095E+00  0.161785E-02  0.273414E-02
  0.143662E+00  0.159060E-02  0.268543E-02
  0.144230E+00  0.157661E-02  0.263754E-02
  0.144797E+00  0.155674E-02  0.259046E-02
  0.145365E+00  0.149038E-02  0.254418E-02
  0.145933E+00  0.143168E-02  0.249870E-02
  0.146500E+00  0.142226E-02  0.245399E-02
  0.147068E+00  0.136819E-02  0.241006E-02
  0.147635E+00  0.126322E-02  0.236689E-02
  0.148203E+00  0.121492E-02  0.232447E-02
  0.148770E+00  0.126088E-02  0.228280E-02
  0.149338E+00  0.123339E-02  0.224185E-02
  0.149906E+00  0.120698E-02  0.220163E-02
  0.150473E+00  0.116978E-02  0.216212E-02
  0.151041E+00  0.116508E-02  0.212332E-02
  0.151608E+00  0.120125E-02  0.208520E-02
  0.152176E+00  0.120911E-02  0.204777E-02
  0.152743E+00  0.111841E-02  0.201102E-02
  0.153311E+00  0.111249E-02  0.197492E-02
  0.153878E+00  0.111666E-02  0.193949E-02
  0.154446E+00  0.106279E-02  0.190469E-02
  0.155014E+00  0.101171E-02  0.187053E-02
  0.155581E+00  0.102023E-02  0.183700E-02
  0.156149E+00  0.977249E-03  0.180409E-02
  0.156716E+00  0.937835E-03  0.177178E-02
  0.157284E+00  0.948087E-03  0.174007E-02
  0.157851E+00  0.953680E-03  0.170895E-02
  0.158419E+00  0.922421E-03  0.167840E-02
  0.158986E+00  0.919254E-03  0.164843E-02
  0.159554E+00  0.920579E-03  0.161902E-02
  0.160121E+00  0.903623E-03  0.159017E-02
  0.160689E+00  0.884271E-03  0.156185E-02
  0.161256E+00  0.881674E-03  0.153407E-02
  0.161824E+00  0.832052E-03  0.150682E-02
  0.162391E+00  0.799256E-03  0.148009E-02
  0.162959E+00  0.786474E-03  0.145387E-02
  0.163526E+00  0.779093E-03  0.142814E-02
  0.164094E+00  0.779794E-03  0.140291E-02
  0.164661E+00  0.788015E-03  0.137817E-02
  0.165229E+00  0.726595E-03  0.135390E-02
  0.165796E+00  0.720563E-03  0.133009E-02
  0.166364E+00  0.721276E-03  0.130675E-02
  0.166931E+00  0.713098E-03  0.128386E-02
  0.167499E+00  0.717076E-03  0.126142E-02
  0.168066E+00  0.723956E-03  0.123941E-02
  0.168634E+00  0.726269E-03  0.121783E-02
  0.169201E+00  0.677855E-03  0.119667E-02
  0.169768E+00  0.654307E-03  0.117593E-02
  0.170336E+00  0.738467E-03  0.115559E-02
  0.170903E+00  0.666200E-03  0.113566E-02
  0.171471E+00  0.613672E-03  0.111611E-02
  0.172038E+00  0.603059E-03  0.109696E-02
  0.172606E+00  0.617588E-03  0.107818E-02
  0.173173E+00  0.594865E-03  0.105977E-02
  0.173741E+00  0.564223E-03  0.104173E-02
  0.174308E+00  0.571609E-03  0.102404E-02
  0.174875E+00  0.578044E-03  0.100671E-02
  0.175443E+00  0.625691E-03  0.989728E-03
  0.176010E+00  0.580939E-03  0.973082E-03
  0.176578E+00  0.527267E-03  0.956769E-03
  0.177145E+00  0.503453E-03  0.940782E-03
  0.177713E+00  0.536282E-03  0.925117E-03
  0.178280E+00  0.527720E-03  0.909767E-03
  0.178847E+00  0.540510E-03  0.894726E-03
  0.179415E+00  0.559567E-03  0.879988E-03
  0.179982E+00  0.549527E-03  0.865548E-03
  0.180550E+00  0.494064E-03  0.851400E-03
  0.181117E+00  0.503777E-03  0.837539E-03
  0.181684E+00  0.515598E-03  0.823959E-03
  0.182252E+00  0.475876E-03  0.810656E-03
  0.182819E+00  0.448004E-03  0.797624E-03
  0.183386E+00  0.460668E-03  0.784859E-03
  0.183954E+00  0.471283E-03  0.772355E-03
  0.184521E+00  0.507532E-03  0.760107E-03
  0.185089E+00  0.457040E-03  0.748112E-03
  0.185656E+00  0.480085E-03  0.736363E-03
  0.186223E+00  0.488910E-03  0.724857E-03
  0.186791E+00  0.505104E-03  0.713589E-03
  0.187358E+00  0.487676E-03  0.702555E-03
  0.187925E+00  0.457098E-03  0.691749E-03
  0.188493E+00  0.438470E-03  0.681169E-03
  0.189060E+00  0.440712E-03  0.670809E-03
  0.189627E+00  0.458475E-03  0.660666E-03
  0.190195E+00  0.520250E-03  0.650735E-03
  0.190762E+00  0.482132E-03  0.641013E-03
  0.191329E+00  0.425656E-03  0.631496E-03
  0.191897E+00  0.405363E-03  0.622179E-03
  0.192464E+00  0.407119E-03  0.613061E-03
  0.193031E+00  0.435522E-03  0.604137E-03
  0.193599E+00  0.457715E-03  0.595404E-03
  0.194166E+00  0.433820E-03  0.586859E-03
  0.194733E+00  0.366392E-03  0.578497E-03
  0.195300E+00  0.372223E-03  0.570317E-03
  0.195868E+00  0.381973E-03  0.562314E-03
  0.196435E+00  0.398227E-03  0.554486E-03
  0.197002E+00  0.384823E-03  0.546830E-03
  0.197570E+00  0.397986E-03  0.539342E-03
  0.198137E+00  0.407534E-03  0.532019E-03
  0.198704E+00  0.380544E-03  0.524860E-03
  0.199271E+00  0.355188E-03  0.517860E-03
  0.199839E+00  0.351757E-03  0.511016E-03
  0.200406E+00  0.352529E-03  0.504327E-03
  0.200973E+00  0.368532E-03  0.497790E-03
  0.201540E+00  0.402867E-03  0.491402E-03
  0.202108E+00  0.386954E-03  0.485160E-03
  0.202675E+00  0.368066E-03  0.479063E-03
  0.203242E+00  0.399965E-03  0.473108E-03
  0.203809E+00  0.385104E-03  0.467292E-03
  0.204377E+00  0.362408E-03  0.461615E-03
  0.204944E+00  0.333390E-03  0.456072E-03
  0.205511E+00  0.353913E-03  0.450663E-03
  0.206078E+00  0.370006E-03  0.445384E-03
  0.206646E+00  0.378191E-03  0.440235E-03
  0.207213E+00  0.364943E-03  0.435213E-03
  0.207780E+00  0.382303E-03  0.430315E-03
  0.208347E+00  0.369493E-03  0.425541E-03
  0.208914E+00  0.353572E-03  0.420888E-03
  0.209482E+00  0.321091E-03  0.416355E-03
  0.210049E+00  0.336802E-03  0.411939E-03
  0.210616E+00  0.379401E-03  0.407638E-03
  0.211183E+00  0.394599E-03  0.403452E-03
  0.211750E+00  0.364217E-03  0.399378E-03
  0.212318E+00  0.349025E-03  0.395415E-03
  0.212885E+00  0.371491E-03  0.391560E-03
  0.213452E+00  0.378455E-03  0.387812E-03
  0.214019E+00  0.305182E-03  0.384169E-03
  0.214586E+00  0.313360E-03  0.380631E-03
  0.215153E+00  0.369471E-03  0.377194E-03
  0.215721E+00  0.353758E-03  0.373859E-03
  0.216288E+00  0.364482E-03  0.370623E-03
  0.216855E+00  0.395081E-03  0.367485E-03
  0.217422E+00  0.369735E-03  0.364443E-03
  0.217989E+00  0.388788E-03  0.361498E-03
  0.218556E+00  0.376782E-03  0.358646E-03
  0.219123E+00  0.437445E-03  0.355888E-03
  0.219690E+00  0.381533E-03  0.353221E-03
  0.220258E+00  0.356507E-03  0.350645E-03
  0.220825E+00  0.334454E-03  0.348159E-03
  0.221392E+00  0.338453E-03  0.345761E-03
  0.221959E+00  0.351225E-03  0.343450E-03
  0.222526E+00  0.318516E-03  0.341223E-03
  0.223093E+00  0.320823E-03  0.339079E-03
  0.223660E+00  0.361498E-03  0.337018E-03
  0.224227E+00  0.366311E-03  0.335038E-03
  0.224794E+00  0.348907E-03  0.333137E-03
  0.225361E+00  0.363493E-03  0.331315E-03
  0.225929E+00  0.374922E-03  0.329569E-03
  0.226496E+00  0.340477E-03  0.327900E-03
  0.227063E+00  0.302002E-03  0.326306E-03
  0.227630E+00  0.327506E-03  0.324786E-03
  0.228197E+00  0.305020E-03  0.323339E-03
  0.228764E+00  0.299479E-03  0.321965E-03
  0.229331E+00  0.343458E-03  0.320662E-03
  0.229898E+00  0.358299E-03  0.319430E-03
  0.230465E+00  0.370346E-03  0.318267E-03
  0.231032E+00  0.309902E-03  0.317173E-03
  0.231599E+00  0.292649E-03  0.316146E-03
  0.232166E+00  0.376141E-03  0.315185E-03
  0.232733E+00  0.359248E-03  0.314288E-03
  0.233300E+00  0.322327E-03  0.313455E-03
  0.233867E+00  0.315463E-03  0.312684E-03
  0.234434E+00  0.333935E-03  0.311973E-03
  0.235001E+00  0.321267E-03  0.311322E-03
  0.235568E+00  0.360370E-03  0.310730E-03
  0.236135E+00  0.357054E-03  0.310195E-03
  0.236702E+00  0.329512E-03  0.309717E-03
  0.237269E+00  0.331192E-03  0.309295E-03
  0.237836E+00  0.326315E-03  0.308927E-03
  0.238403E+00  0.312443E-03  0.308613E-03
  0.238970E+00  0.335735E-03  0.308352E-03
  0.239537E+00  0.330039E-03  0.308143E-03
  0.240104E+00  0.332235E-03  0.307985E-03
  0.240671E+00  0.313691E-03  0.307878E-03
  0.241238E+00  0.293517E-03  0.307819E-03
  0.241805E+00  0.298178E-03  0.307809E-03
  0.242372E+00  0.324627E-03  0.307845E-03
  0.242939E+00  0.332153E-03  0.307927E-03
  0.243506E+00  0.285867E-03  0.308053E-03
  0.244072E+00  0.273323E-03  0.308223E-03
  0.244639E+00  0.295129E-03  0.308435E-03
  0.245206E+00  0.282754E-03  0.308689E-03
  0.245773E+00  0.260931E-03  0.308982E-03
  0.246340E+00  0.287499E-03  0.309315E-03
  0.246907E+00  0.329084E-03  0.309686E-03
  0.247474E+00  0.347774E-03  0.310094E-03
  0.248041E+00  0.343404E-03  0.310538E-03
  0.248608E+00  0.305930E-03  0.311016E-03
  0.249175E+00  0.294256E-03  0.311529E-03
  0.249741E+00  0.344608E-03  0.312075E-03
  0.250308E+00  0.332590E-03  0.312653E-03
  0.250875E+00  0.291101E-03  0.313262E-03
  0.251442E+00  0.293702E-03  0.313901E-03
  0.252009E+00  0.315384E-03  0.314569E-03
  0.252576E+00  0.306262E-03  0.315265E-03
  0.253143E+00  0.319580E-03  0.315988E-03
  0.253710E+00  0.330371E-03  0.316737E-03
  0.254276E+00  0.322268E-03  0.317511E-03
  0.254843E+00  0.311905E-03  0.318309E-03
  0.255410E+00  0.338096E-03  0.319131E-03
  0.255977E+00  0.304391E-03  0.319974E-03
  0.256544E+00  0.305844E-03  0.320838E-03
  0.257110E+00  0.294346E-03  0.321723E-03
  0.257677E+00  0.298126E-03  0.322626E-03
  0.258244E+00  0.328142E-03  0.323547E-03
  0.258811E+00  0.315026E-03  0.324485E-03
  0.259378E+00  0.315299E-03  0.325439E-03
  0.259944E+00  0.325744E-03  0.326408E-03
  0.260511E+00  0.291741E-03  0.327390E-03
  0.261078E+00  0.307674E-03  0.328385E-03
  0.261645E+00  0.319671E-03  0.329392E-03
  0.262212E+00  0.337939E-03  0.330410E-03
  0.262778E+00  0.308151E-03  0.331438E-03
  0.263345E+00  0.296666E-03  0.332476E-03
  0.263912E+00  0.305489E-03  0.333522E-03
  0.264479E+00  0.336794E-03  0.334576E-03
  0.265045E+00  0.289308E-03  0.335637E-03
  0.265612E+00  0.314952E-03  0.336704E-03
  0.266179E+00  0.345633E-03  0.337776E-03
  0.266746E+00  0.363394E-03  0.338852E-03
  0.267312E+00  0.386675E-03  0.339932E-03
  0.267879E+00  0.352474E-03  0.341013E-03
  0.268446E+00  0.320831E-03  0.342096E-03
  0.269012E+00  0.335070E-03  0.343179E-03
  0.269579E+00  0.339533E-03  0.344262E-03
  0.270146E+00  0.367219E-03  0.345343E-03
  0.270712E+00  0.380235E-03  0.346421E-03
  0.271279E+00  0.290825E-03  0.347497E-03
  0.271846E+00  0.311103E-03  0.348568E-03
  0.272413E+00  0.367273E-03  0.349636E-03
  0.272979E+00  0.336483E-03  0.350698E-03
  0.273546E+00  0.300702E-03  0.351754E-03
  0.274113E+00  0.299177E-03  0.352804E-03
  0.274679E+00  0.317809E-03  0.353846E-03
  0.275246E+00  0.293606E-03  0.354881E-03
  0.275812E+00  0.297255E-03  0.355908E-03
  0.276379E+00  0.331178E-03  0.356925E-03
  0.276946E+00  0.332591E-03  0.357932E-03
  0.277512E+00  0.330800E-03  0.358928E-03
  0.278079E+00  0.322844E-03  0.359914E-03
  0.278646E+00  0.322491E-03  0.360887E-03
  0.279212E+00  0.313332E-03  0.361847E-03
  0.279779E+00  0.310579E-03  0.362794E-03
  0.280345E+00  0.284338E-03  0.363726E-03
  0.280912E+00  0.281481E-03  0.364643E-03
  0.281479E+00  0.280545E-03  0.365545E-03
  0.282045E+00  0.337716E-03  0.366432E-03
  0.282612E+00  0.341849E-03  0.367302E-03
  0.283178E+00  0.295051E-03  0.368156E-03
  0.283745E+00  0.304536E-03  0.368992E-03
  0.284311E+00  0.332931E-03  0.369812E-03
  0.284878E+00  0.306845E-03  0.370613E-03
  0.285445E+00  0.320012E-03  0.371396E-03
  0.286011E+00  0.328382E-03  0.372160E-03
  0.286578E+00  0.297391E-03  0.372905E-03
  0.287144E+00  0.291006E-03  0.373630E-03
  0.287711E+00  0.330931E-03  0.374335E-03
  0.288277E+00  0.339140E-03  0.375019E-03
  0.288844E+00  0.328967E-03  0.375683E-03
  0.289410E+00  0.301347E-03  0.376325E-03
  0.289977E+00  0.322833E-03  0.376945E-03
  0.290543E+00  0.301521E-03  0.377543E-03
  0.291110E+00  0.287746E-03  0.378119E-03
  0.291676E+00  0.299649E-03  0.378672E-03
  0.292243E+00  0.310371E-03  0.379202E-03
  0.292809E+00  0.328051E-03  0.379709E-03
  0.293376E+00  0.337025E-03  0.380193E-03
  0.293942E+00  0.304909E-03  0.380653E-03
  0.294509E+00  0.302787E-03  0.381090E-03
  0.295075E+00  0.284300E-03  0.381502E-03
  0.295641E+00  0.297829E-03  0.381891E-03
  0.296208E+00  0.330507E-03  0.382256E-03
  0.296774E+00  0.330464E-03  0.382597E-03
  0.297341E+00  0.299821E-03  0.382913E-03
  0.297907E+00  0.266082E-03  0.383204E-03
  0.298474E+00  0.315434E-03  0.383471E-03
  0.299040E+00  0.317850E-03  0.383713E-03
  0.299606E+00  0.328408E-03  0.383930E-03
  0.300173E+00  0.316660E-03  0.384122E-03
  0.300739E+00  0.322247E-03  0.384288E-03
  0.301306E+00  0.302494E-03  0.384429E-03
  0.301872E+00  0.283363E-03  0.384546E-03
  0.302438E+00  0.276885E-03  0.384637E-03
  0.303005E+00  0.309057E-03  0.384702E-03
  0.303571E+00  0.281847E-03  0.384743E-03
  0.304138E+00  0.285686E-03  0.384759E-03
  0.304704E+00  0.294114E-03  0.384750E-03
  0.305270E+00  0.271134E-03  0.384717E-03
  0.305837E+00  0.312460E-03  0.384658E-03
  0.306403E+00  0.289126E-03  0.384575E-03
  0.306969E+00  0.255777E-03  0.384468E-03
  0.307536E+00  0.277757E-03  0.384336E-03
  0.308102E+00  0.295266E-03  0.384179E-03
  0.308668E+00  0.602221E-04  0.383999E-03
  0.309234E+00  0.177164E-03  0.383794E-03
  0.309801E+00  0.256780E-03  0.383565E-03
  0.310367E+00  0.222736E-03  0.383312E-03
  0.310933E+00  0.289052E-03  0.383036E-03
  0.311500E+00  0.347539E-03  0.382736E-03
  0.312066E+00  0.346016E-03  0.382412E-03
  0.312632E+00  0.314195E-03  0.382066E-03
  0.313198E+00  0.287343E-03  0.381697E-03
  0.313765E+00  0.356000E-03  0.381305E-03
  0.314331E+00  0.357264E-03  0.380891E-03
  0.314897E+00  0.321822E-03  0.380455E-03
  0.315463E+00  0.291453E-03  0.379998E-03
  0.316030E+00  0.292120E-03  0.379518E-03
  0.316596E+00  0.309354E-03  0.379018E-03
  0.317162E+00  0.307427E-03  0.378496E-03
  0.317728E+00  0.323966E-03  0.377954E-03
  0.318295E+00  0.337096E-03  0.377392E-03
  0.318861E+00  0.328827E-03  0.376809E-03
  0.319427E+00  0.316401E-03  0.376206E-03
  0.319993E+00  0.228981E-03  0.375584E-03
  0.320559E+00  0.278576E-03  0.374942E-03
  0.321125E+00  0.306880E-03  0.374282E-03
  0.321692E+00  0.308034E-03  0.373602E-03
  0.322258E+00  0.307590E-03  0.372905E-03
  0.322824E+00  0.304533E-03  0.372189E-03
  0.323390E+00  0.295614E-03  0.371456E-03
  0.323956E+00  0.283354E-03  0.370706E-03
  0.324522E+00  0.301746E-03  0.369939E-03
  0.325089E+00  0.304593E-03  0.369155E-03
  0.325655E+00  0.308032E-03  0.368355E-03
  0.326221E+00  0.290967E-03  0.367539E-03
  0.326787E+00  0.263686E-03  0.366708E-03
  0.327353E+00  0.252526E-03  0.365861E-03
  0.327919E+00  0.274049E-03  0.365000E-03
  0.328485E+00  0.338473E-03  0.364124E-03
  0.329051E+00  0.339362E-03  0.363234E-03
  0.329617E+00  0.329509E-03  0.362331E-03
  0.330183E+00  0.271760E-03  0.361414E-03
  0.330750E+00  0.278604E-03  0.360484E-03
  0.331316E+00  0.300589E-03  0.359541E-03
  0.331882E+00  0.341001E-03  0.358586E-03
  0.332448E+00  0.322797E-03  0.357619E-03
  0.333014E+00  0.288556E-03  0.356641E-03
  0.333580E+00  0.310577E-03  0.355651E-03
  0.334146E+00  0.308579E-03  0.354651E-03
  0.334712E+00  0.349005E-03  0.353640E-03
  0.335278E+00  0.328913E-03  0.352620E-03
  0.335844E+00  0.315745E-03  0.351590E-03
  0.336410E+00  0.329340E-03  0.350550E-03
  0.336976E+00  0.336963E-03  0.349502E-03
  0.337542E+00  0.311225E-03  0.348445E-03
  0.338108E+00  0.318947E-03  0.347380E-03
  0.338674E+00  0.296494E-03  0.346307E-03
  0.339240E+00  0.294355E-03  0.345227E-03
  0.339806E+00  0.307810E-03  0.344139E-03
  0.340372E+00  0.297974E-03  0.343045E-03
  0.340938E+00  0.298394E-03  0.341945E-03
  0.341504E+00  0.269360E-03  0.340838E-03
  0.342070E+00  0.260667E-03  0.339726E-03
  0.342635E+00  0.251069E-03  0.338609E-03
  0.343201E+00  0.289524E-03  0.337486E-03
  0.343767E+00  0.283875E-03  0.336359E-03
  0.344333E+00  0.309748E-03  0.335227E-03
  0.344899E+00  0.320544E-03  0.334092E-03
  0.345465E+00  0.272345E-03  0.332952E-03
  0.346031E+00  0.286079E-03  0.331809E-03
  0.346597E+00  0.291456E-03  0.330663E-03
  0.347163E+00  0.279505E-03  0.329515E-03
  0.347729E+00  0.266387E-03  0.328364E-03
  0.348294E+00  0.271456E-03  0.327210E-03
  0.348860E+00  0.281830E-03  0.326055E-03
  0.349426E+00  0.308920E-03  0.324898E-03
  0.349992E+00  0.261329E-03  0.323740E-03
  0.350558E+00  0.269412E-03  0.322581E-03
  0.351124E+00  0.301778E-03  0.321422E-03
  0.351689E+00  0.295550E-03  0.320261E-03
  0.352255E+00  0.279249E-03  0.319101E-03
  0.352821E+00  0.268840E-03  0.317941E-03
  0.353387E+00  0.281954E-03  0.316780E-03
  0.353953E+00  0.264860E-03  0.315621E-03
  0.354518E+00  0.262238E-03  0.314462E-03
  0.355084E+00  0.293033E-03  0.313304E-03
  0.355650E+00  0.307728E-03  0.312147E-03
  0.356216E+00  0.277346E-03  0.310992E-03
  0.356782E+00  0.303838E-03  0.309838E-03
  0.357347E+00  0.292817E-03  0.308686E-03
  0.357913E+00  0.272286E-03  0.307536E-03
  0.358479E+00  0.293729E-03  0.306389E-03
  0.359044E+00  0.297433E-03  0.305244E-03
  0.359610E+00  0.272186E-03  0.304102E-03
  0.360176E+00  0.263909E-03  0.302962E-03
  0.360742E+00  0.284572E-03  0.301826E-03
  0.361307E+00  0.295765E-03  0.300693E-03
  0.361873E+00  0.306451E-03  0.299564E-03
  0.362439E+00  0.275532E-03  0.298438E-03
  0.363004E+00  0.252636E-03  0.297315E-03
  0.363570E+00  0.271092E-03  0.296197E-03
  0.364136E+00  0.288254E-03  0.295083E-03
  0.364701E+00  0.299893E-03  0.293972E-03
  0.365267E+00  0.293875E-03  0.292867E-03
  0.365833E+00  0.299678E-03  0.291765E-03
  0.366398E+00  0.283336E-03  0.290668E-03
  0.366964E+00  0.289849E-03  0.289576E-03
  0.367530E+00  0.290911E-03  0.288489E-03
  0.368095E+00  0.285423E-03  0.287407E-03
  0.368661E+00  0.274459E-03  0.286329E-03
  0.369226E+00  0.262201E-03  0.285258E-03
  0.369792E+00  0.244461E-03  0.284191E-03
  0.370358E+00  0.300434E-03  0.283130E-03
  0.370923E+00  0.292990E-03  0.282074E-03
  0.371489E+00  0.263018E-03  0.281024E-03
  0.372054E+00  0.279354E-03  0.279980E-03
  0.372620E+00  0.293725E-03  0.278941E-03
  0.373185E+00  0.276019E-03  0.277908E-03
  0.373751E+00  0.271886E-03  0.276881E-03
  0.374317E+00  0.286576E-03  0.275860E-03
  0.374882E+00  0.317130E-03  0.274845E-03
  0.375448E+00  0.296068E-03  0.273835E-03
  0.376013E+00  0.279339E-03  0.272832E-03
  0.376579E+00  0.277519E-03  0.271834E-03
  0.377144E+00  0.308369E-03  0.270843E-03
  0.377710E+00  0.308225E-03  0.269858E-03
  0.378275E+00  0.303501E-03  0.268878E-03
  0.378841E+00  0.297558E-03  0.267905E-03
  0.379406E+00  0.284486E-03  0.266938E-03
  0.379972E+00  0.278798E-03  0.265978E-03
  0.380537E+00  0.272467E-03  0.265023E-03
  0.381102E+00  0.287787E-03  0.264075E-03
  0.381668E+00  0.301450E-03  0.263133E-03
  0.382233E+00  0.318657E-03  0.262197E-03
  0.382799E+00  0.301524E-03  0.261268E-03
  0.383364E+00  0.282941E-03  0.260344E-03
  0.383930E+00  0.278303E-03  0.259427E-03
  0.384495E+00  0.282379E-03  0.258516E-03
  0.385060E+00  0.262986E-03  0.257611E-03
  0.385626E+00  0.261051E-03  0.256712E-03
  0.386191E+00  0.298158E-03  0.255820E-03
  0.386757E+00  0.288474E-03  0.254933E-03
  0.387322E+00  0.299226E-03  0.254053E-03
  0.387887E+00  0.286093E-03  0.253178E-03
  0.388453E+00  0.291814E-03  0.252310E-03
  0.389018E+00  0.294394E-03  0.251448E-03
  0.389583E+00  0.282982E-03  0.250591E-03
  0.390149E+00  0.272681E-03  0.249741E-03
  0.390714E+00  0.264232E-03  0.248897E-03
  0.391279E+00  0.255806E-03  0.248058E-03
  0.391845E+00  0.243850E-03  0.247226E-03
  0.392410E+00  0.252155E-03  0.246399E-03
  0.392975E+00  0.249382E-03  0.245578E-03
  0.393541E+00  0.256186E-03  0.244763E-03
  0.394106E+00  0.275854E-03  0.243953E-03
  0.394671E+00  0.285431E-03  0.243149E-03
  0.395236E+00  0.307647E-03  0.242350E-03
  0.395802E+00  0.302639E-03  0.241557E-03
  0.396367E+00  0.251739E-03  0.240769E-03
  0.396932E+00  0.275134E-03  0.239987E-03
  0.397497E+00  0.293547E-03  0.239210E-03
  0.398063E+00  0.280782E-03  0.238438E-03
  0.398628E+00  0.247879E-03  0.237671E-03
  0.399193E+00  0.231806E-03  0.236910E-03
  0.399758E+00  0.226519E-03  0.236154E-03
  0.400323E+00  0.261544E-03  0.235402E-03
  0.400889E+00  0.223762E-03  0.234656E-03
  0.401454E+00  0.225042E-03  0.233914E-03
  0.402019E+00  0.247108E-03  0.233178E-03
  0.402584E+00  0.240503E-03  0.232446E-03
  0.403149E+00  0.191152E-03  0.231719E-03
  0.403714E+00  0.231038E-03  0.230996E-03
  0.404279E+00  0.235494E-03  0.230278E-03
  0.404845E+00  0.254742E-03  0.229565E-03
  0.405410E+00  0.285414E-03  0.228856E-03
  0.405975E+00  0.288819E-03  0.228151E-03
  0.406540E+00  0.250316E-03  0.227451E-03
  0.407105E+00  0.237261E-03  0.226755E-03
  0.407670E+00  0.257068E-03  0.226063E-03
  0.408235E+00  0.262083E-03  0.225375E-03
  0.408800E+00  0.301340E-03  0.224691E-03
  0.409365E+00  0.269538E-03  0.224012E-03
  0.409930E+00  0.261223E-03  0.223336E-03
  0.410495E+00  0.273395E-03  0.222664E-03
  0.411060E+00  0.284135E-03  0.221996E-03
  0.411626E+00  0.244030E-03  0.221331E-03
  0.412191E+00  0.226152E-03  0.220671E-03
  0.412756E+00  0.275183E-03  0.220014E-03
  0.413321E+00  0.231023E-03  0.219360E-03
  0.413886E+00  0.221659E-03  0.218710E-03
  0.414451E+00  0.248360E-03  0.218064E-03
  0.415016E+00  0.270754E-03  0.217421E-03
  0.415581E+00  0.233429E-03  0.216781E-03
  0.416146E+00  0.226450E-03  0.216144E-03
  0.416710E+00  0.229212E-03  0.215511E-03
  0.417275E+00  0.228095E-03  0.214881E-03
  0.417840E+00  0.252125E-03  0.214254E-03
  0.418405E+00  0.252605E-03  0.213630E-03
  0.418970E+00  0.226776E-03  0.213009E-03
  0.419535E+00  0.233628E-03  0.212391E-03
  0.420100E+00  0.237932E-03  0.211776E-03
  0.420665E+00  0.237127E-03  0.211163E-03
  0.421230E+00  0.220751E-03  0.210554E-03
  0.421795E+00  0.212977E-03  0.209947E-03
  0.422360E+00  0.212391E-03  0.209343E-03
  0.422925E+00  0.248778E-03  0.208741E-03
  0.423489E+00  0.197520E-03  0.208142E-03
  0.424054E+00  0.203223E-03  0.207546E-03
  0.424619E+00  0.202921E-03  0.206952E-03
  0.425184E+00  0.206773E-03  0.206360E-03
  0.425749E+00  0.190516E-03  0.205771E-03
  0.426314E+00  0.210768E-03  0.205184E-03
  0.426878E+00  0.164727E-03  0.204599E-03
  0.427443E+00  0.157312E-03  0.204016E-03
  0.428008E+00  0.168386E-03  0.203436E-03
  0.428573E+00  0.198598E-03  0.202857E-03
  0.429138E+00  0.201637E-03  0.202281E-03
  0.429702E+00  0.187795E-03  0.201707E-03
  0.430267E+00  0.238074E-03  0.201134E-03
  0.430832E+00  0.281703E-03  0.200564E-03
  0.431397E+00  0.203866E-03  0.199995E-03
  0.431961E+00  0.204458E-03  0.199428E-03
  0.432526E+00  0.191571E-03  0.198863E-03
  0.433091E+00  0.199829E-03  0.198300E-03
  0.433656E+00  0.214103E-03  0.197738E-03
  0.434220E+00  0.194404E-03  0.197178E-03
  0.434785E+00  0.224746E-03  0.196619E-03
  0.435350E+00  0.258289E-03  0.196063E-03
  0.435914E+00  0.205322E-03  0.195507E-03
  0.436479E+00  0.174721E-03  0.194953E-03
  0.437044E+00  0.203569E-03  0.194401E-03
  0.437608E+00  0.252320E-03  0.193850E-03
  0.438173E+00  0.247749E-03  0.193301E-03
  0.438738E+00  0.185687E-03  0.192753E-03
  0.439302E+00  0.182530E-03  0.192206E-03
  0.439867E+00  0.191040E-03  0.191660E-03
  0.440431E+00  0.190548E-03  0.191116E-03
  0.440996E+00  0.198483E-03  0.190573E-03
  0.441561E+00  0.188919E-03  0.190031E-03
  0.442125E+00  0.200114E-03  0.189490E-03
  0.442690E+00  0.158724E-03  0.188950E-03
  0.443254E+00  0.152735E-03  0.188412E-03
  0.443819E+00  0.198867E-03  0.187875E-03
  0.444383E+00  0.212552E-03  0.187339E-03
  0.444948E+00  0.199550E-03  0.186804E-03
  0.445513E+00  0.208296E-03  0.186270E-03
  0.446077E+00  0.167781E-03  0.185737E-03
  0.446642E+00  0.108192E-03  0.185205E-03
  0.447206E+00  0.138972E-03  0.184674E-03
  0.447771E+00  0.184783E-03  0.184145E-03
  0.448335E+00  0.187507E-03  0.183616E-03
  0.448900E+00  0.194565E-03  0.183088E-03
  0.449464E+00  0.252569E-03  0.182562E-03
  0.450029E+00  0.238013E-03  0.182036E-03
  0.450593E+00  0.199813E-03  0.181511E-03
  0.451157E+00  0.177856E-03  0.180987E-03
  0.451722E+00  0.187574E-03  0.180465E-03
  0.452286E+00  0.185682E-03  0.179942E-03
  0.452851E+00  0.163596E-03  0.179421E-03
  0.453415E+00  0.184381E-03  0.178901E-03
  0.453980E+00  0.191894E-03  0.178381E-03
  0.454544E+00  0.178389E-03  0.177863E-03
  0.455108E+00  0.204752E-03  0.177345E-03
  0.455673E+00  0.227137E-03  0.176828E-03
  0.456237E+00  0.208358E-03  0.176311E-03
  0.456801E+00  0.159440E-03  0.175795E-03
  0.457366E+00  0.168005E-03  0.175280E-03
  0.457930E+00  0.200901E-03  0.174766E-03
  0.458494E+00  0.198768E-03  0.174252E-03
  0.459059E+00  0.195417E-03  0.173738E-03
  0.459623E+00  0.169968E-03  0.173226E-03
  0.460187E+00  0.178145E-03  0.172714E-03
  0.460752E+00  0.199858E-03  0.172202E-03
  0.461316E+00  0.216877E-03  0.171691E-03
  0.461880E+00  0.190130E-03  0.171181E-03
  0.462445E+00  0.156566E-03  0.170671E-03
  0.463009E+00  0.183069E-03  0.170161E-03
  0.463573E+00  0.168684E-03  0.169653E-03
  0.464137E+00  0.157439E-03  0.169144E-03
  0.464702E+00  0.181918E-03  0.168636E-03
  0.465266E+00  0.183263E-03  0.168129E-03
  0.465830E+00  0.222176E-03  0.167622E-03
  0.466394E+00  0.231445E-03  0.167116E-03
  0.466958E+00  0.221587E-03  0.166610E-03
  0.467523E+00  0.182738E-03  0.166105E-03
  0.468087E+00  0.175558E-03  0.165601E-03
  0.468651E+00  0.185050E-03  0.165096E-03
  0.469215E+00  0.164532E-03  0.164593E-03
  0.469779E+00  0.123486E-03  0.164090E-03
  0.470343E+00  0.128701E-03  0.163587E-03
  0.470907E+00  0.172677E-03  0.163085E-03
  0.471472E+00  0.153154E-03  0.162583E-03
  0.472036E+00  0.182142E-03  0.162082E-03
  0.472600E+00  0.223982E-03  0.161581E-03
  0.473164E+00  0.211165E-03  0.161081E-03
  0.473728E+00  0.172732E-03  0.160581E-03
  0.474292E+00  0.148035E-03  0.160082E-03
  0.474856E+00  0.148543E-03  0.159583E-03
  0.475420E+00  0.157919E-03  0.159085E-03
  0.475984E+00  0.175131E-03  0.158587E-03
  0.476548E+00  0.183251E-03  0.158090E-03
  0.477112E+00  0.167558E-03  0.157593E-03
  0.477676E+00  0.162041E-03  0.157097E-03
  0.478240E+00  0.157839E-03  0.156601E-03
  0.478804E+00  0.145848E-03  0.156106E-03
  0.479368E+00  0.174860E-03  0.155611E-03
  0.479932E+00  0.188267E-03  0.155116E-03
  0.480496E+00  0.203472E-03  0.154622E-03
  0.481060E+00  0.197718E-03  0.154129E-03
  0.481624E+00  0.203013E-03  0.153636E-03
  0.482188E+00  0.163404E-03  0.153143E-03
  0.482752E+00  0.131038E-03  0.152651E-03
  0.483316E+00  0.128323E-03  0.152160E-03
  0.483880E+00  0.145291E-03  0.151669E-03
  0.484444E+00  0.150052E-03  0.151179E-03
  0.485008E+00  0.132995E-03  0.150689E-03
  0.485572E+00  0.183331E-03  0.150200E-03
  0.486136E+00  0.222763E-03  0.149712E-03
  0.486699E+00  0.226314E-03  0.149224E-03
  0.487263E+00  0.233836E-03  0.148737E-03
  0.487827E+00  0.219947E-03  0.148251E-03
  0.488391E+00  0.177372E-03  0.147765E-03
  0.488955E+00  0.154246E-03  0.147280E-03
  0.489519E+00  0.181770E-03  0.146796E-03
  0.490083E+00  0.200611E-03  0.146312E-03
  0.490646E+00  0.178556E-03  0.145829E-03
  0.491210E+00  0.185739E-03  0.145347E-03
  0.491774E+00  0.170569E-03  0.144866E-03
  0.492338E+00  0.154472E-03  0.144385E-03
  0.492901E+00  0.157507E-03  0.143905E-03
  0.493465E+00  0.170593E-03  0.143426E-03
  0.494029E+00  0.203193E-03  0.142948E-03
  0.494593E+00  0.210019E-03  0.142470E-03
  0.495156E+00  0.185253E-03  0.141994E-03
  0.495720E+00  0.148623E-03  0.141517E-03
  0.496284E+00  0.185658E-03  0.141042E-03
  0.496848E+00  0.194069E-03  0.140567E-03
  0.497411E+00  0.143679E-03  0.140094E-03
  0.497975E+00  0.125129E-03  0.139620E-03
  0.498539E+00  0.131605E-03  0.139148E-03
  0.499102E+00  0.171127E-03  0.138676E-03
  0.499666E+00  0.173455E-03  0.138205E-03
  0.500230E+00  0.210082E-03  0.137735E-03
