
  9.067035e-03   2.686688e-02   1.228410e-04
  9.633724e-03   2.679290e-02   1.172169e-04
  1.020041e-02   2.660487e-02   1.120569e-04
  1.076710e-02   2.641023e-02   1.071497e-04
  1.133379e-02   2.623463e-02   1.037461e-04
  1.190048e-02   2.610784e-02   9.998041e-05
  1.246716e-02   2.608470e-02   9.673373e-05
  1.303385e-02   2.590502e-02   9.381567e-05
  1.360054e-02   2.587355e-02   9.137624e-05
  1.416723e-02   2.576409e-02   8.867686e-05
  1.473391e-02   2.560788e-02   8.651408e-05
  1.530060e-02   2.548295e-02   8.465839e-05
  1.586728e-02   2.525138e-02   8.229737e-05
  1.643397e-02   2.503667e-02   8.049792e-05
  1.700065e-02   2.491345e-02   7.891015e-05
  1.756734e-02   2.480088e-02   7.725242e-05
  1.813402e-02   2.463465e-02   7.576911e-05
  1.870071e-02   2.449272e-02   7.424728e-05
  1.926739e-02   2.446313e-02   7.316751e-05
  1.983408e-02   2.433216e-02   7.169155e-05
  2.040076e-02   2.425722e-02   7.064955e-05
  2.096744e-02   2.389275e-02   6.926393e-05
  2.153412e-02   2.366618e-02   6.800151e-05
  2.210081e-02   2.365663e-02   6.725606e-05
  2.266749e-02   2.343173e-02   6.600139e-05
  2.323417e-02   2.326223e-02   6.502044e-05
  2.380085e-02   2.313802e-02   6.405106e-05
  2.436753e-02   2.295052e-02   6.317204e-05
  2.493421e-02   2.287049e-02   6.240193e-05
  2.550089e-02   2.257807e-02   6.125037e-05
  2.606757e-02   2.223340e-02   6.047591e-05
  2.663425e-02   2.200895e-02   5.963477e-05
  2.720092e-02   2.193844e-02   5.886906e-05
  2.776760e-02   2.180744e-02   5.809576e-05
  2.833428e-02   2.152792e-02   5.728390e-05
  2.890095e-02   2.135521e-02   5.673014e-05
  2.946763e-02   2.116162e-02   5.596799e-05
  3.003430e-02   2.096403e-02   5.530947e-05
  3.060098e-02   2.086430e-02   5.462977e-05
  3.116765e-02   2.076392e-02   5.404684e-05
  3.173432e-02   2.041783e-02   5.343844e-05
  3.230100e-02   2.021379e-02   5.270443e-05
  3.286767e-02   1.996835e-02   5.208872e-05
  3.343434e-02   1.986926e-02   5.163868e-05
  3.400101e-02   1.970541e-02   5.111722e-05
  3.456768e-02   1.944092e-02   5.044887e-05
  3.513435e-02   1.931008e-02   4.984017e-05
  3.570102e-02   1.907841e-02   4.947619e-05
  3.626769e-02   1.886135e-02   4.890836e-05
  3.683435e-02   1.865571e-02   4.839350e-05
  3.740102e-02   1.843994e-02   4.782446e-05
  3.796769e-02   1.818205e-02   4.731925e-05
  3.853435e-02   1.787347e-02   4.688699e-05
  3.910101e-02   1.771076e-02   4.640029e-05
  3.966768e-02   1.753833e-02   4.596364e-05
  4.023434e-02   1.734014e-02   4.547200e-05
  4.080100e-02   1.718999e-02   4.511585e-05
  4.136766e-02   1.706855e-02   4.477341e-05
  4.193432e-02   1.680535e-02   4.418893e-05
  4.250098e-02   1.655317e-02   4.384082e-05
  4.306764e-02   1.633172e-02   4.341971e-05
  4.363430e-02   1.624136e-02   4.311127e-05
  4.420096e-02   1.604086e-02   4.274326e-05
  4.476761e-02   1.573441e-02   4.222924e-05
  4.533427e-02   1.556029e-02   4.194706e-05
  4.590092e-02   1.541864e-02   4.157917e-05
  4.646758e-02   1.529020e-02   4.127814e-05
  4.703423e-02   1.504257e-02   4.082807e-05
  4.760088e-02   1.477851e-02   4.043643e-05
  4.816753e-02   1.459995e-02   4.019731e-05
  4.873418e-02   1.438673e-02   3.975527e-05
  4.930083e-02   1.421169e-02   3.946092e-05
  4.986748e-02   1.405057e-02   3.914742e-05
  5.043412e-02   1.386567e-02   3.886318e-05
  5.100077e-02   1.372709e-02   3.855570e-05
  5.156741e-02   1.358030e-02   3.822554e-05
  5.213406e-02   1.336951e-02   3.795090e-05
  5.270070e-02   1.317267e-02   3.762121e-05
  5.326734e-02   1.301966e-02   3.739818e-05
  5.383398e-02   1.282532e-02   3.707626e-05
  5.440062e-02   1.263695e-02   3.673162e-05
  5.496726e-02   1.246342e-02   3.651622e-05
  5.553390e-02   1.228507e-02   3.620476e-05
  5.610054e-02   1.207221e-02   3.594742e-05
  5.666717e-02   1.198735e-02   3.569525e-05
  5.723381e-02   1.181398e-02   3.545436e-05
  5.780044e-02   1.164644e-02   3.521717e-05
  5.836707e-02   1.151880e-02   3.492093e-05
  5.893370e-02   1.132783e-02   3.468173e-05
  5.950033e-02   1.120298e-02   3.443720e-05
  6.006696e-02   1.102846e-02   3.420021e-05
  6.063359e-02   1.084777e-02   3.397314e-05
  6.120021e-02   1.071981e-02   3.371673e-05
  6.176684e-02   1.059939e-02   3.355308e-05
  6.233346e-02   1.042302e-02   3.327331e-05
  6.290008e-02   1.030549e-02   3.309651e-05
  6.346671e-02   1.016919e-02   3.285876e-05
  6.403333e-02   1.001363e-02   3.261929e-05
  6.459994e-02   9.891662e-03   3.246070e-05
  6.516656e-02   9.748380e-03   3.223470e-05
  6.573318e-02   9.599456e-03   3.203682e-05
  6.629979e-02   9.554095e-03   3.184131e-05
  6.686641e-02   9.415166e-03   3.165895e-05
  6.743302e-02   9.258951e-03   3.145315e-05
  6.799963e-02   9.068249e-03   3.122339e-05
  6.856624e-02   8.946022e-03   3.105302e-05
  6.913285e-02   8.830567e-03   3.082753e-05
  6.969946e-02   8.704591e-03   3.068139e-05
  7.026606e-02   8.596615e-03   3.051195e-05
  7.083267e-02   8.479146e-03   3.068849e-05
  7.139927e-02   8.345566e-03   3.091763e-05
  7.196587e-02   8.189799e-03   3.097910e-05
  7.253247e-02   8.090274e-03   3.103947e-05
  7.309907e-02   8.025231e-03   3.098096e-05
  7.366567e-02   7.875878e-03   3.088059e-05
  7.423226e-02   7.724623e-03   3.086335e-05
  7.479886e-02   7.650676e-03   3.082059e-05
  7.536545e-02   7.598580e-03   3.082969e-05
  7.593204e-02   7.478309e-03   3.073164e-05
  7.649863e-02   7.407135e-03   3.072408e-05
  7.706522e-02   7.340929e-03   3.066317e-05
  7.763181e-02   7.250515e-03   3.056169e-05
  7.819839e-02   7.149227e-03   3.053432e-05
  7.876498e-02   7.030454e-03   3.044502e-05
  7.933156e-02   6.948673e-03   3.042772e-05
  7.989814e-02   6.866922e-03   3.034089e-05
  8.046472e-02   6.787362e-03   3.028872e-05
  8.103130e-02   6.765512e-03   3.026173e-05
  8.159787e-02   6.680751e-03   3.019383e-05
  8.216445e-02   6.503001e-03   3.007746e-05
  8.273102e-02   6.363434e-03   2.995668e-05
  8.329759e-02   6.311260e-03   2.993257e-05
  8.386416e-02   6.275231e-03   2.989889e-05
  8.443073e-02   6.233959e-03   2.978621e-05
  8.499730e-02   6.157385e-03   2.974397e-05
  8.556386e-02   6.086337e-03   2.962440e-05
  8.613042e-02   6.010589e-03   2.958770e-05
  8.669699e-02   5.945411e-03   2.951303e-05
  8.726355e-02   5.879917e-03   2.941792e-05
  8.783010e-02   5.767975e-03   2.935350e-05
  8.839666e-02   5.643077e-03   2.922786e-05
  8.896321e-02   5.562586e-03   2.917719e-05
  8.952977e-02   5.490469e-03   2.909369e-05
  9.009632e-02   5.464546e-03   2.901221e-05
  9.066287e-02   5.435144e-03   2.895454e-05
  9.122942e-02   5.390461e-03   2.887233e-05
  9.179596e-02   5.311137e-03   2.883120e-05
  9.236251e-02   5.229437e-03   2.872277e-05
  9.292905e-02   5.155812e-03   2.870872e-05
  9.349559e-02   5.146249e-03   2.920809e-05
  9.406213e-02   5.058420e-03   2.945411e-05
  9.462866e-02   4.981479e-03   2.959614e-05
  9.519520e-02   4.936468e-03   2.963453e-05
  9.576173e-02   4.835264e-03   2.977505e-05
  9.632826e-02   4.814846e-03   2.989134e-05
  9.689479e-02   4.780296e-03   3.000068e-05
  9.746132e-02   4.759592e-03   3.006312e-05
  9.802784e-02   4.747298e-03   3.015470e-05
  9.859437e-02   4.690726e-03   3.020856e-05
  9.916089e-02   4.664634e-03   2.983860e-05
  9.972741e-02   4.518530e-03   2.941749e-05
  1.002939e-01   4.425484e-03   2.912861e-05
  1.008604e-01   4.395848e-03   2.896679e-05
  1.014270e-01   4.342479e-03   2.882141e-05
  1.019935e-01   4.353266e-03   2.869019e-05
  1.025600e-01   4.319638e-03   2.859933e-05
  1.031265e-01   4.242296e-03   2.846045e-05
  1.036930e-01   4.217272e-03   2.835879e-05
  1.042595e-01   4.204014e-03   2.824181e-05
  1.048260e-01   4.180718e-03   2.811354e-05
  1.053925e-01   4.110299e-03   2.804587e-05
  1.059590e-01   4.069327e-03   2.795120e-05
  1.065255e-01   4.019000e-03   2.784304e-05
  1.070920e-01   3.979557e-03   2.774598e-05
  1.076585e-01   3.941733e-03   2.766165e-05
  1.082250e-01   3.902816e-03   2.759738e-05
  1.087915e-01   3.857389e-03   2.750527e-05
  1.093579e-01   3.830508e-03   2.743439e-05
  1.099244e-01   3.790905e-03   2.736100e-05
  1.104909e-01   3.712583e-03   2.727613e-05
  1.110574e-01   3.692996e-03   2.720670e-05
  1.116239e-01   3.706149e-03   2.711900e-05
  1.121903e-01   3.648391e-03   2.705539e-05
  1.127568e-01   3.593536e-03   2.699960e-05
  1.133233e-01   3.522353e-03   2.690616e-05
  1.138897e-01   3.521324e-03   2.683277e-05
  1.144562e-01   3.473402e-03   2.675100e-05
  1.150227e-01   3.470031e-03   2.672409e-05
  1.155891e-01   3.456104e-03   2.663812e-05
  1.161556e-01   3.389534e-03   2.657902e-05
  1.167220e-01   3.366996e-03   2.650871e-05
  1.172885e-01   3.283380e-03   2.638066e-05
  1.178550e-01   3.240347e-03   2.628631e-05
  1.184214e-01   3.285030e-03   2.622402e-05
  1.189878e-01   3.224231e-03   2.611421e-05
  1.195543e-01   3.173070e-03   2.599985e-05
  1.201207e-01   3.172265e-03   2.592573e-05
  1.206872e-01   3.147667e-03   2.584530e-05
  1.212536e-01   3.141632e-03   2.572926e-05
  1.218200e-01   3.127149e-03   2.569073e-05
  1.223865e-01   3.094363e-03   2.564809e-05
  1.229529e-01   3.032292e-03   2.557372e-05
  1.235193e-01   2.969645e-03   2.549948e-05
  1.240858e-01   2.975103e-03   2.543761e-05
  1.246522e-01   2.939696e-03   2.541683e-05
  1.252186e-01   2.904122e-03   2.533973e-05
  1.257850e-01   2.928131e-03   2.531711e-05
  1.263514e-01   2.924433e-03   2.526415e-05
  1.269179e-01   2.919009e-03   2.521498e-05
  1.274843e-01   2.837695e-03   2.515554e-05
  1.280507e-01   2.822187e-03   2.509716e-05
  1.286171e-01   2.817916e-03   2.504293e-05
  1.291835e-01   2.788956e-03   2.497513e-05
  1.297499e-01   2.739139e-03   2.493562e-05
  1.303163e-01   2.734028e-03   2.487530e-05
  1.308827e-01   2.699088e-03   2.481595e-05
  1.314491e-01   2.662651e-03   2.477451e-05
  1.320155e-01   2.621037e-03   2.471750e-05
  1.325819e-01   2.558794e-03   2.467214e-05
  1.331482e-01   2.565200e-03   2.459531e-05
  1.337146e-01   2.580701e-03   2.459278e-05
  1.342810e-01   2.552138e-03   2.452890e-05
  1.348474e-01   2.539859e-03   2.449665e-05
  1.354138e-01   2.562283e-03   2.445354e-05
  1.359801e-01   2.529107e-03   2.439016e-05
  1.365465e-01   2.469509e-03   2.436735e-05
  1.371129e-01   2.414104e-03   2.429559e-05
  1.376792e-01   2.385158e-03   2.423890e-05
  1.382456e-01   2.342309e-03   2.417706e-05
  1.388120e-01   2.366835e-03   2.415548e-05
  1.393783e-01   2.368531e-03   2.415274e-05
  1.399447e-01   2.332176e-03   2.405537e-05
  1.405110e-01   2.330534e-03   2.400051e-05
  1.410774e-01   2.329920e-03   2.398710e-05
  1.416437e-01   2.279244e-03   2.390837e-05
  1.422101e-01   2.242074e-03   2.388075e-05
  1.427764e-01   2.220829e-03   2.381591e-05
  1.433427e-01   2.212938e-03   2.376520e-05
  1.439091e-01   2.172084e-03   2.373884e-05
  1.444754e-01   2.137886e-03   2.368634e-05
  1.450417e-01   2.140428e-03   2.365829e-05
  1.456081e-01   2.137598e-03   2.360645e-05
  1.461744e-01   2.127388e-03   2.357733e-05
  1.467407e-01   2.112382e-03   2.352809e-05
  1.473070e-01   2.101932e-03   2.347453e-05
  1.478733e-01   2.076935e-03   2.343230e-05
  1.484396e-01   2.062854e-03   2.340309e-05
  1.490060e-01   2.084947e-03   2.337773e-05
  1.495723e-01   2.090950e-03   2.332527e-05
  1.501386e-01   2.017963e-03   2.327145e-05
  1.507049e-01   1.970843e-03   2.322005e-05
  1.512712e-01   1.934724e-03   2.316436e-05
  1.518375e-01   1.982094e-03   2.314828e-05
  1.524037e-01   2.024588e-03   2.310747e-05
  1.529700e-01   2.012741e-03   2.306437e-05
  1.535363e-01   1.928471e-03   2.301444e-05
  1.541026e-01   1.892290e-03   2.296356e-05
  1.546689e-01   1.877328e-03   2.292977e-05
  1.552352e-01   1.861730e-03   2.286072e-05
  1.558014e-01   1.820540e-03   2.283989e-05
  1.563677e-01   1.831868e-03   2.281298e-05
  1.569340e-01   1.824204e-03   2.276283e-05
  1.575002e-01   1.783445e-03   2.272966e-05
  1.580665e-01   1.795853e-03   2.268907e-05
  1.586328e-01   1.784391e-03   2.266046e-05
  1.591990e-01   1.794508e-03   2.261593e-05
  1.597653e-01   1.781655e-03   2.256950e-05
  1.603315e-01   1.758966e-03   2.254423e-05
  1.608978e-01   1.692067e-03   2.248540e-05
  1.614640e-01   1.674707e-03   2.246242e-05
  1.620302e-01   1.682973e-03   2.241168e-05
  1.625965e-01   1.644296e-03   2.236196e-05
  1.631627e-01   1.626430e-03   2.233773e-05
  1.637289e-01   1.616380e-03   2.228045e-05
  1.642952e-01   1.606400e-03   2.225363e-05
  1.648614e-01   1.606108e-03   2.221190e-05
  1.654276e-01   1.585993e-03   2.219775e-05
  1.659938e-01   1.566071e-03   2.215432e-05
  1.665600e-01   1.527414e-03   2.209674e-05
  1.671262e-01   1.523183e-03   2.207745e-05
  1.676925e-01   1.544644e-03   2.206234e-05
  1.682587e-01   1.526312e-03   2.202865e-05
  1.688249e-01   1.511662e-03   2.198078e-05
  1.693911e-01   1.497255e-03   2.194529e-05
  1.699573e-01   1.468791e-03   2.189294e-05
  1.705234e-01   1.420246e-03   2.185759e-05
  1.710896e-01   1.430287e-03   2.183128e-05
  1.716558e-01   1.444952e-03   2.180258e-05
  1.722220e-01   1.444096e-03   2.179275e-05
  1.727882e-01   1.423578e-03   2.174432e-05
  1.733543e-01   1.362134e-03   2.167986e-05
  1.739205e-01   1.322055e-03   2.163091e-05
  1.744867e-01   1.310940e-03   2.158759e-05
  1.750528e-01   1.329348e-03   2.158136e-05
  1.756190e-01   1.362462e-03   2.155093e-05
  1.761852e-01   1.365649e-03   2.152911e-05
  1.767513e-01   1.360430e-03   2.150183e-05
  1.773175e-01   1.352944e-03   2.146039e-05
  1.778836e-01   1.341915e-03   2.144599e-05
  1.784498e-01   1.301461e-03   2.138640e-05
  1.790159e-01   1.306123e-03   2.135794e-05
  1.795820e-01   1.258828e-03   2.132989e-05
  1.801482e-01   1.220176e-03   2.127663e-05
  1.807143e-01   1.223794e-03   2.125985e-05
  1.812804e-01   1.248059e-03   2.123969e-05
  1.818465e-01   1.241867e-03   2.122728e-05
  1.824127e-01   1.185283e-03   2.117420e-05
  1.829788e-01   1.176826e-03   2.113943e-05
  1.835449e-01   1.156272e-03   2.111293e-05
  1.841110e-01   1.105997e-03   2.105546e-05
  1.846771e-01   1.122443e-03   2.103613e-05
  1.852432e-01   1.151214e-03   2.101052e-05
  1.858093e-01   1.150921e-03   2.097510e-05
  1.863754e-01   1.111692e-03   2.093377e-05
  1.869415e-01   1.096872e-03   2.091726e-05
  1.875076e-01   1.099710e-03   2.090122e-05
  1.880736e-01   1.102664e-03   2.085548e-05
  1.886397e-01   1.094282e-03   2.098993e-05
  1.892058e-01   1.059403e-03   2.126550e-05
  1.897719e-01   1.047922e-03   2.141821e-05
  1.903379e-01   1.054749e-03   2.147719e-05
  1.909040e-01   1.049707e-03   2.155663e-05
  1.914701e-01   1.026074e-03   2.164559e-05
  1.920361e-01   1.039465e-03   2.173347e-05
  1.926022e-01   1.047777e-03   2.180557e-05
  1.931682e-01   1.029164e-03   2.185643e-05
  1.937343e-01   1.058208e-03   2.191975e-05
  1.943003e-01   1.069646e-03   2.195912e-05
  1.948663e-01   1.019506e-03   2.193622e-05
  1.954324e-01   9.885233e-04   2.195854e-05
  1.959984e-01   9.784577e-04   2.193627e-05
  1.965644e-01   1.029386e-03   2.196693e-05
  1.971305e-01   1.016217e-03   2.198514e-05
  1.976965e-01   9.284253e-04   2.194707e-05
  1.982625e-01   9.214767e-04   2.195800e-05
  1.988285e-01   9.453833e-04   2.198341e-05
  1.993945e-01   9.249904e-04   2.198795e-05
  1.999605e-01   9.068787e-04   2.200179e-05
  2.005265e-01   8.759099e-04   2.199439e-05
  2.010925e-01   8.902931e-04   2.205979e-05
  2.016585e-01   9.097905e-04   2.209612e-05
  2.022245e-01   9.045715e-04   2.208640e-05
  2.027905e-01   9.015611e-04   2.207190e-05
  2.033565e-01   8.405275e-04   2.204934e-05
  2.039224e-01   8.234937e-04   2.205631e-05
  2.044884e-01   8.502275e-04   2.205492e-05
  2.050544e-01   8.379737e-04   2.205270e-05
  2.056203e-01   8.233564e-04   2.202843e-05
  2.061863e-01   8.040338e-04   2.201814e-05
  2.067522e-01   8.013507e-04   2.202199e-05
  2.073182e-01   7.705808e-04   2.199407e-05
  2.078841e-01   7.781372e-04   2.199366e-05
  2.084501e-01   7.767071e-04   2.236574e-05
  2.090160e-01   8.045779e-04   2.272282e-05
  2.095820e-01   8.186481e-04   2.296535e-05
  2.101479e-01   8.117673e-04   2.311486e-05
  2.107138e-01   7.731406e-04   2.327776e-05
  2.112797e-01   7.501199e-04   2.335253e-05
  2.118457e-01   7.154919e-04   2.343878e-05
  2.124116e-01   7.195478e-04   2.354169e-05
  2.129775e-01   7.261353e-04   2.366227e-05
  2.135434e-01   7.388389e-04   2.378716e-05
  2.141093e-01   7.227857e-04   2.385105e-05
  2.146752e-01   7.036063e-04   2.396622e-05
  2.152411e-01   6.876179e-04   2.403699e-05
  2.158070e-01   6.694155e-04   2.412710e-05
  2.163729e-01   6.760234e-04   2.421210e-05
  2.169387e-01   6.773951e-04   2.377064e-05
  2.175046e-01   6.808527e-04   2.351031e-05
  2.180705e-01   6.795290e-04   2.337621e-05
  2.186364e-01   6.918568e-04   2.331081e-05
  2.192022e-01   7.074355e-04   2.320051e-05
  2.197681e-01   7.024994e-04   2.308796e-05
  2.203339e-01   6.534126e-04   2.301091e-05
  2.208998e-01   6.204779e-04   2.291364e-05
  2.214656e-01   5.840102e-04   2.284901e-05
  2.220315e-01   6.139975e-04   2.276494e-05
  2.225973e-01   6.703914e-04   2.271243e-05
  2.231632e-01   6.499166e-04   2.268143e-05
  2.237290e-01   5.862372e-04   2.260154e-05
  2.242948e-01   5.702404e-04   2.257566e-05
  2.248606e-01   6.053394e-04   2.253524e-05
  2.254265e-01   6.137095e-04   2.251783e-05
  2.259923e-01   5.519502e-04   2.245338e-05
  2.265581e-01   5.346708e-04   2.239525e-05
  2.271239e-01   5.264576e-04   2.237204e-05
  2.276897e-01   5.535718e-04   2.234322e-05
  2.282555e-01   5.894902e-04   2.231647e-05
  2.288213e-01   5.527141e-04   2.223233e-05
  2.293870e-01   5.105356e-04   2.215283e-05
  2.299528e-01   5.054771e-04   2.212279e-05
  2.305186e-01   5.131388e-04   2.204557e-05
  2.310844e-01   5.012282e-04   2.201563e-05
  2.316501e-01   5.052282e-04   2.197997e-05
  2.322159e-01   5.281335e-04   2.196311e-05
  2.327817e-01   5.569912e-04   2.196124e-05
  2.333474e-01   5.260086e-04   2.191776e-05
  2.339132e-01   4.984629e-04   2.190228e-05
  2.344789e-01   4.977009e-04   2.187385e-05
  2.350447e-01   5.098569e-04   2.184828e-05
  2.356104e-01   5.154360e-04   2.185907e-05
  2.361761e-01   4.957913e-04   2.182966e-05
  2.367418e-01   4.863518e-04   2.186592e-05
  2.373076e-01   4.568288e-04   2.183417e-05
  2.378733e-01   4.371729e-04   2.184963e-05
  2.384390e-01   4.827347e-04   2.186213e-05
  2.390047e-01   4.918318e-04   2.183136e-05
  2.395704e-01   4.814583e-04   2.182075e-05
  2.401361e-01   4.274033e-04   2.178047e-05
  2.407018e-01   4.404025e-04   2.177492e-05
  2.412675e-01   4.062921e-04   2.173924e-05
  2.418332e-01   3.948204e-04   2.171577e-05
  2.423989e-01   4.136385e-04   2.170743e-05
  2.429645e-01   4.348984e-04   2.168743e-05
  2.435302e-01   4.274842e-04   2.167083e-05
  2.440959e-01   4.190638e-04   2.164006e-05
  2.446615e-01   3.830999e-04   2.162919e-05
  2.452272e-01   3.876653e-04   2.161168e-05
  2.457928e-01   4.279910e-04   2.159130e-05
  2.463585e-01   4.383178e-04   2.157894e-05
  2.469241e-01   4.564240e-04   2.156778e-05
  2.474898e-01   4.015342e-04   2.153231e-05
  2.480554e-01   4.046311e-04   2.149172e-05
  2.486210e-01   4.027373e-04   2.148867e-05
  2.491867e-01   4.110371e-04   2.147852e-05
  2.497523e-01   4.298637e-04   2.146549e-05
  2.503179e-01   4.481134e-04   2.147549e-05
  2.508835e-01   4.506085e-04   2.143153e-05
  2.514491e-01   4.207243e-04   2.142491e-05
  2.520147e-01   4.125686e-04   2.140113e-05
  2.525803e-01   4.102910e-04   2.137254e-05
  2.531459e-01   3.864902e-04   2.136145e-05
  2.537115e-01   3.984045e-04   2.133513e-05
  2.542770e-01   4.057804e-04   2.134160e-05
  2.548426e-01   4.122873e-04   2.131533e-05
  2.554082e-01   4.131772e-04   2.129063e-05
  2.559737e-01   3.639103e-04   2.128511e-05
  2.565393e-01   3.291674e-04   2.124296e-05
  2.571049e-01   3.322974e-04   2.124813e-05
  2.576704e-01   3.564905e-04   2.121225e-05
  2.582359e-01   3.615869e-04   2.119301e-05
  2.588015e-01   3.553347e-04   2.118292e-05
  2.593670e-01   3.430075e-04   2.114657e-05
  2.599325e-01   3.521162e-04   2.114089e-05
  2.604981e-01   3.650568e-04   2.112460e-05
  2.610636e-01   3.770427e-04   2.113631e-05
  2.616291e-01   3.613851e-04   2.110815e-05
  2.621946e-01   3.271122e-04   2.107002e-05
  2.627601e-01   3.382146e-04   2.106463e-05
  2.633256e-01   3.690061e-04   2.104967e-05
  2.638911e-01   3.933584e-04   2.106018e-05
  2.644566e-01   3.899124e-04   2.103783e-05
  2.650221e-01   3.498308e-04   2.099703e-05
  2.655876e-01   3.019206e-04   2.097688e-05
  2.661530e-01   2.957659e-04   2.095468e-05
  2.667185e-01   3.176201e-04   2.096019e-05
  2.672840e-01   3.351086e-04   2.094554e-05
  2.678494e-01   3.476278e-04   2.092774e-05
  2.684149e-01   3.481536e-04   2.092057e-05
  2.689803e-01   3.734516e-04   2.089401e-05
  2.695458e-01   3.794963e-04   2.090469e-05
  2.701112e-01   3.386547e-04   2.085802e-05
  2.706766e-01   3.137559e-04   2.083782e-05
  2.712420e-01   3.146237e-04   2.083088e-05
  2.718075e-01   3.387804e-04   2.079107e-05
  2.723729e-01   3.400672e-04   2.080507e-05
  2.729383e-01   3.493468e-04   2.078238e-05
  2.735037e-01   3.208693e-04   2.078485e-05
  2.740691e-01   3.394413e-04   2.076875e-05
  2.746345e-01   3.179127e-04   2.073360e-05
  2.751999e-01   3.245731e-04   2.076060e-05
  2.757653e-01   3.586279e-04   2.073255e-05
  2.763306e-01   3.227188e-04   2.071437e-05
  2.768960e-01   3.043899e-04   2.068798e-05
  2.774614e-01   3.123184e-04   2.065702e-05
  2.780267e-01   2.880619e-04   2.066406e-05
  2.785921e-01   2.950913e-04   2.062974e-05
  2.791574e-01   2.909754e-04   2.064148e-05
  2.797228e-01   3.415641e-04   2.061205e-05
  2.802881e-01   3.709461e-04   2.062306e-05
  2.808535e-01   3.301441e-04   2.058048e-05
  2.814188e-01   3.059529e-04   2.052987e-05
  2.819841e-01   3.236075e-04   2.052119e-05
  2.825494e-01   3.420469e-04   2.045677e-05
  2.831147e-01   2.809104e-04   2.044549e-05
  2.836800e-01   3.019942e-04   2.041123e-05
  2.842453e-01   3.292146e-04   2.038347e-05
  2.848106e-01   3.159735e-04   2.038174e-05
  2.853759e-01   2.872032e-04   2.031891e-05
  2.859412e-01   2.937227e-04   2.031294e-05
  2.865065e-01   2.778206e-04   2.027357e-05
  2.870718e-01   2.856494e-04   2.023734e-05
  2.876370e-01   2.825526e-04   2.024376e-05
  2.882023e-01   2.823886e-04   2.019959e-05
  2.887676e-01   2.718996e-04   2.021364e-05
  2.893328e-01   2.851020e-04   2.017489e-05
  2.898981e-01   2.884541e-04   2.017428e-05
  2.904633e-01   2.621580e-04   2.015381e-05
  2.910285e-01   2.752123e-04   2.013700e-05
  2.915938e-01   2.919217e-04   2.014139e-05
  2.921590e-01   3.349922e-04   2.013405e-05
  2.927242e-01   3.366381e-04   2.014648e-05
  2.932894e-01   2.989820e-04   2.010478e-05
  2.938546e-01   2.965549e-04   2.008409e-05
  2.944198e-01   3.087861e-04   2.009063e-05
  2.949850e-01   2.871642e-04   2.005537e-05
  2.955502e-01   2.559573e-04   2.004680e-05
  2.961154e-01   3.016055e-04   2.002435e-05
  2.966806e-01   3.308313e-04   2.003625e-05
  2.972457e-01   2.997078e-04   2.001371e-05
  2.978109e-01   2.872499e-04   1.998488e-05
  2.983761e-01   2.680081e-04   1.998599e-05
  2.989412e-01   2.854787e-04   1.996274e-05
  2.995064e-01   2.589647e-04   1.994685e-05
  3.000715e-01   2.500876e-04   1.994131e-05
  3.006366e-01   2.451183e-04   1.990496e-05
  3.012018e-01   2.720980e-04   1.990972e-05
  3.017669e-01   2.771580e-04   1.989193e-05
  3.023320e-01   2.653375e-04   1.986724e-05
  3.028971e-01   2.370682e-04   1.985316e-05
  3.034622e-01   2.526434e-04   1.983471e-05
  3.040273e-01   2.767230e-04   1.985075e-05
  3.045924e-01   2.661113e-04   1.982896e-05
  3.051575e-01   2.981735e-04   1.982393e-05
  3.057226e-01   3.259269e-04   1.982415e-05
  3.062877e-01   3.084721e-04   1.980245e-05
  3.068527e-01   2.843487e-04   1.979864e-05
  3.074178e-01   2.577904e-04   1.977500e-05
  3.079829e-01   2.616106e-04   1.976707e-05
  3.085479e-01   2.728028e-04   1.974822e-05
  3.091130e-01   2.639018e-04   1.974515e-05
  3.096780e-01   2.713795e-04   1.972506e-05
  3.102430e-01   2.803258e-04   1.972590e-05
  3.108081e-01   3.216432e-04   1.972485e-05
  3.113731e-01   2.969360e-04   1.969355e-05
  3.119381e-01   2.661182e-04   1.969196e-05
  3.125031e-01   2.578541e-04   1.964817e-05
  3.130681e-01   2.825145e-04   1.966988e-05
  3.136331e-01   2.948752e-04   1.964950e-05
  3.141981e-01   2.739821e-04   1.963362e-05
  3.147631e-01   2.930831e-04   1.964577e-05
  3.153281e-01   3.072519e-04   1.959545e-05
  3.158931e-01   2.551521e-04   1.959139e-05
  3.164580e-01   2.582801e-04   1.957448e-05
  3.170230e-01   2.991009e-04   1.957162e-05
  3.175880e-01   2.679493e-04   1.956702e-05
  3.181529e-01   2.353676e-04   1.950661e-05
  3.187178e-01   2.613995e-04   1.954930e-05
  3.192828e-01   2.537389e-04   1.950244e-05
  3.198477e-01   2.519133e-04   1.949313e-05
  3.204126e-01   2.569529e-04   1.950701e-05
  3.209776e-01   2.876337e-04   1.946839e-05
  3.215425e-01   2.880983e-04   1.949597e-05
  3.221074e-01   2.423060e-04   1.943173e-05
  3.226723e-01   2.409018e-04   1.943732e-05
  3.232372e-01   2.221636e-04   1.942946e-05
  3.238021e-01   2.028404e-04   1.940108e-05
  3.243669e-01   2.169680e-04   1.940964e-05
  3.249318e-01   2.676193e-04   1.938549e-05
  3.254967e-01   2.625671e-04   1.939006e-05
  3.260615e-01   2.497784e-04   1.938046e-05
  3.266264e-01   2.593084e-04   1.936271e-05
  3.271913e-01   2.290784e-04   1.935831e-05
  3.277561e-01   2.298568e-04   1.933176e-05
  3.283209e-01   2.588453e-04   1.934365e-05
  3.288858e-01   2.422716e-04   1.930514e-05
  3.294506e-01   2.513134e-04   1.930346e-05
  3.300154e-01   2.492206e-04   1.930327e-05
  3.305802e-01   2.458138e-04   1.927891e-05
  3.311450e-01   2.539889e-04   1.928578e-05
  3.317098e-01   2.443479e-04   1.924429e-05
  3.322746e-01   2.052507e-04   1.923462e-05
  3.328394e-01   2.297009e-04   1.922728e-05
  3.334042e-01   2.486477e-04   1.921776e-05
  3.339689e-01   2.656449e-04   1.922169e-05
  3.345337e-01   2.518602e-04   1.918515e-05
  3.350985e-01   2.547604e-04   1.919788e-05
  3.356632e-01   2.292899e-04   1.916649e-05
  3.362280e-01   1.904435e-04   1.914969e-05
  3.367927e-01   2.127736e-04   1.914933e-05
  3.373574e-01   2.649557e-04   1.914067e-05
  3.379222e-01   2.572219e-04   1.915696e-05
  3.384869e-01   2.661261e-04   1.912427e-05
  3.390516e-01   2.402845e-04   1.909457e-05
  3.396163e-01   2.590209e-04   1.909089e-05
  3.401810e-01   2.439604e-04   1.907075e-05
  3.407457e-01   2.444354e-04   1.909587e-05
  3.413104e-01   2.583855e-04   1.905794e-05
  3.418751e-01   2.438115e-04   1.905827e-05
  3.424398e-01   2.560537e-04   1.904897e-05
  3.430044e-01   2.606939e-04   1.903608e-05
  3.435691e-01   2.347382e-04   1.902030e-05
  3.441337e-01   2.249601e-04   1.898631e-05
  3.446984e-01   2.369375e-04   1.901011e-05
  3.452630e-01   2.560250e-04   1.898437e-05
  3.458277e-01   2.585223e-04   1.898075e-05
  3.463923e-01   2.516684e-04   1.896824e-05
  3.469569e-01   2.312769e-04   1.894331e-05
  3.475215e-01   1.991465e-04   1.895552e-05
  3.480861e-01   2.171440e-04   1.892455e-05
  3.486507e-01   2.604750e-04   1.893762e-05
  3.492153e-01   2.484014e-04   1.890349e-05
  3.497799e-01   2.119321e-04   1.889062e-05
  3.503445e-01   2.255819e-04   1.890454e-05
  3.509091e-01   2.212052e-04   1.886297e-05
  3.514736e-01   2.335254e-04   1.887849e-05
  3.520382e-01   2.243744e-04   1.884888e-05
  3.526027e-01   2.551468e-04   1.919327e-05
  3.531673e-01   2.807979e-04   1.945386e-05
  3.537318e-01   2.344361e-04   1.958785e-05
  3.542964e-01   1.914791e-04   1.975354e-05
  3.548609e-01   2.212709e-04   1.985060e-05
  3.554254e-01   2.312079e-04   1.998036e-05
  3.559899e-01   2.089433e-04   2.007763e-05
  3.565544e-01   2.216195e-04   2.015548e-05
  3.571189e-01   2.391909e-04   2.028247e-05
  3.576834e-01   2.574718e-04   2.029523e-05
  3.582479e-01   2.573018e-04   2.034967e-05
  3.588124e-01   2.426483e-04   2.036699e-05
  3.593768e-01   2.071794e-04   2.039543e-05
  3.599413e-01   1.735900e-04   2.041636e-05
  3.605058e-01   1.581471e-04   2.040775e-05
  3.610702e-01   2.265933e-04   2.048123e-05
  3.616346e-01   2.143345e-04   2.047283e-05
  3.621991e-01   2.170900e-04   2.052147e-05
  3.627635e-01   2.378836e-04   2.054601e-05
  3.633279e-01   2.413645e-04   2.055738e-05
  3.638923e-01   2.629234e-04   2.057861e-05
  3.644567e-01   2.572301e-04   2.054443e-05
  3.650211e-01   2.757752e-04   2.055246e-05
  3.655855e-01   2.407838e-04   2.050653e-05
  3.661499e-01   2.061817e-04   2.049636e-05
  3.667143e-01   2.219244e-04   2.050053e-05
  3.672787e-01   2.253066e-04   2.047371e-05
  3.678430e-01   2.205420e-04   2.049172e-05
  3.684074e-01   2.523392e-04   2.045256e-05
  3.689717e-01   2.569912e-04   2.047287e-05
  3.695361e-01   2.277734e-04   2.043083e-05
  3.701004e-01   2.240708e-04   2.039249e-05
  3.706648e-01   2.067291e-04   2.040726e-05
  3.712291e-01   1.870864e-04   2.034949e-05
  3.717934e-01   1.974434e-04   2.037954e-05
  3.723577e-01   2.196757e-04   2.035276e-05
  3.729220e-01   2.629592e-04   2.034996e-05
  3.734863e-01   2.466796e-04   2.035489e-05
  3.740506e-01   2.215089e-04   2.030126e-05
  3.746148e-01   2.317559e-04   2.032190e-05
  3.751791e-01   2.498517e-04   2.029702e-05
  3.757434e-01   2.082540e-04   2.028543e-05
  3.763076e-01   1.971920e-04   2.028696e-05
  3.768719e-01   2.300034e-04   2.025594e-05
  3.774361e-01   2.313192e-04   2.033333e-05
  3.780004e-01   2.428518e-04   2.081563e-05
  3.785646e-01   2.347822e-04   2.121004e-05
  3.791288e-01   2.058947e-04   2.148859e-05
  3.796930e-01   2.179396e-04   2.174915e-05
  3.802572e-01   2.452835e-04   2.197634e-05
  3.808214e-01   2.393806e-04   2.208488e-05
  3.813856e-01   2.510163e-04   2.224681e-05
  3.819498e-01   2.609165e-04   2.229391e-05
  3.825140e-01   2.591785e-04   2.234281e-05
  3.830781e-01   2.370040e-04   2.241014e-05
  3.836423e-01   2.628114e-04   2.243060e-05
  3.842064e-01   2.780835e-04   2.252161e-05
  3.847706e-01   2.841149e-04   2.256955e-05
  3.853347e-01   2.558331e-04   2.262224e-05
  3.858989e-01   2.249668e-04   2.265264e-05
  3.864630e-01   2.057370e-04   2.264332e-05
  3.870271e-01   2.057504e-04   2.273251e-05
  3.875912e-01   2.479928e-04   2.273590e-05
  3.881553e-01   2.624105e-04   2.282194e-05
  3.887194e-01   2.439083e-04   2.282769e-05
  3.892835e-01   2.336089e-04   2.283624e-05
  3.898476e-01   2.041968e-04   2.288643e-05
  3.904116e-01   2.074406e-04   2.289028e-05
  3.909757e-01   1.769800e-04   2.295859e-05
  3.915397e-01   2.437480e-04   2.295901e-05
  3.921038e-01   2.873568e-04   2.302328e-05
  3.926678e-01   2.553092e-04   2.306750e-05
  3.932319e-01   2.171524e-04   2.305074e-05
  3.937959e-01   1.940386e-04   2.309583e-05
  3.943599e-01   2.217670e-04   2.307651e-05
  3.949239e-01   2.436101e-04   2.315119e-05
  3.954879e-01   2.443265e-04   2.317019e-05
  3.960519e-01   2.270945e-04   2.317701e-05
  3.966159e-01   2.338038e-04   2.323203e-05
  3.971799e-01   2.640984e-04   2.321599e-05
  3.977438e-01   2.696244e-04   2.330530e-05
  3.983078e-01   2.551599e-04   2.328364e-05
  3.988718e-01   2.197359e-04   2.329738e-05
  3.994357e-01   2.079278e-04   2.333607e-05
  3.999997e-01   1.907796e-04   2.331572e-05
  4.005636e-01   1.797773e-04   2.338945e-05
  4.011275e-01   2.166713e-04   2.335595e-05
  4.016914e-01   2.315553e-04   2.341583e-05
  4.022553e-01   2.654309e-04   2.345895e-05
  4.028192e-01   2.712033e-04   2.346072e-05
  4.033831e-01   2.080205e-04   2.349260e-05
  4.039470e-01   1.815572e-04   2.344799e-05
  4.045109e-01   1.586463e-04   2.348709e-05
  4.050748e-01   1.362633e-04   2.349580e-05
  4.056386e-01   1.764638e-04   2.351772e-05
  4.062025e-01   2.210444e-04   2.356613e-05
  4.067663e-01   2.101088e-04   2.353638e-05
  4.073302e-01   2.202132e-04   2.362585e-05
  4.078940e-01   2.173312e-04   2.359855e-05
  4.084578e-01   2.307139e-04   2.362157e-05
  4.090216e-01   2.317800e-04   2.365983e-05
  4.095854e-01   2.091393e-04   2.363466e-05
  4.101492e-01   2.244511e-04   2.370415e-05
  4.107130e-01   2.357971e-04   2.364996e-05
  4.112768e-01   2.718688e-04   2.373203e-05
  4.118406e-01   2.551846e-04   2.373398e-05
  4.124043e-01   1.925721e-04   2.370643e-05
  4.129681e-01   2.323658e-04   2.376383e-05
  4.135319e-01   2.496671e-04   2.372848e-05
  4.140956e-01   2.478894e-04   2.381081e-05
  4.146593e-01   2.377967e-04   2.379798e-05
  4.152231e-01   2.380753e-04   2.380097e-05
  4.157868e-01   2.381415e-04   2.382665e-05
  4.163505e-01   2.269749e-04   2.381084e-05
  4.169142e-01   2.000428e-04   2.388256e-05
  4.174779e-01   1.745296e-04   2.382949e-05
  4.180416e-01   1.974231e-04   2.386926e-05
  4.186053e-01   2.019291e-04   2.387409e-05
  4.191689e-01   2.065935e-04   2.386821e-05
  4.197326e-01   2.280503e-04   2.393404e-05
  4.202962e-01   2.625302e-04   2.390773e-05
  4.208599e-01   2.592438e-04   2.396848e-05
  4.214235e-01   2.422342e-04   2.398480e-05
  4.219871e-01   2.203006e-04   2.398616e-05
  4.225508e-01   1.697982e-04   2.399484e-05
  4.231144e-01   1.331607e-04   2.394223e-05
  4.236780e-01   1.908806e-04   2.403091e-05
  4.242416e-01   2.093077e-04   2.400854e-05
  4.248052e-01   2.333821e-04   2.406003e-05
  4.253688e-01   2.920959e-04   2.409896e-05
  4.259323e-01   2.932970e-04   2.408162e-05
  4.264959e-01   2.615162e-04   2.413705e-05
  4.270594e-01   2.213412e-04   2.406936e-05
  4.276230e-01   2.192679e-04   2.413617e-05
  4.281865e-01   2.150641e-04   2.408744e-05
  4.287501e-01   1.727747e-04   2.408711e-05
  4.293136e-01   2.205187e-04   2.415930e-05
  4.298771e-01   2.350930e-04   2.411345e-05
  4.304406e-01   2.225308e-04   2.418010e-05
  4.310041e-01   2.324182e-04   2.415842e-05
  4.315676e-01   2.488892e-04   2.421213e-05
  4.321311e-01   2.589960e-04   2.424134e-05
  4.326945e-01   2.285774e-04   2.414695e-05
  4.332580e-01   1.794928e-04   2.416681e-05
  4.338215e-01   1.655664e-04   2.408003e-05
  4.343849e-01   1.882009e-04   2.410050e-05
  4.349483e-01   1.664600e-04   2.405408e-05
  4.355118e-01   1.704964e-04   2.401486e-05
  4.360752e-01   1.895506e-04   2.409543e-05
  4.366386e-01   1.764421e-04   2.403236e-05
  4.372020e-01   1.868930e-04   2.410390e-05
  4.377654e-01   2.153383e-04   2.407921e-05
  4.383288e-01   2.136554e-04   2.408906e-05
  4.388922e-01   2.090409e-04   2.412073e-05
  4.394556e-01   1.730260e-04   2.405862e-05
  4.400189e-01   2.189608e-04   2.414762e-05
  4.405823e-01   2.350106e-04   2.412696e-05
  4.411456e-01   2.293633e-04   2.416179e-05
  4.417090e-01   2.269277e-04   2.417777e-05
  4.422723e-01   2.149983e-04   2.413694e-05
  4.428356e-01   2.386834e-04   2.418579e-05
  4.433989e-01   2.295340e-04   2.414404e-05
  4.439622e-01   2.519962e-04   2.419634e-05
  4.445255e-01   2.549111e-04   2.418485e-05
  4.450888e-01   2.419824e-04   2.416558e-05
  4.456521e-01   2.031538e-04   2.420716e-05
  4.462153e-01   1.903176e-04   2.416556e-05
  4.467786e-01   2.015552e-04   2.422690e-05
  4.473418e-01   2.197723e-04   2.420018e-05
  4.479051e-01   2.473810e-04   2.423979e-05
  4.484683e-01   2.742708e-04   2.425349e-05
  4.490315e-01   2.850603e-04   2.423200e-05
  4.495948e-01   2.678421e-04   2.428183e-05
  4.501580e-01   2.426438e-04   2.422721e-05
  4.507212e-01   2.438932e-04   2.428278e-05
  4.512844e-01   2.634767e-04   2.428177e-05
  4.518475e-01   2.429267e-04   2.426759e-05
  4.524107e-01   2.363935e-04   2.431233e-05
  4.529739e-01   2.107576e-04   2.425923e-05
  4.535370e-01   2.257567e-04   2.433724e-05
  4.541002e-01   2.104706e-04   2.428121e-05
  4.546633e-01   1.947227e-04   2.430244e-05
  4.552264e-01   2.042329e-04   2.433144e-05
  4.557896e-01   1.880123e-04   2.429436e-05
  4.563527e-01   2.065314e-04   2.437046e-05
  4.569158e-01   2.209028e-04   2.430474e-05
  4.574789e-01   2.551901e-04   2.438370e-05
  4.580420e-01   2.082750e-04   2.435629e-05
  4.586050e-01   2.210695e-04   2.434944e-05
  4.591681e-01   2.084216e-04   2.439602e-05
  4.597312e-01   1.678109e-04   2.432826e-05
  4.602942e-01   1.863578e-04   2.440531e-05
  4.608572e-01   1.836965e-04   2.436848e-05
  4.614203e-01   1.945875e-04   2.438162e-05
  4.619833e-01   2.644573e-04   2.444209e-05
  4.625463e-01   2.690526e-04   2.440518e-05
  4.631093e-01   2.809228e-04   2.449048e-05
  4.636723e-01   2.556142e-04   2.442907e-05
  4.642353e-01   2.140128e-04   2.443469e-05
  4.647983e-01   1.923806e-04   2.444895e-05
  4.653612e-01   2.096634e-04   2.442152e-05
  4.659242e-01   2.177386e-04   2.447860e-05
  4.664872e-01   2.052426e-04   2.442260e-05
  4.670501e-01   2.010531e-04   2.448989e-05
  4.676130e-01   2.162106e-04   2.447273e-05
  4.681760e-01   2.260605e-04   2.447263e-05
  4.687389e-01   2.275037e-04   2.450710e-05
  4.693018e-01   2.419406e-04   2.445842e-05
  4.698647e-01   2.832062e-04   2.454745e-05
  4.704276e-01   2.758080e-04   2.451449e-05
  4.709904e-01   2.253314e-04   2.450180e-05
  4.715533e-01   2.229024e-04   2.453976e-05
  4.721162e-01   2.224240e-04   2.448862e-05
  4.726790e-01   1.728473e-04   2.452311e-05
  4.732419e-01   1.802362e-04   2.446629e-05
  4.738047e-01   2.017311e-04   2.454265e-05
  4.743675e-01   2.231562e-04   2.454455e-05
  4.749303e-01   1.962696e-04   2.451625e-05
  4.754931e-01   2.341342e-04   2.459182e-05
  4.760559e-01   2.407005e-04   2.452278e-05
  4.766187e-01   2.065265e-04   2.459136e-05
  4.771815e-01   1.845482e-04   2.456371e-05
  4.777443e-01   1.794069e-04   2.458464e-05
  4.783070e-01   1.857724e-04   2.460496e-05
  4.788698e-01   2.422850e-04   2.457265e-05
  4.794325e-01   2.430114e-04   2.463607e-05
  4.799952e-01   2.000664e-04   2.457118e-05
  4.805580e-01   1.813965e-04   2.458962e-05
  4.811207e-01   2.368605e-04   2.462324e-05
  4.816834e-01   2.508697e-04   2.461051e-05
  4.822461e-01   2.342186e-04   2.466376e-05
  4.828088e-01   2.135635e-04   2.458481e-05
  4.833714e-01   2.189174e-04   2.466191e-05
  4.839341e-01   2.276140e-04   2.465264e-05
  4.844968e-01   2.295515e-04   2.464530e-05
  4.850594e-01   2.401297e-04   2.467512e-05
  4.856220e-01   2.199785e-04   2.462516e-05
  4.861847e-01   2.276484e-04   2.469829e-05
  4.867473e-01   2.279621e-04   2.464897e-05
  4.873099e-01   1.856696e-04   2.467059e-05
  4.878725e-01   2.201615e-04   2.468567e-05
  4.884351e-01   1.965263e-04   2.463882e-05
  4.889977e-01   1.578044e-04   2.470460e-05
  4.895602e-01   2.134815e-04   2.466654e-05
  4.901228e-01   2.393462e-04   2.473888e-05
  4.906854e-01   2.745016e-04   2.474427e-05
  4.912479e-01   2.325761e-04   2.471511e-05
  4.918104e-01   1.929272e-04   2.475763e-05
  4.923730e-01   2.380970e-04   2.469538e-05
  4.929355e-01   2.139841e-04   2.476529e-05
  4.934980e-01   2.299288e-04   2.472481e-05
  4.940605e-01   2.605859e-04   2.476024e-05
  4.946230e-01   2.256683e-04   2.478467e-05
  4.951854e-01   2.217486e-04   2.471805e-05
  4.957479e-01   2.329344e-04   2.480594e-05
  4.963104e-01   1.878481e-04   2.473520e-05
  4.968728e-01   1.543165e-04   2.475595e-05
  4.974353e-01   2.072302e-04   2.478153e-05
  4.979977e-01   1.992425e-04   2.475588e-05
  4.985601e-01   1.711135e-04   2.486389e-05
  4.991225e-01   1.672270e-04   2.493053e-05
  4.996849e-01   1.803926e-04   2.509114e-05
  5.002473e-01   2.064637e-04   2.520911e-05
  5.008097e-01   1.793559e-04   2.532100e-05
  5.013721e-01   1.829797e-04   2.554598e-05
  5.019344e-01   2.074214e-04   2.575409e-05
  5.024968e-01   1.790734e-04   2.599755e-05
  5.030591e-01   1.672936e-04   2.607962e-05
  5.036215e-01   1.744576e-04   2.623608e-05
  5.041838e-01   2.128323e-04   2.638169e-05
  5.047461e-01   1.842504e-04   2.644979e-05
  5.053084e-01   1.974036e-04   2.665146e-05
  5.058707e-01   2.265104e-04   2.672139e-05
  5.064330e-01   2.161043e-04   2.687451e-05
  5.069952e-01   2.092294e-04   2.693256e-05
  5.075575e-01   1.948728e-04   2.703698e-05
  5.081198e-01   1.940748e-04   2.719955e-05
  5.086820e-01   1.622159e-04   2.722589e-05
  5.092442e-01   1.616591e-04   2.751790e-05
  5.098065e-01   1.970980e-04   2.763432e-05
  5.103687e-01   2.068347e-04   2.788331e-05
  5.109309e-01   2.214686e-04   2.809884e-05
  5.114931e-01   2.084114e-04   2.820347e-05
  5.120553e-01   1.946912e-04   2.849018e-05
  5.126174e-01   1.698417e-04   2.856146e-05
  5.131796e-01   2.145247e-04   2.886899e-05
  5.137418e-01   2.452177e-04   2.905266e-05
  5.143039e-01   2.150948e-04   2.918618e-05
  5.148660e-01   2.335665e-04   2.950781e-05
  5.154282e-01   2.176986e-04   2.960897e-05
  5.159903e-01   2.065592e-04   2.990557e-05
  5.165524e-01   1.937639e-04   3.002862e-05
  5.171145e-01   1.937742e-04   3.022835e-05
  5.176766e-01   1.891171e-04   3.050774e-05
  5.182387e-01   1.701103e-04   3.059366e-05
  5.188007e-01   1.991860e-04   3.098389e-05
  5.193628e-01   2.262001e-04   3.106840e-05
  5.199248e-01   2.136276e-04   3.138264e-05
  5.204869e-01   1.681317e-04   3.156575e-05
  5.210489e-01   8.175264e-05   3.165808e-05
  5.216109e-01   7.352927e-05   3.204774e-05
  5.221729e-01   1.292042e-04   3.214990e-05
  5.227349e-01   1.857981e-04   3.249895e-05
  5.232969e-01   2.361005e-04   3.260566e-05
  5.238589e-01   2.289805e-04   3.283026e-05
  5.244208e-01   2.184630e-04   3.312510e-05
  5.249828e-01   2.101033e-04   3.325876e-05
  5.255447e-01   1.794732e-04   3.360229e-05
  5.261067e-01   1.829071e-04   3.372283e-05
  5.266686e-01   2.073481e-04   3.406723e-05
  5.272305e-01   1.304781e-04   3.433335e-05
  5.277924e-01   7.526513e-05   3.446874e-05
  5.283543e-01   1.119107e-04   3.481763e-05
  5.289162e-01   1.772592e-04   3.503719e-05
  5.294781e-01   2.719947e-04   3.542169e-05
  5.300399e-01   2.350380e-04   3.561726e-05
  5.306018e-01   1.815205e-04   3.561558e-05
  5.311636e-01   1.756862e-04   3.589667e-05
  5.317255e-01   1.945860e-04   3.596937e-05
  5.322873e-01   1.483243e-04   3.616794e-05
  5.328491e-01   1.703797e-04   3.630522e-05
  5.334109e-01   2.030239e-04   3.644721e-05
  5.339727e-01   1.932770e-04   3.664913e-05
  5.345345e-01   1.538479e-04   3.672304e-05
  5.350963e-01   2.075310e-04   3.695242e-05
  5.356580e-01   1.695021e-04   3.706025e-05
  5.362198e-01   1.320763e-04   3.719591e-05
  5.367815e-01   9.722847e-05   3.737736e-05
  5.373432e-01   8.367287e-05   3.746887e-05
  5.379050e-01   9.952894e-05   3.763872e-05
  5.384667e-01   1.790969e-04   3.791725e-05
  5.390284e-01   2.012715e-04   3.806014e-05
  5.395901e-01   1.960038e-04   3.824626e-05
  5.401517e-01   1.778379e-04   3.831645e-05
  5.407134e-01   1.742196e-04   3.849364e-05
  5.412751e-01   1.213233e-04   3.871442e-05
  5.418367e-01   1.699752e-04   3.887637e-05
  5.423983e-01   2.542283e-04   3.909213e-05
  5.429600e-01   1.631725e-04   3.921472e-05
  5.435216e-01   1.696048e-04   3.940114e-05
  5.440832e-01   1.621700e-04   3.960757e-05
  5.446448e-01   1.626860e-04   3.970646e-05
  5.452064e-01   1.830094e-04   3.991183e-05
  5.457679e-01   2.027754e-04   4.018166e-05
  5.463295e-01   1.259947e-04   4.027937e-05
  5.468911e-01   8.253826e-05   4.049537e-05
  5.474526e-01   9.449502e-05   4.056970e-05
  5.480141e-01   1.391047e-04   4.081416e-05
  5.485757e-01   1.509195e-04   4.108358e-05
  5.491372e-01   8.418304e-05   4.114170e-05
  5.496987e-01   1.899608e-04   4.126736e-05
  5.502602e-01   1.629714e-04   4.148113e-05
  5.508216e-01   1.098792e-04   4.162543e-05
  5.513831e-01   1.034797e-04   4.187099e-05
  5.519446e-01   9.510938e-05   4.198443e-05
  5.525060e-01   1.209834e-04   4.218845e-05
  5.530675e-01   1.508313e-04   4.249138e-05
  5.536289e-01   1.109436e-04   4.263191e-05
  5.541903e-01   1.759721e-04   4.287884e-05
  5.547517e-01   2.924128e-04   4.318741e-05
  5.553131e-01   2.059082e-04   4.329328e-05
  5.558745e-01   1.691393e-04   4.349508e-05
  5.564359e-01   1.941232e-04   4.375005e-05
  5.569972e-01   2.431707e-04   4.393237e-05
  5.575586e-01   2.043654e-04   4.414643e-05
  5.581199e-01   2.074279e-04   4.437559e-05
  5.586812e-01   1.467854e-04   4.454934e-05
  5.592426e-01   1.135240e-04   4.476428e-05
  5.598039e-01   1.121752e-04   4.500255e-05
  5.603652e-01   1.265776e-04   4.524991e-05
  5.609264e-01   6.336883e-05   4.548911e-05
  5.614877e-01   1.069933e-04   4.576876e-05
  5.620490e-01   2.200044e-04   4.601114e-05
  5.626102e-01   2.194127e-04   4.632315e-05
  5.631715e-01   2.071203e-04   4.655016e-05
  5.637327e-01   1.440533e-04   4.674628e-05
  5.642939e-01   1.585985e-04   4.706931e-05
  5.648552e-01   6.290967e-05   4.719875e-05
  5.654164e-01   1.419901e-05   4.743953e-05
  5.659775e-01   8.825566e-05   4.779688e-05
  5.665387e-01   1.733463e-04   4.812968e-05
  5.670999e-01   1.956027e-04   4.840755e-05
  5.676610e-01   1.799137e-04   4.868920e-05
  5.682222e-01   2.100332e-04   4.896464e-05
  5.687833e-01   1.851241e-04   4.927371e-05
  5.693444e-01   4.839410e-05   4.954074e-05
  5.699056e-01   1.342532e-04   4.985209e-05
  5.704667e-01   2.115086e-04   5.020614e-05
  5.710278e-01   2.090713e-04   5.049899e-05
  5.715888e-01   1.382110e-04   5.068841e-05
  5.721499e-01   1.671004e-04   5.101869e-05
  5.727110e-01   2.310544e-04   5.142329e-05
  5.732720e-01   2.844775e-04   5.174378e-05
  5.738330e-01   2.831220e-04   5.206651e-05
  5.743941e-01   2.677720e-04   5.250965e-05
  5.749551e-01   1.857253e-04   5.271619e-05
  5.755161e-01   1.247682e-04   5.299329e-05
  5.760771e-01   1.969052e-04   5.337780e-05
  5.766381e-01   2.119170e-04   5.369080e-05
  5.771990e-01   1.632700e-04   5.403129e-05
  5.777600e-01   2.244477e-04   5.444196e-05
  5.783209e-01   1.908934e-04   5.490405e-05
  5.788819e-01   1.504508e-04   5.519445e-05
  5.794428e-01   2.062959e-04   5.567140e-05
  5.800037e-01   3.026708e-04   5.625616e-05
  5.805646e-01   1.718834e-04   5.638788e-05
  5.811255e-01   6.780512e-05   5.677753e-05
  5.816864e-01   3.762158e-05   5.716613e-05
  5.822472e-01   1.812788e-05   5.749581e-05
  5.828081e-01   9.810218e-05   5.808837e-05
  5.833690e-01   8.979512e-05   5.811769e-05
  5.839298e-01   1.708380e-04   5.866003e-05
  5.844906e-01   2.840603e-04   5.929842e-05
  5.850514e-01   2.146639e-04   5.967634e-05
  5.856122e-01   1.673171e-04   6.016349e-05
  5.861730e-01   1.034499e-04   6.042499e-05
  5.867338e-01   1.146606e-04   6.101955e-05
  5.872946e-01   2.172544e-04   6.171408e-05
  5.878553e-01   7.548070e-05   6.193036e-05
  5.884161e-01   9.188008e-05   6.259471e-05
  5.889768e-01   1.755938e-04   6.317789e-05
  5.895375e-01   1.708481e-04   6.373232e-05
  5.900982e-01   1.537941e-04   6.429657e-05
  5.906589e-01   2.080115e-04   6.484744e-05
  5.912196e-01   2.173947e-04   6.551390e-05
  5.917803e-01   1.294274e-04   6.603296e-05
  5.923410e-01   1.497313e-04   6.670394e-05
  5.929016e-01   1.682593e-04   6.748025e-05
  5.934623e-01   2.424573e-04   6.801493e-05
  5.940229e-01   2.799202e-04   6.891381e-05
  5.945835e-01   3.113479e-04   6.969007e-05
  5.951441e-01   2.805817e-04   7.048205e-05
  5.957047e-01   1.786663e-04   7.106032e-05
  5.962653e-01   1.676883e-04   7.166427e-05
  5.968259e-01   1.029814e-04   7.266642e-05
  5.973865e-01   5.341713e-05   7.339267e-05
  5.979470e-01   1.017368e-05   7.406320e-05
  5.985075e-01   3.960825e-05   7.508495e-05
  5.990681e-01   1.786434e-04   7.605805e-05
  5.996286e-01   2.416640e-04   7.703637e-05
  6.001891e-01   1.140207e-04   7.798173e-05
  6.007496e-01   6.003778e-05   7.886745e-05
  6.013101e-01   8.390194e-05   7.997337e-05
  6.018705e-01   1.131094e-04   8.104874e-05
  6.024310e-01   1.310961e-04   8.221800e-05
  6.029915e-01   2.371422e-04   8.373408e-05
  6.035519e-01   8.150657e-05   8.471059e-05
  6.041123e-01   1.187453e-04   8.598485e-05
  6.046727e-01   8.917908e-05   8.743316e-05
  6.052331e-01   8.588463e-06   8.847709e-05
  6.057935e-01  -6.428535e-05   8.995110e-05
  6.063539e-01   8.088237e-05   9.170061e-05
  6.069143e-01   6.488982e-05   9.347829e-05
  6.074746e-01   1.545339e-04   9.520753e-05
  6.080350e-01   2.232360e-04   9.714631e-05
  6.085953e-01   1.088260e-04   9.878012e-05
  6.091556e-01   1.187920e-05   1.007104e-04
  6.097159e-01  -8.827927e-05   1.026304e-04
  6.102762e-01  -9.020238e-05   1.051085e-04
  6.108365e-01   3.155517e-05   1.076529e-04
  6.113968e-01   2.810651e-04   1.106775e-04
  6.119570e-01   3.040014e-04   1.134085e-04
  6.125173e-01   2.234988e-04   1.161943e-04
  6.130775e-01   1.190041e-05   1.196155e-04
  6.136378e-01   1.391584e-05   1.229481e-04
  6.141980e-01   2.422205e-04   1.272497e-04
  6.147582e-01   3.973949e-04   1.322558e-04
  6.153184e-01   3.038438e-04   1.364717e-04
  6.158785e-01   2.957702e-04   1.415464e-04
  6.164387e-01   2.923666e-04   1.475744e-04
  6.169989e-01   7.988779e-05   1.544772e-04
  6.175590e-01  -9.859820e-05   1.614277e-04
  6.181191e-01  -6.524677e-05   1.701478e-04
  6.186793e-01   9.384600e-05   1.818227e-04
  6.192394e-01   1.900947e-04   1.951805e-04
  6.197995e-01   1.742977e-06   2.124005e-04
  6.203596e-01   1.063961e-04   2.343758e-04
  6.209196e-01   3.184868e-05   2.625371e-04
  6.214797e-01  -3.229326e-04   3.079414e-04
  6.220397e-01  -4.979095e-04   3.954894e-04
  6.225998e-01  -1.854141e-04   5.834284e-04
range-from: 10
range-to: 1097
