 Dif/Atom/Shape/Bord 2fgs.pdb     Dro:  0.030 Ra: 1.6201 Rg: 24.28 Vtot:  35212.          
  0.000000E+00  0.727038E+07  0.102676E+09  0.628869E+08  0.243619E+06
  0.100000E-01  0.712889E+07  0.100856E+09  0.617743E+08  0.237137E+06
  0.200000E-01  0.672814E+07  0.956870E+08  0.586145E+08  0.218956E+06
  0.300000E-01  0.613082E+07  0.879450E+08  0.538813E+08  0.192372E+06
  0.400000E-01  0.542111E+07  0.786814E+08  0.482174E+08  0.161682E+06
  0.500000E-01  0.468203E+07  0.689522E+08  0.422693E+08  0.130904E+06
  0.600000E-01  0.397701E+07  0.595893E+08  0.365466E+08  0.102838E+06
  0.700000E-01  0.334150E+07  0.510793E+08  0.313485E+08  0.788065E+05
  0.800000E-01  0.278518E+07  0.435730E+08  0.267681E+08  0.589658E+05
  0.900000E-01  0.230155E+07  0.369917E+08  0.227570E+08  0.428940E+05
  0.100000E+00  0.187911E+07  0.311677E+08  0.192112E+08  0.300993E+05
  0.110000E+00  0.150932E+07  0.259603E+08  0.160418E+08  0.202406E+05
  0.120000E+00  0.118925E+07  0.213093E+08  0.132089E+08  0.130787E+05
  0.130000E+00  0.919647E+06  0.172262E+08  0.107172E+08  0.831714E+04
  0.140000E+00  0.701187E+06  0.137486E+08  0.858873E+07  0.550589E+04
  0.150000E+00  0.531520E+06  0.108924E+08  0.683353E+07  0.407961E+04
  0.160000E+00  0.404535E+06  0.862439E+07  0.543302E+07  0.348686E+04
  0.170000E+00  0.311645E+06  0.686505E+07  0.434061E+07  0.331181E+04
  0.180000E+00  0.243914E+06  0.550996E+07  0.349441E+07  0.331628E+04
  0.190000E+00  0.193793E+06  0.445601E+07  0.283280E+07  0.340080E+04
  0.200000E+00  0.155885E+06  0.361968E+07  0.230544E+07  0.353106E+04
  0.210000E+00  0.126811E+06  0.294283E+07  0.187694E+07  0.368410E+04
  0.220000E+00  0.104602E+06  0.238897E+07  0.152469E+07  0.383173E+04
  0.230000E+00  0.881185E+05  0.193574E+07  0.123450E+07  0.394810E+04
  0.240000E+00  0.766291E+05  0.156843E+07  0.996722E+06  0.401576E+04
  0.250000E+00  0.695561E+05  0.127611E+07  0.804099E+06  0.401982E+04
  0.260000E+00  0.662909E+05  0.104974E+07  0.650792E+06  0.393936E+04
  0.270000E+00  0.660809E+05  0.880996E+06  0.531759E+06  0.374948E+04
  0.280000E+00  0.680067E+05  0.761305E+06  0.442208E+06  0.343695E+04
  0.290000E+00  0.710927E+05  0.681592E+06  0.377299E+06  0.301680E+04
  0.300000E+00  0.744979E+05  0.632632E+06  0.332107E+06  0.253501E+04
  0.310000E+00  0.776379E+05  0.606031E+06  0.302051E+06  0.205288E+04
  0.320000E+00  0.801967E+05  0.594988E+06  0.283282E+06  0.162365E+04
  0.330000E+00  0.820098E+05  0.594166E+06  0.272682E+06  0.127714E+04
  0.340000E+00  0.829327E+05  0.598904E+06  0.267519E+06  0.102052E+04
  0.350000E+00  0.827866E+05  0.604389E+06  0.265041E+06  0.849395E+03
  0.360000E+00  0.814281E+05  0.605829E+06  0.262537E+06  0.757394E+03
  0.370000E+00  0.788691E+05  0.599312E+06  0.257706E+06  0.736260E+03
  0.380000E+00  0.753423E+05  0.583102E+06  0.249314E+06  0.769519E+03
  0.390000E+00  0.712643E+05  0.558276E+06  0.237521E+06  0.829257E+03
  0.400000E+00  0.670949E+05  0.528204E+06  0.223676E+06  0.882422E+03
  0.410000E+00  0.631773E+05  0.497011E+06  0.209602E+06  0.904198E+03
  0.420000E+00  0.596564E+05  0.467921E+06  0.196768E+06  0.889007E+03
  0.430000E+00  0.565012E+05  0.442193E+06  0.185721E+06  0.850880E+03
  0.440000E+00  0.535961E+05  0.419190E+06  0.176077E+06  0.812592E+03
  0.450000E+00  0.508427E+05  0.397298E+06  0.166943E+06  0.790976E+03
  0.460000E+00  0.482132E+05  0.375137E+06  0.157521E+06  0.787696E+03
  0.470000E+00  0.457369E+05  0.352305E+06  0.147507E+06  0.790553E+03
  0.480000E+00  0.434405E+05  0.329343E+06  0.137137E+06  0.783003E+03
  0.490000E+00  0.413034E+05  0.307171E+06  0.126916E+06  0.754881E+03
  0.500000E+00  0.392467E+05  0.286336E+06  0.117238E+06  0.707481E+03
