/Users/a  Dro:0.075  Ra:1.400  RGT:18.17  Vol:   543.  Chi^2:******
  0.000000E+00  0.000000E+00  0.000000E+00  0.112873E+03
  0.200000E-02  0.000000E+00  0.000000E+00  0.112819E+03
  0.400000E-02  0.000000E+00  0.000000E+00  0.112675E+03
  0.515365E-02  0.349486E+03  0.819932E+02  0.112550E+03
  0.545680E-02  0.351465E+03  0.634583E+02  0.112512E+03
  0.575996E-02  0.358927E+03  0.528309E+02  0.112472E+03
  0.606311E-02  0.323270E+03  0.441209E+02  0.112430E+03
  0.636627E-02  0.347677E+03  0.358451E+02  0.112386E+03
  0.666942E-02  0.331253E+03  0.335461E+02  0.112340E+03
  0.697258E-02  0.352244E+03  0.260779E+02  0.112292E+03
  0.727573E-02  0.339548E+03  0.250693E+02  0.112242E+03
  0.757889E-02  0.340156E+03  0.218804E+02  0.112189E+03
  0.788204E-02  0.335852E+03  0.195160E+02  0.112135E+03
  0.818520E-02  0.345047E+03  0.164789E+02  0.112078E+03
  0.848835E-02  0.341548E+03  0.142736E+02  0.112020E+03
  0.879151E-02  0.333432E+03  0.145923E+02  0.111959E+03
  0.909467E-02  0.340929E+03  0.128100E+02  0.111896E+03
  0.939782E-02  0.339366E+03  0.118400E+02  0.111831E+03
  0.970098E-02  0.344941E+03  0.100084E+02  0.111765E+03
  0.100041E-01  0.339392E+03  0.952420E+01  0.111696E+03
  0.103073E-01  0.340736E+03  0.992370E+01  0.111625E+03
  0.106104E-01  0.339174E+03  0.850633E+01  0.111552E+03
  0.109136E-01  0.335313E+03  0.833273E+01  0.111477E+03
  0.112167E-01  0.339779E+03  0.725000E+01  0.111400E+03
  0.115199E-01  0.337277E+03  0.744875E+01  0.111321E+03
  0.118231E-01  0.338462E+03  0.701779E+01  0.111240E+03
  0.121262E-01  0.337403E+03  0.611086E+01  0.111157E+03
  0.124294E-01  0.331801E+03  0.643356E+01  0.111071E+03
  0.127325E-01  0.333821E+03  0.615063E+01  0.110984E+03
  0.130357E-01  0.327351E+03  0.654180E+01  0.110895E+03
  0.133388E-01  0.332637E+03  0.667607E+01  0.110804E+03
  0.136420E-01  0.333992E+03  0.568695E+01  0.110710E+03
  0.139451E-01  0.326337E+03  0.592980E+01  0.110615E+03
  0.142483E-01  0.328503E+03  0.558524E+01  0.110517E+03
  0.145514E-01  0.321125E+03  0.588600E+01  0.110417E+03
  0.148546E-01  0.329461E+03  0.538179E+01  0.110314E+03
  0.151577E-01  0.328341E+03  0.539525E+01  0.110210E+03
  0.154609E-01  0.318318E+03  0.571979E+01  0.110103E+03
  0.157641E-01  0.326538E+03  0.498751E+01  0.109994E+03
  0.160672E-01  0.310059E+03  0.538237E+01  0.109883E+03
  0.163704E-01  0.316607E+03  0.505584E+01  0.109769E+03
  0.166735E-01  0.316730E+03  0.505827E+01  0.109653E+03
  0.169767E-01  0.309567E+03  0.507393E+01  0.109535E+03
  0.172798E-01  0.317332E+03  0.471061E+01  0.109415E+03
  0.175830E-01  0.314374E+03  0.515540E+01  0.109292E+03
  0.178861E-01  0.311792E+03  0.477174E+01  0.109168E+03
  0.181893E-01  0.306146E+03  0.464139E+01  0.109041E+03
  0.184924E-01  0.311402E+03  0.464345E+01  0.108913E+03
  0.187956E-01  0.306683E+03  0.432444E+01  0.108782E+03
  0.190987E-01  0.302153E+03  0.423387E+01  0.108650E+03
  0.194019E-01  0.308047E+03  0.398069E+01  0.108515E+03
  0.197051E-01  0.308258E+03  0.380681E+01  0.108379E+03
  0.200082E-01  0.307651E+03  0.380877E+01  0.108241E+03
  0.203113E-01  0.303466E+03  0.361434E+01  0.108101E+03
  0.206145E-01  0.302667E+03  0.358067E+01  0.107960E+03
  0.209176E-01  0.303281E+03  0.339622E+01  0.107816E+03
  0.212208E-01  0.297316E+03  0.339815E+01  0.107671E+03
  0.215240E-01  0.296089E+03  0.325111E+01  0.107524E+03
  0.218271E-01  0.294959E+03  0.324642E+01  0.107375E+03
  0.221303E-01  0.295286E+03  0.312250E+01  0.107225E+03
  0.224334E-01  0.296747E+03  0.308968E+01  0.107072E+03
  0.227366E-01  0.293448E+03  0.307207E+01  0.106918E+03
  0.230397E-01  0.291476E+03  0.293328E+01  0.106762E+03
  0.233429E-01  0.292611E+03  0.295981E+01  0.106605E+03
  0.236460E-01  0.289734E+03  0.277777E+01  0.106446E+03
  0.239492E-01  0.289665E+03  0.279974E+01  0.106285E+03
  0.242523E-01  0.285984E+03  0.277350E+01  0.106122E+03
  0.245555E-01  0.286615E+03  0.267799E+01  0.105958E+03
  0.248586E-01  0.282376E+03  0.264656E+01  0.105792E+03
  0.251618E-01  0.283735E+03  0.254756E+01  0.105624E+03
  0.254649E-01  0.280880E+03  0.255234E+01  0.105455E+03
  0.257681E-01  0.277827E+03  0.248869E+01  0.105283E+03
  0.260712E-01  0.276262E+03  0.239246E+01  0.105110E+03
  0.263744E-01  0.274031E+03  0.242961E+01  0.104935E+03
  0.266775E-01  0.273921E+03  0.237742E+01  0.104759E+03
  0.269807E-01  0.272533E+03  0.237744E+01  0.104580E+03
  0.272838E-01  0.270956E+03  0.235686E+01  0.104400E+03
  0.275870E-01  0.271309E+03  0.222433E+01  0.104217E+03
  0.278901E-01  0.267159E+03  0.230433E+01  0.104033E+03
  0.281933E-01  0.264433E+03  0.218595E+01  0.103848E+03
  0.284964E-01  0.263680E+03  0.218816E+01  0.103660E+03
  0.287996E-01  0.263044E+03  0.215403E+01  0.103470E+03
  0.291027E-01  0.260891E+03  0.211506E+01  0.103279E+03
  0.294059E-01  0.261068E+03  0.215284E+01  0.103086E+03
  0.297090E-01  0.253657E+03  0.206748E+01  0.102891E+03
  0.300121E-01  0.254771E+03  0.204739E+01  0.102695E+03
  0.303153E-01  0.250655E+03  0.202081E+01  0.102497E+03
  0.306184E-01  0.252486E+03  0.197416E+01  0.102297E+03
  0.309216E-01  0.248484E+03  0.199646E+01  0.102096E+03
  0.312247E-01  0.249069E+03  0.190875E+01  0.101893E+03
  0.315279E-01  0.247424E+03  0.193048E+01  0.101688E+03
  0.318310E-01  0.245102E+03  0.193372E+01  0.101482E+03
  0.321342E-01  0.242886E+03  0.188702E+01  0.101274E+03
  0.324373E-01  0.240449E+03  0.189504E+01  0.101064E+03
  0.327405E-01  0.238224E+03  0.177946E+01  0.100853E+03
  0.330436E-01  0.237506E+03  0.181993E+01  0.100641E+03
  0.333468E-01  0.234894E+03  0.177565E+01  0.100427E+03
  0.336499E-01  0.230853E+03  0.177874E+01  0.100211E+03
  0.339530E-01  0.230511E+03  0.178082E+01  0.999939E+02
  0.342562E-01  0.228464E+03  0.169525E+01  0.997754E+02
  0.345593E-01  0.224699E+03  0.174303E+01  0.995554E+02
  0.348625E-01  0.226961E+03  0.166929E+01  0.993339E+02
  0.351656E-01  0.224489E+03  0.167987E+01  0.991110E+02
  0.354688E-01  0.219082E+03  0.167744E+01  0.988867E+02
  0.357719E-01  0.221221E+03  0.162944E+01  0.986611E+02
  0.360751E-01  0.218387E+03  0.162253E+01  0.984340E+02
  0.363782E-01  0.219210E+03  0.156235E+01  0.982055E+02
  0.366813E-01  0.215563E+03  0.162540E+01  0.979758E+02
  0.369845E-01  0.212704E+03  0.157476E+01  0.977446E+02
  0.372876E-01  0.209640E+03  0.156933E+01  0.975121E+02
  0.375908E-01  0.207383E+03  0.153721E+01  0.972783E+02
  0.378939E-01  0.207756E+03  0.155110E+01  0.970432E+02
  0.381971E-01  0.205186E+03  0.152484E+01  0.968068E+02
  0.385002E-01  0.203890E+03  0.149997E+01  0.965691E+02
  0.388033E-01  0.200260E+03  0.148777E+01  0.963302E+02
  0.391065E-01  0.197862E+03  0.145953E+01  0.960900E+02
  0.394096E-01  0.197535E+03  0.145221E+01  0.958485E+02
  0.397128E-01  0.193451E+03  0.144300E+01  0.956058E+02
  0.400159E-01  0.194752E+03  0.143152E+01  0.953619E+02
  0.403191E-01  0.192583E+03  0.139865E+01  0.951167E+02
  0.406222E-01  0.188603E+03  0.140449E+01  0.948702E+02
  0.409253E-01  0.185387E+03  0.137316E+01  0.946225E+02
  0.412285E-01  0.186410E+03  0.139683E+01  0.943735E+02
  0.415316E-01  0.185091E+03  0.136208E+01  0.941233E+02
  0.418347E-01  0.181602E+03  0.132367E+01  0.938718E+02
  0.421379E-01  0.180593E+03  0.132290E+01  0.936190E+02
  0.424410E-01  0.178910E+03  0.132739E+01  0.933650E+02
  0.427442E-01  0.176439E+03  0.131126E+01  0.931097E+02
  0.430473E-01  0.177793E+03  0.130843E+01  0.928531E+02
  0.433504E-01  0.172234E+03  0.130322E+01  0.925953E+02
  0.436536E-01  0.171228E+03  0.125350E+01  0.923361E+02
  0.439567E-01  0.168018E+03  0.124644E+01  0.920758E+02
  0.442599E-01  0.167121E+03  0.123090E+01  0.918142E+02
  0.445630E-01  0.163582E+03  0.119682E+01  0.915513E+02
  0.448661E-01  0.162720E+03  0.124372E+01  0.912873E+02
  0.451693E-01  0.161353E+03  0.121115E+01  0.910221E+02
  0.454724E-01  0.157702E+03  0.117611E+01  0.907556E+02
  0.457755E-01  0.155608E+03  0.119399E+01  0.904881E+02
  0.460787E-01  0.153121E+03  0.119148E+01  0.902193E+02
  0.463818E-01  0.153922E+03  0.121802E+01  0.899495E+02
  0.466850E-01  0.152488E+03  0.120454E+01  0.896785E+02
  0.469881E-01  0.149954E+03  0.121163E+01  0.894064E+02
  0.472912E-01  0.147441E+03  0.120457E+01  0.891332E+02
  0.475944E-01  0.146094E+03  0.119337E+01  0.888589E+02
  0.478975E-01  0.145731E+03  0.119900E+01  0.885836E+02
  0.482006E-01  0.143203E+03  0.118966E+01  0.883073E+02
  0.485038E-01  0.139216E+03  0.123322E+01  0.880300E+02
  0.488069E-01  0.137598E+03  0.122716E+01  0.877517E+02
  0.491100E-01  0.135635E+03  0.123503E+01  0.874724E+02
  0.494132E-01  0.133200E+03  0.123005E+01  0.871923E+02
  0.497163E-01  0.134202E+03  0.123445E+01  0.869112E+02
  0.500194E-01  0.131935E+03  0.124306E+01  0.866293E+02
  0.503226E-01  0.127769E+03  0.124680E+01  0.863465E+02
  0.506257E-01  0.127310E+03  0.121101E+01  0.860629E+02
  0.509288E-01  0.125442E+03  0.119447E+01  0.857785E+02
  0.512320E-01  0.125728E+03  0.121871E+01  0.854933E+02
  0.515351E-01  0.123694E+03  0.121821E+01  0.852074E+02
  0.518382E-01  0.120971E+03  0.120403E+01  0.849207E+02
  0.521414E-01  0.120114E+03  0.119526E+01  0.846333E+02
  0.524445E-01  0.116801E+03  0.117797E+01  0.843452E+02
  0.527476E-01  0.115708E+03  0.119529E+01  0.840564E+02
  0.530507E-01  0.114941E+03  0.121318E+01  0.837669E+02
  0.533539E-01  0.113088E+03  0.117346E+01  0.834767E+02
  0.536570E-01  0.110983E+03  0.120460E+01  0.831859E+02
  0.539601E-01  0.108493E+03  0.116737E+01  0.828944E+02
  0.542633E-01  0.107920E+03  0.116584E+01  0.826024E+02
  0.545664E-01  0.106911E+03  0.117992E+01  0.823097E+02
  0.548695E-01  0.106287E+03  0.114684E+01  0.820165E+02
  0.551726E-01  0.101465E+03  0.115544E+01  0.817226E+02
  0.554758E-01  0.103001E+03  0.115137E+01  0.814282E+02
  0.557789E-01  0.101039E+03  0.115152E+01  0.811332E+02
  0.560820E-01  0.994144E+02  0.113862E+01  0.808376E+02
  0.563852E-01  0.955120E+02  0.112309E+01  0.805414E+02
  0.566883E-01  0.968565E+02  0.115041E+01  0.802446E+02
  0.569914E-01  0.955743E+02  0.111885E+01  0.799471E+02
  0.572945E-01  0.911686E+02  0.112851E+01  0.796490E+02
  0.575977E-01  0.919036E+02  0.113261E+01  0.793503E+02
  0.579008E-01  0.873613E+02  0.112199E+01  0.790508E+02
  0.582039E-01  0.882226E+02  0.111368E+01  0.787508E+02
  0.585070E-01  0.878421E+02  0.110236E+01  0.784500E+02
  0.588101E-01  0.856322E+02  0.114037E+01  0.781485E+02
  0.591133E-01  0.838190E+02  0.108739E+01  0.778464E+02
  0.594164E-01  0.817596E+02  0.110090E+01  0.775436E+02
  0.597195E-01  0.804875E+02  0.109185E+01  0.772402E+02
  0.600226E-01  0.789761E+02  0.110044E+01  0.769362E+02
  0.603258E-01  0.791111E+02  0.110362E+01  0.766316E+02
  0.606289E-01  0.780531E+02  0.106498E+01  0.763264E+02
  0.609320E-01  0.748100E+02  0.106239E+01  0.760208E+02
  0.612351E-01  0.745673E+02  0.105131E+01  0.757146E+02
  0.615383E-01  0.724741E+02  0.103159E+01  0.754080E+02
  0.618414E-01  0.727598E+02  0.103879E+01  0.751010E+02
  0.621445E-01  0.737171E+02  0.104948E+01  0.747936E+02
  0.624476E-01  0.703446E+02  0.984319E+00  0.744858E+02
  0.627507E-01  0.684998E+02  0.971781E+00  0.741777E+02
  0.630538E-01  0.679916E+02  0.969221E+00  0.738692E+02
  0.633570E-01  0.661259E+02  0.958064E+00  0.735604E+02
  0.636601E-01  0.660928E+02  0.956612E+00  0.732514E+02
  0.639632E-01  0.672770E+02  0.984852E+00  0.729421E+02
  0.642663E-01  0.634935E+02  0.965123E+00  0.726325E+02
  0.645694E-01  0.623285E+02  0.962036E+00  0.723226E+02
  0.648726E-01  0.603655E+02  0.979660E+00  0.720125E+02
  0.651757E-01  0.590255E+02  0.924883E+00  0.717022E+02
  0.654788E-01  0.584830E+02  0.945592E+00  0.713917E+02
  0.657819E-01  0.576946E+02  0.947239E+00  0.710809E+02
  0.660850E-01  0.557982E+02  0.951786E+00  0.707700E+02
  0.663881E-01  0.544598E+02  0.933143E+00  0.704589E+02
  0.666913E-01  0.538941E+02  0.941198E+00  0.701476E+02
  0.669944E-01  0.530045E+02  0.936230E+00  0.698361E+02
  0.672975E-01  0.521908E+02  0.924335E+00  0.695246E+02
  0.676006E-01  0.512435E+02  0.888535E+00  0.692129E+02
  0.679037E-01  0.501091E+02  0.913914E+00  0.689012E+02
  0.682068E-01  0.469883E+02  0.928434E+00  0.685894E+02
  0.685099E-01  0.477904E+02  0.910352E+00  0.682776E+02
  0.688131E-01  0.453744E+02  0.923943E+00  0.679657E+02
  0.691162E-01  0.453686E+02  0.930499E+00  0.676539E+02
  0.694193E-01  0.437326E+02  0.885022E+00  0.673422E+02
  0.697224E-01  0.431174E+02  0.907290E+00  0.670305E+02
  0.700255E-01  0.427078E+02  0.889065E+00  0.667189E+02
  0.703286E-01  0.428600E+02  0.889719E+00  0.664074E+02
  0.706317E-01  0.382264E+02  0.894981E+00  0.660960E+02
  0.709348E-01  0.392418E+02  0.859877E+00  0.657848E+02
  0.712379E-01  0.376437E+02  0.876858E+00  0.654737E+02
  0.715410E-01  0.387403E+02  0.871047E+00  0.651627E+02
  0.718441E-01  0.369778E+02  0.861870E+00  0.648517E+02
  0.721473E-01  0.353324E+02  0.880659E+00  0.645407E+02
  0.724504E-01  0.350549E+02  0.855968E+00  0.642297E+02
  0.727535E-01  0.349550E+02  0.878000E+00  0.639185E+02
  0.730566E-01  0.327423E+02  0.853159E+00  0.636073E+02
  0.733597E-01  0.334902E+02  0.852266E+00  0.632959E+02
  0.736628E-01  0.312325E+02  0.835244E+00  0.629843E+02
  0.739659E-01  0.302479E+02  0.826257E+00  0.626725E+02
  0.742690E-01  0.305380E+02  0.850057E+00  0.623605E+02
  0.745721E-01  0.305647E+02  0.859043E+00  0.620481E+02
  0.748752E-01  0.305359E+02  0.830681E+00  0.617355E+02
  0.751783E-01  0.295748E+02  0.824479E+00  0.614227E+02
  0.754814E-01  0.280594E+02  0.833003E+00  0.611097E+02
  0.757845E-01  0.278122E+02  0.841916E+00  0.607966E+02
  0.760876E-01  0.268562E+02  0.823711E+00  0.604834E+02
  0.763907E-01  0.246634E+02  0.831533E+00  0.601702E+02
  0.766938E-01  0.245236E+02  0.830058E+00  0.598571E+02
  0.769969E-01  0.263149E+02  0.858439E+00  0.595441E+02
  0.773000E-01  0.219667E+02  0.862602E+00  0.592313E+02
  0.776031E-01  0.236072E+02  0.856884E+00  0.589186E+02
  0.779062E-01  0.231104E+02  0.874391E+00  0.586063E+02
  0.782093E-01  0.215650E+02  0.863920E+00  0.582943E+02
  0.785124E-01  0.210287E+02  0.874432E+00  0.579827E+02
  0.788155E-01  0.213729E+02  0.862392E+00  0.576714E+02
  0.791186E-01  0.206132E+02  0.887832E+00  0.573606E+02
  0.794217E-01  0.193776E+02  0.876146E+00  0.570502E+02
  0.797248E-01  0.186882E+02  0.908926E+00  0.567403E+02
  0.800279E-01  0.172284E+02  0.915868E+00  0.564307E+02
  0.803310E-01  0.182925E+02  0.877899E+00  0.561216E+02
  0.806341E-01  0.162630E+02  0.892617E+00  0.558128E+02
  0.809372E-01  0.173529E+02  0.890190E+00  0.555045E+02
  0.812403E-01  0.167448E+02  0.895250E+00  0.551967E+02
  0.815434E-01  0.161338E+02  0.885368E+00  0.548892E+02
  0.818465E-01  0.167821E+02  0.881888E+00  0.545822E+02
  0.821496E-01  0.158312E+02  0.911656E+00  0.542756E+02
  0.824527E-01  0.178737E+02  0.899084E+00  0.539694E+02
  0.827558E-01  0.151536E+02  0.897761E+00  0.536637E+02
  0.830589E-01  0.138045E+02  0.847755E+00  0.533585E+02
  0.833620E-01  0.120361E+02  0.828212E+00  0.530537E+02
  0.836651E-01  0.135746E+02  0.869251E+00  0.527494E+02
  0.839681E-01  0.122579E+02  0.826497E+00  0.524456E+02
  0.842712E-01  0.126504E+02  0.825720E+00  0.521424E+02
  0.845743E-01  0.107981E+02  0.805085E+00  0.518397E+02
  0.848774E-01  0.120321E+02  0.804487E+00  0.515376E+02
  0.851805E-01  0.109276E+02  0.810453E+00  0.512361E+02
  0.854836E-01  0.110679E+02  0.792674E+00  0.509352E+02
  0.857867E-01  0.117219E+02  0.794310E+00  0.506349E+02
  0.860898E-01  0.102657E+02  0.799014E+00  0.503353E+02
  0.863928E-01  0.100046E+02  0.787566E+00  0.500363E+02
  0.866959E-01  0.802319E+01  0.773192E+00  0.497380E+02
  0.869990E-01  0.892822E+01  0.780265E+00  0.494403E+02
  0.873021E-01  0.719986E+01  0.772380E+00  0.491432E+02
  0.876052E-01  0.796378E+01  0.795187E+00  0.488467E+02
  0.879083E-01  0.942085E+01  0.778796E+00  0.485507E+02
  0.882114E-01  0.788762E+01  0.769317E+00  0.482553E+02
  0.885144E-01  0.746713E+01  0.757541E+00  0.479603E+02
  0.888175E-01  0.873461E+01  0.787426E+00  0.476659E+02
  0.891206E-01  0.668197E+01  0.754473E+00  0.473720E+02
  0.894237E-01  0.832300E+01  0.758094E+00  0.470785E+02
  0.897268E-01  0.610200E+01  0.766866E+00  0.467854E+02
  0.900299E-01  0.676084E+01  0.760225E+00  0.464927E+02
  0.903329E-01  0.600721E+01  0.744768E+00  0.462004E+02
  0.906360E-01  0.616802E+01  0.745626E+00  0.459086E+02
  0.909391E-01  0.595980E+01  0.742266E+00  0.456172E+02
  0.912422E-01  0.551864E+01  0.736660E+00  0.453262E+02
  0.915453E-01  0.547835E+01  0.748337E+00  0.450358E+02
  0.918483E-01  0.538461E+01  0.735139E+00  0.447460E+02
  0.921514E-01  0.414503E+01  0.730905E+00  0.444568E+02
  0.924545E-01  0.438106E+01  0.737167E+00  0.441683E+02
  0.927576E-01  0.473248E+01  0.726758E+00  0.438805E+02
  0.930606E-01  0.532385E+01  0.734103E+00  0.435934E+02
  0.933637E-01  0.541380E+01  0.741203E+00  0.433070E+02
  0.936668E-01  0.334948E+01  0.733549E+00  0.430215E+02
  0.939699E-01  0.496940E+01  0.731993E+00  0.427368E+02
  0.942729E-01  0.334309E+01  0.708886E+00  0.424530E+02
  0.945760E-01  0.479087E+01  0.712212E+00  0.421701E+02
  0.948791E-01  0.398444E+01  0.726761E+00  0.418881E+02
  0.951822E-01  0.485306E+01  0.717697E+00  0.416070E+02
  0.954852E-01  0.460633E+01  0.722116E+00  0.413268E+02
  0.957883E-01  0.248485E+01  0.699726E+00  0.410475E+02
  0.960914E-01  0.347868E+01  0.713111E+00  0.407690E+02
  0.963944E-01  0.243728E+01  0.725668E+00  0.404915E+02
  0.966975E-01  0.348221E+01  0.702095E+00  0.402148E+02
  0.970006E-01  0.347344E+01  0.700960E+00  0.399390E+02
  0.973037E-01  0.324254E+01  0.713777E+00  0.396641E+02
  0.976067E-01  0.237611E+01  0.695486E+00  0.393901E+02
  0.979098E-01  0.312768E+01  0.690374E+00  0.391169E+02
  0.982129E-01  0.223182E+01  0.692154E+00  0.388446E+02
  0.985159E-01  0.344082E+01  0.703643E+00  0.385732E+02
  0.988190E-01  0.276036E+01  0.701551E+00  0.383027E+02
  0.991221E-01  0.235941E+01  0.699614E+00  0.380331E+02
  0.994251E-01  0.410435E+01  0.708921E+00  0.377644E+02
  0.997282E-01  0.456375E+01  0.740575E+00  0.374966E+02
  0.100031E+00  0.351501E+01  0.721679E+00  0.372298E+02
  0.100334E+00  0.382615E+01  0.750318E+00  0.369638E+02
  0.100637E+00  0.186616E+01  0.736054E+00  0.366987E+02
  0.100940E+00  0.272047E+01  0.736439E+00  0.364347E+02
  0.101244E+00  0.217352E+01  0.757994E+00  0.361715E+02
  0.101547E+00  0.343379E+01  0.742910E+00  0.359092E+02
  0.101850E+00  0.420710E+01  0.759069E+00  0.356480E+02
  0.102153E+00  0.309427E+01  0.745254E+00  0.353877E+02
  0.102456E+00  0.439359E+01  0.747832E+00  0.351284E+02
  0.102759E+00  0.339711E+01  0.784814E+00  0.348700E+02
  0.103062E+00  0.113850E+01  0.729408E+00  0.346125E+02
  0.103365E+00  0.264673E+01  0.726160E+00  0.343560E+02
  0.103668E+00  0.340344E+01  0.730282E+00  0.341004E+02
  0.103971E+00  0.337188E+01  0.728124E+00  0.338457E+02
  0.104274E+00  0.140732E+01  0.730368E+00  0.335918E+02
  0.104577E+00  0.247398E+01  0.723319E+00  0.333390E+02
  0.104880E+00  0.342957E+01  0.729300E+00  0.330869E+02
  0.105183E+00  0.130737E+01  0.713791E+00  0.328358E+02
  0.105486E+00  0.379040E+01  0.717799E+00  0.325854E+02
  0.105789E+00  0.320318E+01  0.720874E+00  0.323360E+02
  0.106092E+00  0.347836E+01  0.703551E+00  0.320874E+02
  0.106396E+00  0.261410E+01  0.708805E+00  0.318396E+02
  0.106699E+00  0.364128E+01  0.713382E+00  0.315928E+02
  0.107002E+00  0.107030E+01  0.696184E+00  0.313468E+02
  0.107305E+00  0.153559E+01  0.697209E+00  0.311019E+02
  0.107608E+00  0.259543E+01  0.705422E+00  0.308578E+02
  0.107911E+00  0.402798E+01  0.698647E+00  0.306148E+02
  0.108214E+00  0.310702E+01  0.707386E+00  0.303729E+02
  0.108517E+00  0.406420E+01  0.703470E+00  0.301318E+02
  0.108820E+00  0.401605E+01  0.689837E+00  0.298919E+02
  0.109123E+00  0.355300E+01  0.702509E+00  0.296530E+02
  0.109426E+00  0.292351E+01  0.708184E+00  0.294152E+02
  0.109729E+00  0.243668E+01  0.698830E+00  0.291784E+02
  0.110032E+00  0.413992E+01  0.694995E+00  0.289429E+02
  0.110335E+00  0.282718E+01  0.698206E+00  0.287084E+02
  0.110638E+00  0.425356E+01  0.682947E+00  0.284751E+02
  0.110941E+00  0.353936E+01  0.691957E+00  0.282428E+02
  0.111244E+00  0.250589E+01  0.682679E+00  0.280118E+02
  0.111547E+00  0.368674E+01  0.686734E+00  0.277819E+02
  0.111850E+00  0.353802E+01  0.685965E+00  0.275530E+02
  0.112153E+00  0.213022E+01  0.667839E+00  0.273253E+02
  0.112456E+00  0.377636E+01  0.672763E+00  0.270986E+02
  0.112759E+00  0.342701E+01  0.686558E+00  0.268731E+02
  0.113062E+00  0.315630E+01  0.660589E+00  0.266488E+02
  0.113365E+00  0.323522E+01  0.677133E+00  0.264255E+02
  0.113669E+00  0.342266E+01  0.665914E+00  0.262034E+02
  0.113972E+00  0.217658E+01  0.677274E+00  0.259824E+02
  0.114275E+00  0.323046E+01  0.666646E+00  0.257624E+02
  0.114578E+00  0.266015E+01  0.659722E+00  0.255436E+02
  0.114881E+00  0.452468E+01  0.657894E+00  0.253258E+02
  0.115184E+00  0.357875E+01  0.675910E+00  0.251093E+02
  0.115487E+00  0.285852E+01  0.669148E+00  0.248938E+02
  0.115790E+00  0.385298E+01  0.669185E+00  0.246793E+02
  0.116093E+00  0.402260E+01  0.662893E+00  0.244660E+02
  0.116396E+00  0.369231E+01  0.659286E+00  0.242538E+02
  0.116699E+00  0.351259E+01  0.663821E+00  0.240427E+02
  0.117002E+00  0.373726E+01  0.664224E+00  0.238327E+02
  0.117305E+00  0.344276E+01  0.654627E+00  0.236237E+02
  0.117608E+00  0.424614E+01  0.656531E+00  0.234159E+02
  0.117911E+00  0.414068E+01  0.662131E+00  0.232091E+02
  0.118214E+00  0.447875E+01  0.655248E+00  0.230034E+02
  0.118517E+00  0.512216E+01  0.666344E+00  0.227988E+02
  0.118820E+00  0.535774E+01  0.656797E+00  0.225953E+02
  0.119123E+00  0.378427E+01  0.657334E+00  0.223928E+02
  0.119426E+00  0.487476E+01  0.659477E+00  0.221914E+02
  0.119729E+00  0.507306E+01  0.656090E+00  0.219911E+02
  0.120032E+00  0.492058E+01  0.642452E+00  0.217919E+02
  0.120335E+00  0.455032E+01  0.660173E+00  0.215937E+02
  0.120638E+00  0.350869E+01  0.648503E+00  0.213966E+02
  0.120941E+00  0.465158E+01  0.653561E+00  0.212005E+02
  0.121244E+00  0.477572E+01  0.657263E+00  0.210056E+02
  0.121547E+00  0.521229E+01  0.642876E+00  0.208116E+02
  0.121850E+00  0.565961E+01  0.642023E+00  0.206187E+02
  0.122153E+00  0.548490E+01  0.650889E+00  0.204269E+02
  0.122456E+00  0.485267E+01  0.667088E+00  0.202362E+02
  0.122759E+00  0.586774E+01  0.656635E+00  0.200466E+02
  0.123062E+00  0.429722E+01  0.669109E+00  0.198581E+02
  0.123365E+00  0.355288E+01  0.641973E+00  0.196707E+02
  0.123668E+00  0.677050E+01  0.654047E+00  0.194843E+02
  0.123971E+00  0.623743E+01  0.653514E+00  0.192991E+02
  0.124274E+00  0.554131E+01  0.642708E+00  0.191150E+02
  0.124577E+00  0.573817E+01  0.652721E+00  0.189321E+02
  0.124880E+00  0.499522E+01  0.642523E+00  0.187504E+02
  0.125183E+00  0.405052E+01  0.660343E+00  0.185697E+02
  0.125486E+00  0.478252E+01  0.644432E+00  0.183903E+02
  0.125789E+00  0.522403E+01  0.652438E+00  0.182120E+02
  0.126092E+00  0.621053E+01  0.653016E+00  0.180348E+02
  0.126395E+00  0.565928E+01  0.655299E+00  0.178588E+02
  0.126698E+00  0.657515E+01  0.648299E+00  0.176839E+02
  0.127001E+00  0.700811E+01  0.648958E+00  0.175103E+02
  0.127304E+00  0.535314E+01  0.635073E+00  0.173377E+02
  0.127608E+00  0.623734E+01  0.646038E+00  0.171664E+02
  0.127911E+00  0.569343E+01  0.635040E+00  0.169961E+02
  0.128214E+00  0.666526E+01  0.639699E+00  0.168270E+02
  0.128517E+00  0.726110E+01  0.633258E+00  0.166591E+02
  0.128820E+00  0.531813E+01  0.633708E+00  0.164922E+02
  0.129123E+00  0.521008E+01  0.637003E+00  0.163265E+02
  0.129425E+00  0.633323E+01  0.640193E+00  0.161620E+02
  0.129728E+00  0.587274E+01  0.643679E+00  0.159986E+02
  0.130031E+00  0.699536E+01  0.642532E+00  0.158363E+02
  0.130334E+00  0.635647E+01  0.645063E+00  0.156751E+02
  0.130637E+00  0.668333E+01  0.639302E+00  0.155150E+02
  0.130940E+00  0.627487E+01  0.643722E+00  0.153560E+02
  0.131244E+00  0.597254E+01  0.650480E+00  0.151982E+02
  0.131547E+00  0.662836E+01  0.640216E+00  0.150414E+02
  0.131850E+00  0.674914E+01  0.641139E+00  0.148858E+02
  0.132153E+00  0.649150E+01  0.649518E+00  0.147312E+02
  0.132456E+00  0.645403E+01  0.635798E+00  0.145777E+02
  0.132759E+00  0.617303E+01  0.653969E+00  0.144253E+02
  0.133061E+00  0.596848E+01  0.640512E+00  0.142740E+02
  0.133364E+00  0.663969E+01  0.643385E+00  0.141238E+02
  0.133667E+00  0.594287E+01  0.637795E+00  0.139747E+02
  0.133970E+00  0.609700E+01  0.635277E+00  0.138266E+02
  0.134273E+00  0.626005E+01  0.640856E+00  0.136797E+02
  0.134576E+00  0.693694E+01  0.640550E+00  0.135337E+02
  0.134879E+00  0.693744E+01  0.646366E+00  0.133889E+02
  0.135182E+00  0.663587E+01  0.624463E+00  0.132451E+02
  0.135485E+00  0.545274E+01  0.640509E+00  0.131024E+02
  0.135788E+00  0.681138E+01  0.631048E+00  0.129607E+02
  0.136091E+00  0.536733E+01  0.623731E+00  0.128201E+02
  0.136394E+00  0.704853E+01  0.637292E+00  0.126806E+02
  0.136697E+00  0.698250E+01  0.647397E+00  0.125422E+02
  0.137000E+00  0.813212E+01  0.642687E+00  0.124047E+02
  0.137303E+00  0.683598E+01  0.629713E+00  0.122684E+02
  0.137606E+00  0.820817E+01  0.637170E+00  0.121331E+02
  0.137909E+00  0.731026E+01  0.639569E+00  0.119988E+02
  0.138212E+00  0.681998E+01  0.626744E+00  0.118656E+02
  0.138515E+00  0.536607E+01  0.621510E+00  0.117335E+02
  0.138818E+00  0.791430E+01  0.625847E+00  0.116024E+02
  0.139121E+00  0.770598E+01  0.631356E+00  0.114723E+02
  0.139424E+00  0.671633E+01  0.627085E+00  0.113433E+02
  0.139727E+00  0.813501E+01  0.622914E+00  0.112154E+02
  0.140030E+00  0.703109E+01  0.634935E+00  0.110885E+02
  0.140333E+00  0.665646E+01  0.631306E+00  0.109626E+02
  0.140636E+00  0.721985E+01  0.616165E+00  0.108378E+02
  0.140939E+00  0.547911E+01  0.621566E+00  0.107141E+02
  0.141242E+00  0.722379E+01  0.630967E+00  0.105913E+02
  0.141545E+00  0.733780E+01  0.662755E+00  0.104696E+02
  0.141848E+00  0.708825E+01  0.662607E+00  0.103490E+02
  0.142151E+00  0.585094E+01  0.677701E+00  0.102293E+02
  0.142454E+00  0.754567E+01  0.672146E+00  0.101107E+02
  0.142757E+00  0.680792E+01  0.675183E+00  0.999310E+01
  0.143060E+00  0.831639E+01  0.673478E+00  0.987648E+01
  0.143363E+00  0.787420E+01  0.681867E+00  0.976085E+01
  0.143666E+00  0.775552E+01  0.690299E+00  0.964626E+01
  0.143969E+00  0.646164E+01  0.683303E+00  0.953261E+01
  0.144272E+00  0.762795E+01  0.697927E+00  0.941994E+01
  0.144575E+00  0.785757E+01  0.708089E+00  0.930829E+01
  0.144878E+00  0.791666E+01  0.706849E+00  0.919757E+01
  0.145181E+00  0.710936E+01  0.721874E+00  0.908781E+01
  0.145483E+00  0.742922E+01  0.724211E+00  0.897905E+01
  0.145787E+00  0.751520E+01  0.709683E+00  0.887122E+01
  0.146089E+00  0.680703E+01  0.715774E+00  0.876439E+01
  0.146392E+00  0.886169E+01  0.718704E+00  0.865850E+01
  0.146695E+00  0.721422E+01  0.724349E+00  0.855358E+01
  0.146998E+00  0.756130E+01  0.728046E+00  0.844968E+01
  0.147301E+00  0.679695E+01  0.736170E+00  0.834672E+01
  0.147604E+00  0.744938E+01  0.733686E+00  0.824478E+01
  0.147907E+00  0.748146E+01  0.724684E+00  0.814379E+01
  0.148210E+00  0.692335E+01  0.729606E+00  0.804382E+01
  0.148513E+00  0.694209E+01  0.705713E+00  0.794481E+01
  0.148816E+00  0.807913E+01  0.691968E+00  0.784681E+01
  0.149119E+00  0.832707E+01  0.681817E+00  0.774977E+01
  0.149422E+00  0.752390E+01  0.682231E+00  0.765374E+01
  0.149725E+00  0.854879E+01  0.686322E+00  0.755865E+01
  0.150028E+00  0.911358E+01  0.679772E+00  0.746455E+01
  0.150331E+00  0.845684E+01  0.674076E+00  0.737138E+01
  0.150634E+00  0.813592E+01  0.666446E+00  0.727917E+01
  0.150937E+00  0.855162E+01  0.662606E+00  0.718786E+01
  0.151240E+00  0.881272E+01  0.649770E+00  0.709750E+01
  0.151543E+00  0.647075E+01  0.650050E+00  0.700802E+01
  0.151845E+00  0.790973E+01  0.663815E+00  0.691947E+01
  0.152148E+00  0.910989E+01  0.656100E+00  0.683178E+01
  0.152451E+00  0.784629E+01  0.658851E+00  0.674499E+01
  0.152754E+00  0.886819E+01  0.656601E+00  0.665908E+01
  0.153057E+00  0.847263E+01  0.641419E+00  0.657400E+01
  0.153360E+00  0.757384E+01  0.634406E+00  0.648980E+01
  0.153663E+00  0.873415E+01  0.632298E+00  0.640643E+01
  0.153966E+00  0.897637E+01  0.645375E+00  0.632393E+01
  0.154269E+00  0.783814E+01  0.637443E+00  0.624228E+01
  0.154572E+00  0.900818E+01  0.639717E+00  0.616144E+01
  0.154875E+00  0.745285E+01  0.624179E+00  0.608147E+01
  0.155178E+00  0.931747E+01  0.648794E+00  0.600234E+01
  0.155481E+00  0.863421E+01  0.628890E+00  0.592401E+01
  0.155784E+00  0.755798E+01  0.637873E+00  0.584654E+01
  0.156087E+00  0.102547E+02  0.632062E+00  0.576989E+01
  0.156390E+00  0.886489E+01  0.627376E+00  0.569403E+01
  0.156693E+00  0.727287E+01  0.623316E+00  0.561902E+01
  0.156995E+00  0.890786E+01  0.605633E+00  0.554482E+01
  0.157298E+00  0.870404E+01  0.617011E+00  0.547140E+01
  0.157601E+00  0.884647E+01  0.627347E+00  0.539881E+01
  0.157904E+00  0.942514E+01  0.612395E+00  0.532699E+01
  0.158207E+00  0.882792E+01  0.628789E+00  0.525596E+01
  0.158510E+00  0.961161E+01  0.619471E+00  0.518567E+01
  0.158813E+00  0.796659E+01  0.622530E+00  0.511616E+01
  0.159116E+00  0.100756E+02  0.625739E+00  0.504740E+01
  0.159419E+00  0.889205E+01  0.621188E+00  0.497938E+01
  0.159722E+00  0.969775E+01  0.616475E+00  0.491209E+01
  0.160025E+00  0.835406E+01  0.621009E+00  0.484551E+01
  0.160328E+00  0.983098E+01  0.622001E+00  0.477966E+01
  0.160631E+00  0.947292E+01  0.623436E+00  0.471452E+01
  0.160933E+00  0.889042E+01  0.612226E+00  0.465008E+01
  0.161236E+00  0.997691E+01  0.633539E+00  0.458635E+01
  0.161539E+00  0.979717E+01  0.621574E+00  0.452331E+01
  0.161842E+00  0.923954E+01  0.607436E+00  0.446102E+01
  0.162145E+00  0.944065E+01  0.626132E+00  0.439947E+01
  0.162448E+00  0.915477E+01  0.621762E+00  0.433868E+01
  0.162751E+00  0.932308E+01  0.619368E+00  0.427865E+01
  0.163054E+00  0.848204E+01  0.607604E+00  0.421939E+01
  0.163357E+00  0.923644E+01  0.617491E+00  0.416091E+01
  0.163660E+00  0.882712E+01  0.627875E+00  0.410322E+01
  0.163963E+00  0.961699E+01  0.617428E+00  0.404632E+01
  0.164266E+00  0.932812E+01  0.615865E+00  0.399020E+01
  0.164568E+00  0.880268E+01  0.616638E+00  0.393490E+01
  0.164871E+00  0.102159E+02  0.612008E+00  0.388041E+01
  0.165174E+00  0.909678E+01  0.614778E+00  0.382671E+01
  0.165477E+00  0.114067E+02  0.603176E+00  0.377380E+01
  0.165780E+00  0.102659E+02  0.603779E+00  0.372163E+01
  0.166083E+00  0.965970E+01  0.612282E+00  0.367019E+01
  0.166386E+00  0.973388E+01  0.609406E+00  0.361947E+01
  0.166689E+00  0.946595E+01  0.604278E+00  0.356943E+01
  0.166992E+00  0.113471E+02  0.609653E+00  0.352007E+01
  0.167295E+00  0.940731E+01  0.617522E+00  0.347137E+01
  0.167597E+00  0.998252E+01  0.613272E+00  0.342330E+01
  0.167900E+00  0.976764E+01  0.605401E+00  0.337584E+01
  0.168203E+00  0.105465E+02  0.614668E+00  0.332900E+01
  0.168506E+00  0.104967E+02  0.617866E+00  0.328273E+01
  0.168809E+00  0.100707E+02  0.601002E+00  0.323705E+01
  0.169112E+00  0.102217E+02  0.611826E+00  0.319194E+01
  0.169415E+00  0.986435E+01  0.608206E+00  0.314738E+01
  0.169718E+00  0.998991E+01  0.613639E+00  0.310339E+01
  0.170020E+00  0.102725E+02  0.613769E+00  0.305997E+01
  0.170323E+00  0.947479E+01  0.603080E+00  0.301711E+01
  0.170626E+00  0.100723E+02  0.614704E+00  0.297481E+01
  0.170929E+00  0.997758E+01  0.596537E+00  0.293308E+01
  0.171232E+00  0.119694E+02  0.616816E+00  0.289192E+01
  0.171535E+00  0.113122E+02  0.604328E+00  0.285131E+01
  0.171838E+00  0.955101E+01  0.592185E+00  0.281127E+01
  0.172141E+00  0.968337E+01  0.608091E+00  0.277178E+01
  0.172444E+00  0.951625E+01  0.603393E+00  0.273285E+01
  0.172746E+00  0.104198E+02  0.603673E+00  0.269446E+01
  0.173049E+00  0.958769E+01  0.601457E+00  0.265663E+01
  0.173352E+00  0.986438E+01  0.612368E+00  0.261934E+01
  0.173655E+00  0.102400E+02  0.596513E+00  0.258258E+01
  0.173958E+00  0.107269E+02  0.602883E+00  0.254633E+01
  0.174261E+00  0.100638E+02  0.597899E+00  0.251061E+01
  0.174564E+00  0.112732E+02  0.591412E+00  0.247540E+01
  0.174867E+00  0.101962E+02  0.602029E+00  0.244069E+01
  0.175170E+00  0.982593E+01  0.600361E+00  0.240647E+01
  0.175472E+00  0.106350E+02  0.585604E+00  0.237274E+01
  0.175775E+00  0.100899E+02  0.592104E+00  0.233950E+01
  0.176078E+00  0.114011E+02  0.598878E+00  0.230672E+01
  0.176381E+00  0.101199E+02  0.583549E+00  0.227442E+01
  0.176684E+00  0.108888E+02  0.582282E+00  0.224258E+01
  0.176987E+00  0.113251E+02  0.575082E+00  0.221121E+01
  0.177290E+00  0.111395E+02  0.590796E+00  0.218031E+01
  0.177592E+00  0.113808E+02  0.589906E+00  0.214991E+01
  0.177895E+00  0.111077E+02  0.582843E+00  0.212000E+01
  0.178198E+00  0.113034E+02  0.586341E+00  0.209060E+01
  0.178501E+00  0.109146E+02  0.595539E+00  0.206172E+01
  0.178804E+00  0.116286E+02  0.591567E+00  0.203335E+01
  0.179107E+00  0.117959E+02  0.589676E+00  0.200552E+01
  0.179410E+00  0.110309E+02  0.602680E+00  0.197822E+01
  0.179712E+00  0.111458E+02  0.588243E+00  0.195146E+01
  0.180015E+00  0.114467E+02  0.594521E+00  0.192525E+01
  0.180318E+00  0.124455E+02  0.594003E+00  0.189957E+01
  0.180621E+00  0.119529E+02  0.596711E+00  0.187446E+01
  0.180924E+00  0.122093E+02  0.595979E+00  0.184987E+01
  0.181227E+00  0.105356E+02  0.589631E+00  0.182579E+01
  0.181530E+00  0.100765E+02  0.598485E+00  0.180222E+01
  0.181833E+00  0.114542E+02  0.586486E+00  0.177911E+01
  0.182135E+00  0.115010E+02  0.586896E+00  0.175646E+01
  0.182438E+00  0.108798E+02  0.590244E+00  0.173425E+01
  0.182741E+00  0.114006E+02  0.585064E+00  0.171246E+01
  0.183044E+00  0.112741E+02  0.581841E+00  0.169107E+01
  0.183347E+00  0.115597E+02  0.578876E+00  0.167008E+01
  0.183649E+00  0.109837E+02  0.595619E+00  0.164945E+01
  0.183952E+00  0.113695E+02  0.605262E+00  0.162918E+01
  0.184255E+00  0.113527E+02  0.581653E+00  0.160925E+01
  0.184558E+00  0.114607E+02  0.586317E+00  0.158965E+01
  0.184861E+00  0.111349E+02  0.589625E+00  0.157038E+01
  0.185164E+00  0.118662E+02  0.587085E+00  0.155143E+01
  0.185467E+00  0.110396E+02  0.592742E+00  0.153282E+01
  0.185769E+00  0.121700E+02  0.591050E+00  0.151453E+01
  0.186072E+00  0.120272E+02  0.586910E+00  0.149657E+01
  0.186375E+00  0.115233E+02  0.575833E+00  0.147894E+01
  0.186678E+00  0.104049E+02  0.585654E+00  0.146163E+01
  0.186981E+00  0.125652E+02  0.585213E+00  0.144465E+01
  0.187284E+00  0.111346E+02  0.596102E+00  0.142800E+01
  0.187586E+00  0.113693E+02  0.581492E+00  0.141167E+01
  0.187889E+00  0.120003E+02  0.582949E+00  0.139566E+01
  0.188192E+00  0.120247E+02  0.588976E+00  0.137999E+01
  0.188495E+00  0.130594E+02  0.583339E+00  0.136463E+01
  0.188798E+00  0.110354E+02  0.585312E+00  0.134959E+01
  0.189101E+00  0.120259E+02  0.596391E+00  0.133487E+01
  0.189403E+00  0.117979E+02  0.583861E+00  0.132047E+01
  0.189706E+00  0.119872E+02  0.583653E+00  0.130637E+01
  0.190009E+00  0.115794E+02  0.588010E+00  0.129258E+01
  0.190312E+00  0.122409E+02  0.585073E+00  0.127910E+01
  0.190615E+00  0.118121E+02  0.586643E+00  0.126592E+01
  0.190917E+00  0.109091E+02  0.581229E+00  0.125304E+01
  0.191220E+00  0.127817E+02  0.581673E+00  0.124045E+01
  0.191523E+00  0.109847E+02  0.574546E+00  0.122816E+01
  0.191826E+00  0.116925E+02  0.583939E+00  0.121616E+01
  0.192129E+00  0.126845E+02  0.581990E+00  0.120444E+01
  0.192432E+00  0.125874E+02  0.568987E+00  0.119301E+01
  0.192734E+00  0.114685E+02  0.584348E+00  0.118187E+01
  0.193037E+00  0.129885E+02  0.576106E+00  0.117101E+01
  0.193340E+00  0.118039E+02  0.581807E+00  0.116043E+01
  0.193643E+00  0.122725E+02  0.576383E+00  0.115014E+01
  0.193946E+00  0.115099E+02  0.568022E+00  0.114014E+01
  0.194248E+00  0.122574E+02  0.573344E+00  0.113043E+01
  0.194551E+00  0.130764E+02  0.574879E+00  0.112100E+01
  0.194854E+00  0.117644E+02  0.577326E+00  0.111187E+01
  0.195157E+00  0.125284E+02  0.574627E+00  0.110302E+01
  0.195460E+00  0.116040E+02  0.574366E+00  0.109446E+01
  0.195763E+00  0.118878E+02  0.581554E+00  0.108618E+01
  0.196065E+00  0.126660E+02  0.584871E+00  0.107820E+01
  0.196368E+00  0.115886E+02  0.578310E+00  0.107051E+01
  0.196671E+00  0.112996E+02  0.580454E+00  0.106309E+01
  0.196974E+00  0.117560E+02  0.579591E+00  0.105595E+01
  0.197276E+00  0.118258E+02  0.564574E+00  0.104907E+01
  0.197579E+00  0.128323E+02  0.573011E+00  0.104244E+01
  0.197882E+00  0.118971E+02  0.577675E+00  0.103605E+01
  0.198185E+00  0.120250E+02  0.576405E+00  0.102990E+01
  0.198488E+00  0.120572E+02  0.579230E+00  0.102397E+01
  0.198791E+00  0.127152E+02  0.564645E+00  0.101827E+01
  0.199093E+00  0.113182E+02  0.577842E+00  0.101277E+01
  0.199396E+00  0.111512E+02  0.567792E+00  0.100747E+01
  0.199699E+00  0.115138E+02  0.567414E+00  0.100238E+01
  0.200002E+00  0.113843E+02  0.573913E+00  0.997466E+00
  0.200304E+00  0.109258E+02  0.569549E+00  0.992738E+00
  0.200607E+00  0.130148E+02  0.572470E+00  0.988190E+00
  0.200910E+00  0.119067E+02  0.571829E+00  0.983819E+00
  0.201213E+00  0.128368E+02  0.568631E+00  0.979626E+00
  0.201515E+00  0.134535E+02  0.570130E+00  0.975609E+00
  0.201818E+00  0.115837E+02  0.572866E+00  0.971765E+00
  0.202121E+00  0.118881E+02  0.564948E+00  0.968093E+00
  0.202424E+00  0.109845E+02  0.557617E+00  0.964593E+00
  0.202727E+00  0.125681E+02  0.574155E+00  0.961263E+00
  0.203029E+00  0.118841E+02  0.563238E+00  0.958104E+00
  0.203332E+00  0.116366E+02  0.564450E+00  0.955112E+00
  0.203635E+00  0.114250E+02  0.574627E+00  0.952288E+00
  0.203938E+00  0.115292E+02  0.562792E+00  0.949630E+00
  0.204240E+00  0.111418E+02  0.565965E+00  0.947139E+00
  0.204543E+00  0.110966E+02  0.571438E+00  0.944811E+00
  0.204846E+00  0.115302E+02  0.581449E+00  0.942647E+00
  0.205149E+00  0.113228E+02  0.590906E+00  0.940644E+00
  0.205452E+00  0.107727E+02  0.591989E+00  0.938801E+00
  0.205754E+00  0.111139E+02  0.595632E+00  0.937116E+00
  0.206057E+00  0.115387E+02  0.604872E+00  0.935589E+00
  0.206360E+00  0.136341E+02  0.609349E+00  0.934218E+00
  0.206663E+00  0.122659E+02  0.617430E+00  0.933002E+00
  0.206965E+00  0.121420E+02  0.610294E+00  0.931941E+00
  0.207268E+00  0.114538E+02  0.614972E+00  0.931033E+00
  0.207571E+00  0.113431E+02  0.624965E+00  0.930277E+00
  0.207874E+00  0.112711E+02  0.618673E+00  0.929674E+00
  0.208176E+00  0.120344E+02  0.628868E+00  0.929221E+00
  0.208479E+00  0.114567E+02  0.617358E+00  0.928916E+00
  0.208782E+00  0.113950E+02  0.623984E+00  0.928759E+00
  0.209085E+00  0.126346E+02  0.638119E+00  0.928747E+00
  0.209388E+00  0.112624E+02  0.635430E+00  0.928878E+00
  0.209690E+00  0.118141E+02  0.638929E+00  0.929150E+00
  0.209993E+00  0.101790E+02  0.640220E+00  0.929562E+00
  0.210296E+00  0.113205E+02  0.645808E+00  0.930111E+00
  0.210598E+00  0.111257E+02  0.644236E+00  0.930797E+00
  0.210901E+00  0.115431E+02  0.642913E+00  0.931618E+00
  0.211204E+00  0.110959E+02  0.645198E+00  0.932573E+00
  0.211507E+00  0.109148E+02  0.635183E+00  0.933659E+00
  0.211810E+00  0.113087E+02  0.634935E+00  0.934876E+00
  0.212112E+00  0.110210E+02  0.638452E+00  0.936221E+00
  0.212415E+00  0.111679E+02  0.626229E+00  0.937691E+00
  0.212718E+00  0.110681E+02  0.607978E+00  0.939283E+00
  0.213020E+00  0.120761E+02  0.609443E+00  0.940993E+00
  0.213323E+00  0.985062E+01  0.599314E+00  0.942818E+00
  0.213626E+00  0.108785E+02  0.598785E+00  0.944753E+00
  0.213929E+00  0.115688E+02  0.593467E+00  0.946796E+00
  0.214231E+00  0.118654E+02  0.623714E+00  0.948943E+00
  0.214534E+00  0.110989E+02  0.590688E+00  0.951191E+00
  0.214837E+00  0.102151E+02  0.586602E+00  0.953534E+00
  0.215140E+00  0.103515E+02  0.587355E+00  0.955972E+00
  0.215442E+00  0.102553E+02  0.576698E+00  0.958499E+00
  0.215745E+00  0.105081E+02  0.566785E+00  0.961112E+00
  0.216048E+00  0.102970E+02  0.576725E+00  0.963809E+00
  0.216351E+00  0.104776E+02  0.575060E+00  0.966587E+00
  0.216653E+00  0.972524E+01  0.575323E+00  0.969445E+00
  0.216956E+00  0.103858E+02  0.577669E+00  0.972381E+00
  0.217259E+00  0.954561E+01  0.567606E+00  0.975394E+00
  0.217561E+00  0.997786E+01  0.561926E+00  0.978483E+00
  0.217864E+00  0.101720E+02  0.567352E+00  0.981647E+00
  0.218167E+00  0.104067E+02  0.564653E+00  0.984882E+00
  0.218470E+00  0.953064E+01  0.555741E+00  0.988188E+00
  0.218772E+00  0.990299E+01  0.559941E+00  0.991563E+00
  0.219075E+00  0.104722E+02  0.557003E+00  0.995006E+00
  0.219378E+00  0.996674E+01  0.561143E+00  0.998515E+00
  0.219680E+00  0.103945E+02  0.553670E+00  0.100209E+01
  0.219983E+00  0.100247E+02  0.571021E+00  0.100573E+01
  0.220286E+00  0.903496E+01  0.564527E+00  0.100943E+01
  0.220588E+00  0.104549E+02  0.553986E+00  0.101319E+01
  0.220891E+00  0.107899E+02  0.548705E+00  0.101702E+01
  0.221194E+00  0.914628E+01  0.561172E+00  0.102092E+01
  0.221497E+00  0.947071E+01  0.558011E+00  0.102487E+01
  0.221799E+00  0.988274E+01  0.553914E+00  0.102890E+01
  0.222102E+00  0.914867E+01  0.550504E+00  0.103298E+01
  0.222405E+00  0.951848E+01  0.551736E+00  0.103714E+01
  0.222707E+00  0.971133E+01  0.544582E+00  0.104135E+01
  0.223010E+00  0.963540E+01  0.556033E+00  0.104564E+01
  0.223313E+00  0.932383E+01  0.554602E+00  0.104999E+01
  0.223615E+00  0.100668E+02  0.557940E+00  0.105440E+01
  0.223918E+00  0.968935E+01  0.555376E+00  0.105889E+01
  0.224221E+00  0.932488E+01  0.557669E+00  0.106343E+01
  0.224524E+00  0.860207E+01  0.548467E+00  0.106804E+01
  0.224826E+00  0.815637E+01  0.547858E+00  0.107271E+01
  0.225129E+00  0.903133E+01  0.555903E+00  0.107744E+01
  0.225432E+00  0.911315E+01  0.558841E+00  0.108222E+01
  0.225734E+00  0.866012E+01  0.546954E+00  0.108706E+01
  0.226037E+00  0.915334E+01  0.544034E+00  0.109195E+01
  0.226340E+00  0.880378E+01  0.544965E+00  0.109689E+01
  0.226642E+00  0.850716E+01  0.540615E+00  0.110188E+01
  0.226945E+00  0.778270E+01  0.553136E+00  0.110692E+01
  0.227248E+00  0.923016E+01  0.533722E+00  0.111200E+01
  0.227550E+00  0.797347E+01  0.544573E+00  0.111712E+01
  0.227853E+00  0.866215E+01  0.548444E+00  0.112229E+01
  0.228156E+00  0.782564E+01  0.538686E+00  0.112749E+01
  0.228458E+00  0.812973E+01  0.546578E+00  0.113272E+01
  0.228761E+00  0.871325E+01  0.528845E+00  0.113799E+01
  0.229064E+00  0.831673E+01  0.544424E+00  0.114330E+01
  0.229367E+00  0.852401E+01  0.532891E+00  0.114863E+01
  0.229669E+00  0.854323E+01  0.537193E+00  0.115400E+01
  0.229972E+00  0.835365E+01  0.538081E+00  0.115939E+01
  0.230274E+00  0.747846E+01  0.543674E+00  0.116480E+01
  0.230577E+00  0.883957E+01  0.529454E+00  0.117024E+01
  0.230880E+00  0.813431E+01  0.519668E+00  0.117571E+01
  0.231183E+00  0.916975E+01  0.527282E+00  0.118119E+01
  0.231485E+00  0.807717E+01  0.535179E+00  0.118668E+01
  0.231788E+00  0.740855E+01  0.522492E+00  0.119220E+01
  0.232090E+00  0.732796E+01  0.529448E+00  0.119773E+01
  0.232393E+00  0.770277E+01  0.525951E+00  0.120327E+01
  0.232696E+00  0.723480E+01  0.533487E+00  0.120883E+01
  0.232998E+00  0.798550E+01  0.525690E+00  0.121440E+01
  0.233301E+00  0.768704E+01  0.530564E+00  0.121998E+01
  0.233604E+00  0.815443E+01  0.533266E+00  0.122557E+01
  0.233906E+00  0.722937E+01  0.519222E+00  0.123118E+01
  0.234209E+00  0.764698E+01  0.535007E+00  0.123679E+01
  0.234512E+00  0.773977E+01  0.520266E+00  0.124242E+01
  0.234814E+00  0.750865E+01  0.524091E+00  0.124806E+01
  0.235117E+00  0.660329E+01  0.529231E+00  0.125370E+01
  0.235420E+00  0.718296E+01  0.529738E+00  0.125935E+01
  0.235722E+00  0.711796E+01  0.531327E+00  0.126501E+01
  0.236025E+00  0.668126E+01  0.528155E+00  0.127067E+01
  0.236327E+00  0.748273E+01  0.527142E+00  0.127634E+01
  0.236630E+00  0.693899E+01  0.529193E+00  0.128201E+01
  0.236933E+00  0.755925E+01  0.523415E+00  0.128769E+01
  0.237235E+00  0.763410E+01  0.526978E+00  0.129336E+01
  0.237538E+00  0.726719E+01  0.516610E+00  0.129903E+01
  0.237841E+00  0.670496E+01  0.525052E+00  0.130470E+01
  0.238143E+00  0.686859E+01  0.526318E+00  0.131037E+01
  0.238446E+00  0.615314E+01  0.522035E+00  0.131604E+01
  0.238749E+00  0.720988E+01  0.525700E+00  0.132169E+01
  0.239051E+00  0.667746E+01  0.515942E+00  0.132735E+01
  0.239354E+00  0.623712E+01  0.525556E+00  0.133299E+01
  0.239656E+00  0.634109E+01  0.528566E+00  0.133862E+01
  0.239959E+00  0.681463E+01  0.518661E+00  0.134424E+01
  0.240262E+00  0.602975E+01  0.525358E+00  0.134986E+01
  0.240564E+00  0.673488E+01  0.516631E+00  0.135546E+01
  0.240867E+00  0.698092E+01  0.516416E+00  0.136105E+01
  0.241170E+00  0.582199E+01  0.512436E+00  0.136663E+01
  0.241472E+00  0.626199E+01  0.515259E+00  0.137219E+01
  0.241775E+00  0.603198E+01  0.519950E+00  0.137775E+01
  0.242078E+00  0.635044E+01  0.513878E+00  0.138329E+01
  0.242380E+00  0.613853E+01  0.514452E+00  0.138882E+01
  0.242683E+00  0.563816E+01  0.513173E+00  0.139434E+01
  0.242985E+00  0.627209E+01  0.517032E+00  0.139984E+01
  0.243288E+00  0.576417E+01  0.515259E+00  0.140533E+01
  0.243590E+00  0.591701E+01  0.517508E+00  0.141081E+01
  0.243893E+00  0.615035E+01  0.512003E+00  0.141627E+01
  0.244196E+00  0.534246E+01  0.520709E+00  0.142172E+01
  0.244498E+00  0.510094E+01  0.512621E+00  0.142715E+01
  0.244801E+00  0.579983E+01  0.513478E+00  0.143255E+01
  0.245104E+00  0.550857E+01  0.505330E+00  0.143794E+01
  0.245406E+00  0.571260E+01  0.514172E+00  0.144331E+01
  0.245709E+00  0.622358E+01  0.514466E+00  0.144866E+01
  0.246011E+00  0.575522E+01  0.516168E+00  0.145399E+01
  0.246314E+00  0.573144E+01  0.509001E+00  0.145929E+01
  0.246617E+00  0.557770E+01  0.518355E+00  0.146457E+01
  0.246919E+00  0.544074E+01  0.514858E+00  0.146982E+01
  0.247222E+00  0.524629E+01  0.525039E+00  0.147505E+01
  0.247524E+00  0.457573E+01  0.513548E+00  0.148025E+01
  0.247827E+00  0.626382E+01  0.501723E+00  0.148542E+01
  0.248130E+00  0.472272E+01  0.521993E+00  0.149057E+01
  0.248432E+00  0.485348E+01  0.509886E+00  0.149570E+01
  0.248735E+00  0.495730E+01  0.511203E+00  0.150081E+01
  0.249037E+00  0.529280E+01  0.506219E+00  0.150590E+01
  0.249340E+00  0.657368E+01  0.515069E+00  0.151096E+01
  0.249642E+00  0.533481E+01  0.523994E+00  0.151601E+01
  0.249945E+00  0.544287E+01  0.526536E+00  0.152104E+01
  0.250248E+00  0.555269E+01  0.533342E+00  0.152606E+01
  0.250550E+00  0.470503E+01  0.533493E+00  0.153106E+01
  0.250853E+00  0.514455E+01  0.531724E+00  0.153605E+01
  0.251155E+00  0.544146E+01  0.545250E+00  0.154103E+01
  0.251458E+00  0.501290E+01  0.537398E+00  0.154599E+01
  0.251760E+00  0.514655E+01  0.545594E+00  0.155094E+01
  0.252063E+00  0.413188E+01  0.549787E+00  0.155585E+01
  0.252366E+00  0.455783E+01  0.554120E+00  0.156073E+01
  0.252668E+00  0.356843E+01  0.552464E+00  0.156557E+01
  0.252971E+00  0.427512E+01  0.556963E+00  0.157035E+01
  0.253273E+00  0.446982E+01  0.565180E+00  0.157508E+01
  0.253576E+00  0.484298E+01  0.561162E+00  0.157975E+01
  0.253878E+00  0.486859E+01  0.563859E+00  0.158435E+01
  0.254181E+00  0.463213E+01  0.560988E+00  0.158887E+01
  0.254484E+00  0.404319E+01  0.562095E+00  0.159330E+01
  0.254786E+00  0.505043E+01  0.565548E+00  0.159764E+01
  0.255089E+00  0.448409E+01  0.562087E+00  0.160187E+01
  0.255391E+00  0.547552E+01  0.566525E+00  0.160601E+01
  0.255694E+00  0.414715E+01  0.570537E+00  0.161006E+01
  0.255996E+00  0.481894E+01  0.567462E+00  0.161401E+01
  0.256299E+00  0.480658E+01  0.575686E+00  0.161788E+01
  0.256601E+00  0.408902E+01  0.562019E+00  0.162168E+01
  0.256904E+00  0.385640E+01  0.579034E+00  0.162541E+01
  0.257207E+00  0.440357E+01  0.565126E+00  0.162907E+01
  0.257509E+00  0.478700E+01  0.573444E+00  0.163268E+01
  0.257812E+00  0.399286E+01  0.577571E+00  0.163624E+01
  0.258114E+00  0.463877E+01  0.565221E+00  0.163975E+01
  0.258417E+00  0.460970E+01  0.572937E+00  0.164323E+01
  0.258719E+00  0.369290E+01  0.560531E+00  0.164668E+01
  0.259022E+00  0.524595E+01  0.574762E+00  0.165010E+01
  0.259324E+00  0.461781E+01  0.569270E+00  0.165350E+01
  0.259627E+00  0.401407E+01  0.579418E+00  0.165687E+01
  0.259929E+00  0.337995E+01  0.568790E+00  0.166022E+01
  0.260232E+00  0.390126E+01  0.563599E+00  0.166354E+01
  0.260535E+00  0.325291E+01  0.567255E+00  0.166684E+01
  0.260837E+00  0.412160E+01  0.568994E+00  0.167009E+01
  0.261140E+00  0.448689E+01  0.565100E+00  0.167332E+01
  0.261442E+00  0.474741E+01  0.566579E+00  0.167651E+01
  0.261745E+00  0.480643E+01  0.572990E+00  0.167966E+01
  0.262047E+00  0.451088E+01  0.562378E+00  0.168277E+01
  0.262350E+00  0.330523E+01  0.565925E+00  0.168583E+01
  0.262652E+00  0.409753E+01  0.566096E+00  0.168886E+01
  0.262955E+00  0.348842E+01  0.571086E+00  0.169184E+01
  0.263257E+00  0.424896E+01  0.573874E+00  0.169477E+01
  0.263560E+00  0.332132E+01  0.573166E+00  0.169765E+01
  0.263862E+00  0.514665E+01  0.563277E+00  0.170050E+01
  0.264165E+00  0.458687E+01  0.568968E+00  0.170329E+01
  0.264467E+00  0.350850E+01  0.571691E+00  0.170605E+01
  0.264770E+00  0.361756E+01  0.566587E+00  0.170876E+01
  0.265072E+00  0.431063E+01  0.585945E+00  0.171144E+01
  0.265375E+00  0.384140E+01  0.568661E+00  0.171407E+01
  0.265677E+00  0.311076E+01  0.563200E+00  0.171667E+01
  0.265980E+00  0.524282E+01  0.574748E+00  0.171923E+01
  0.266282E+00  0.370824E+01  0.569785E+00  0.172175E+01
  0.266585E+00  0.307386E+01  0.575394E+00  0.172424E+01
  0.266887E+00  0.450234E+01  0.572086E+00  0.172669E+01
  0.267190E+00  0.365698E+01  0.570903E+00  0.172911E+01
  0.267492E+00  0.367775E+01  0.574591E+00  0.173148E+01
  0.267795E+00  0.430581E+01  0.570170E+00  0.173381E+01
  0.268097E+00  0.324285E+01  0.574044E+00  0.173608E+01
  0.268400E+00  0.464715E+01  0.575604E+00  0.173829E+01
  0.268702E+00  0.369416E+01  0.573647E+00  0.174044E+01
  0.269005E+00  0.358859E+01  0.569821E+00  0.174252E+01
  0.269307E+00  0.298981E+01  0.574565E+00  0.174453E+01
  0.269610E+00  0.427495E+01  0.575438E+00  0.174645E+01
  0.269912E+00  0.211916E+01  0.572205E+00  0.174830E+01
  0.270215E+00  0.294896E+01  0.580290E+00  0.175005E+01
  0.270517E+00  0.443420E+01  0.590163E+00  0.175170E+01
  0.270820E+00  0.396224E+01  0.602959E+00  0.175326E+01
  0.271122E+00  0.412381E+01  0.617057E+00  0.175472E+01
  0.271425E+00  0.402878E+01  0.626174E+00  0.175608E+01
  0.271727E+00  0.371007E+01  0.626240E+00  0.175736E+01
  0.272029E+00  0.426814E+01  0.625332E+00  0.175856E+01
  0.272332E+00  0.361355E+01  0.642501E+00  0.175969E+01
  0.272635E+00  0.478839E+01  0.649653E+00  0.176075E+01
  0.272937E+00  0.420527E+01  0.653416E+00  0.176175E+01
  0.273239E+00  0.271444E+01  0.660489E+00  0.176269E+01
  0.273542E+00  0.352036E+01  0.667192E+00  0.176358E+01
  0.273844E+00  0.396320E+01  0.668436E+00  0.176443E+01
  0.274147E+00  0.350806E+01  0.659670E+00  0.176524E+01
  0.274449E+00  0.411550E+01  0.701567E+00  0.176602E+01
  0.274752E+00  0.306760E+01  0.673502E+00  0.176678E+01
  0.275054E+00  0.334899E+01  0.700545E+00  0.176751E+01
  0.275357E+00  0.422755E+01  0.701318E+00  0.176821E+01
  0.275659E+00  0.279831E+01  0.699689E+00  0.176888E+01
  0.275962E+00  0.416964E+01  0.703826E+00  0.176953E+01
  0.276264E+00  0.347687E+01  0.704380E+00  0.177015E+01
  0.276566E+00  0.364890E+01  0.714094E+00  0.177073E+01
  0.276869E+00  0.370677E+01  0.695710E+00  0.177128E+01
  0.277171E+00  0.299884E+01  0.711032E+00  0.177180E+01
  0.277474E+00  0.430611E+01  0.714576E+00  0.177228E+01
  0.277776E+00  0.344940E+01  0.709514E+00  0.177272E+01
  0.278079E+00  0.501294E+01  0.724332E+00  0.177313E+01
  0.278381E+00  0.280812E+01  0.703938E+00  0.177350E+01
  0.278684E+00  0.310855E+01  0.724946E+00  0.177382E+01
  0.278986E+00  0.380185E+01  0.724029E+00  0.177411E+01
  0.279288E+00  0.371517E+01  0.712454E+00  0.177435E+01
  0.279591E+00  0.332344E+01  0.744430E+00  0.177456E+01
  0.279893E+00  0.336846E+01  0.736799E+00  0.177472E+01
  0.280196E+00  0.309297E+01  0.736597E+00  0.177485E+01
  0.280498E+00  0.356707E+01  0.745659E+00  0.177493E+01
  0.280801E+00  0.261711E+01  0.718103E+00  0.177498E+01
  0.281103E+00  0.329588E+01  0.735994E+00  0.177499E+01
  0.281405E+00  0.331452E+01  0.743248E+00  0.177495E+01
  0.281708E+00  0.382466E+01  0.734099E+00  0.177488E+01
  0.282010E+00  0.220881E+01  0.722593E+00  0.177478E+01
  0.282313E+00  0.301636E+01  0.754840E+00  0.177463E+01
  0.282615E+00  0.262082E+01  0.758082E+00  0.177445E+01
  0.282918E+00  0.375841E+01  0.720446E+00  0.177423E+01
  0.283220E+00  0.252480E+01  0.756150E+00  0.177397E+01
  0.283522E+00  0.333290E+01  0.749213E+00  0.177367E+01
  0.283825E+00  0.333383E+01  0.763813E+00  0.177333E+01
  0.284127E+00  0.298969E+01  0.774571E+00  0.177295E+01
  0.284430E+00  0.437312E+01  0.759920E+00  0.177253E+01
  0.284732E+00  0.307304E+01  0.760312E+00  0.177207E+01
  0.285035E+00  0.442740E+01  0.768480E+00  0.177157E+01
  0.285337E+00  0.411943E+01  0.773362E+00  0.177102E+01
  0.285639E+00  0.410579E+01  0.766909E+00  0.177043E+01
  0.285942E+00  0.258889E+01  0.792125E+00  0.176979E+01
  0.286244E+00  0.304805E+01  0.792149E+00  0.176911E+01
  0.286546E+00  0.271358E+01  0.768214E+00  0.176838E+01
  0.286849E+00  0.285303E+01  0.788805E+00  0.176761E+01
  0.287151E+00  0.299609E+01  0.785751E+00  0.176680E+01
  0.287454E+00  0.293866E+01  0.769120E+00  0.176594E+01
  0.287756E+00  0.271391E+01  0.923281E+00  0.176505E+01
  0.288058E+00  0.356632E+01  0.767346E+00  0.176412E+01
  0.288361E+00  0.359902E+01  0.778188E+00  0.176315E+01
  0.288663E+00  0.307101E+01  0.780700E+00  0.176215E+01
  0.288966E+00  0.323426E+01  0.789345E+00  0.176111E+01
  0.289268E+00  0.378144E+01  0.776407E+00  0.176004E+01
  0.289570E+00  0.256239E+01  0.777134E+00  0.175895E+01
  0.289873E+00  0.372665E+01  0.783285E+00  0.175782E+01
  0.290175E+00  0.451109E+01  0.781484E+00  0.175667E+01
  0.290478E+00  0.399635E+01  0.812747E+00  0.175549E+01
  0.290780E+00  0.333202E+01  0.792830E+00  0.175429E+01
  0.291082E+00  0.257002E+01  0.801448E+00  0.175307E+01
  0.291385E+00  0.504286E+01  0.798873E+00  0.175182E+01
  0.291687E+00  0.293143E+01  0.798307E+00  0.175054E+01
  0.291989E+00  0.115435E+01  0.790341E+00  0.174924E+01
  0.292292E+00  0.331858E+01  0.792379E+00  0.174792E+01
  0.292594E+00  0.242152E+01  0.803503E+00  0.174657E+01
  0.292897E+00  0.422276E+01  0.808437E+00  0.174520E+01
  0.293199E+00  0.261085E+01  0.811218E+00  0.174381E+01
  0.293501E+00  0.297115E+01  0.809924E+00  0.174239E+01
  0.293804E+00  0.135734E+01  0.817191E+00  0.174094E+01
  0.294106E+00  0.176921E+01  0.825778E+00  0.173948E+01
  0.294408E+00  0.434039E+01  0.806626E+00  0.173799E+01
  0.294711E+00  0.385638E+01  0.814791E+00  0.173647E+01
  0.295013E+00  0.387670E+01  0.845945E+00  0.173494E+01
  0.295315E+00  0.298980E+01  0.821044E+00  0.173337E+01
  0.295618E+00  0.466363E+01  0.817738E+00  0.173179E+01
  0.295920E+00  0.417120E+01  0.832191E+00  0.173018E+01
  0.296222E+00  0.328225E+01  0.847602E+00  0.172854E+01
  0.296525E+00  0.279303E+01  0.827798E+00  0.172689E+01
  0.296827E+00  0.140728E+01  0.295579E+01  0.172520E+01
  0.297129E+00  0.268148E+01  0.835396E+00  0.172349E+01
  0.297432E+00  0.298273E+01  0.825890E+00  0.172176E+01
  0.297734E+00  0.339303E+01  0.849757E+00  0.172000E+01
  0.298036E+00  0.260287E+01  0.850929E+00  0.171822E+01
  0.298339E+00  0.366867E+01  0.837718E+00  0.171641E+01
  0.298641E+00  0.258770E+01  0.858049E+00  0.171457E+01
  0.298943E+00  0.188393E+01  0.860926E+00  0.171272E+01
  0.299246E+00  0.262214E+01  0.855700E+00  0.171083E+01
  0.299548E+00  0.384725E+01  0.875497E+00  0.170892E+01
  0.299851E+00  0.287650E+01  0.864385E+00  0.170699E+01
  0.300153E+00  0.181874E+01  0.874316E+00  0.170504E+01
  0.300455E+00  0.296228E+01  0.899648E+00  0.170306E+01
  0.300758E+00  0.319754E+01  0.857123E+00  0.170106E+01
  0.301060E+00  0.225842E+01  0.864283E+00  0.169904E+01
  0.301362E+00  0.395656E+01  0.861365E+00  0.169699E+01
  0.301664E+00  0.312797E+01  0.884807E+00  0.169492E+01
  0.301967E+00  0.340890E+01  0.893443E+00  0.169283E+01
  0.302269E+00  0.389676E+01  0.876920E+00  0.169072E+01
  0.302571E+00  0.375594E+01  0.882960E+00  0.168859E+01
  0.302874E+00  0.365704E+01  0.901351E+00  0.168644E+01
  0.303176E+00  0.305183E+01  0.892592E+00  0.168427E+01
  0.303478E+00  0.473577E+01  0.911197E+00  0.168208E+01
  0.303781E+00  0.201296E+01  0.898704E+00  0.167987E+01
  0.304083E+00  0.409500E+01  0.887807E+00  0.167764E+01
  0.304385E+00  0.316643E+01  0.884152E+00  0.167540E+01
  0.304688E+00  0.330362E+01  0.904435E+00  0.167314E+01
  0.304990E+00  0.237617E+01  0.918677E+00  0.167087E+01
  0.305292E+00  0.415939E+01  0.887845E+00  0.166858E+01
  0.305594E+00  0.466291E+01  0.908889E+00  0.166628E+01
  0.305897E+00  0.401024E+01  0.932660E+00  0.166397E+01
  0.306199E+00  0.243640E+00  0.881821E+00  0.166164E+01
  0.306501E+00  0.162233E+01  0.917498E+00  0.165930E+01
  0.306804E+00  0.216308E+01  0.915578E+00  0.165695E+01
  0.307106E+00  0.346330E+01  0.920926E+00  0.165458E+01
  0.307408E+00  0.319361E+01  0.946515E+00  0.165221E+01
  0.307710E+00  0.107849E+01  0.941586E+00  0.164983E+01
  0.308013E+00  0.265468E+01  0.966821E+00  0.164743E+01
  0.308315E+00  0.114742E+01  0.939862E+00  0.164503E+01
  0.308617E+00  0.231697E+01  0.934727E+00  0.164262E+01
  0.308920E+00  0.343047E+01  0.975760E+00  0.164019E+01
  0.309222E+00  0.379160E+01  0.951624E+00  0.163776E+01
  0.309524E+00  0.400769E+01  0.977702E+00  0.163532E+01
  0.309826E+00  0.237490E+01  0.959953E+00  0.163288E+01
  0.310129E+00  0.285962E+01  0.981106E+00  0.163042E+01
  0.310431E+00  0.187578E+01  0.962193E+00  0.162796E+01
  0.310733E+00  0.374638E+01  0.976487E+00  0.162549E+01
  0.311035E+00  0.155002E+01  0.972606E+00  0.162301E+01
  0.311338E+00  0.138804E+01  0.960103E+00  0.162052E+01
  0.311640E+00  0.387489E+01  0.978745E+00  0.161802E+01
  0.311942E+00  0.239502E+01  0.972196E+00  0.161551E+01
  0.312244E+00  0.273552E+01  0.996204E+00  0.161298E+01
  0.312547E+00  0.387447E+01  0.101018E+01  0.161044E+01
  0.312849E+00  0.319849E+01  0.962825E+00  0.160789E+01
  0.313151E+00  0.150046E+01  0.991242E+00  0.160532E+01
  0.313453E+00  0.198005E+01  0.994043E+00  0.160274E+01
  0.313756E+00  0.289031E+01  0.972740E+00  0.160014E+01
  0.314058E+00  0.264508E+01  0.973271E+00  0.159753E+01
  0.314360E+00  0.120900E+01  0.973489E+00  0.159490E+01
  0.314663E+00  0.320171E+01  0.104781E+01  0.159225E+01
  0.314965E+00  0.128286E+01  0.993481E+00  0.158959E+01
  0.315267E+00  0.361838E+01  0.103880E+01  0.158692E+01
  0.315569E+00  0.203817E+01  0.102796E+01  0.158424E+01
  0.315872E+00  0.256705E+01  0.101968E+01  0.158154E+01
  0.316174E+00  0.223539E+01  0.102750E+01  0.157884E+01
  0.316476E+00  0.308169E+01  0.104033E+01  0.157613E+01
  0.316778E+00  0.153037E+01  0.103870E+01  0.157340E+01
  0.317080E+00  0.418091E+01  0.101672E+01  0.157067E+01
  0.317383E+00  0.299686E+01  0.107660E+01  0.156793E+01
  0.317685E+00  0.289800E+00  0.104041E+01  0.156519E+01
  0.317987E+00  0.351443E+01  0.106149E+01  0.156244E+01
  0.318289E+00  0.318100E+01  0.109343E+01  0.155968E+01
  0.318592E+00  0.346453E+01  0.104147E+01  0.155692E+01
  0.318894E+00  0.386002E+01  0.105408E+01  0.155416E+01
  0.319196E+00  0.164996E+01  0.106489E+01  0.155139E+01
  0.319498E+00  0.600590E+01  0.105546E+01  0.154862E+01
  0.319800E+00  0.221422E+01  0.110536E+01  0.154584E+01
  0.320103E+00  0.108640E+00  0.103661E+01  0.154306E+01
  0.320405E+00  0.223178E+01  0.110365E+01  0.154028E+01
  0.320707E+00  0.277618E+01  0.107828E+01  0.153750E+01
  0.321009E+00  0.551100E+00  0.113139E+01  0.153471E+01
  0.321311E+00  0.146788E+01  0.111305E+01  0.153192E+01
  0.321614E+00  0.281051E+01  0.106291E+01  0.152913E+01
  0.321916E+00  0.280351E+01  0.112063E+01  0.152634E+01
  0.322218E+00  0.206881E+01  0.106638E+01  0.152354E+01
  0.322520E+00  0.322253E+01  0.109831E+01  0.152075E+01
  0.322822E+00  0.372043E+01  0.112150E+01  0.151796E+01
  0.323125E+00  0.371371E+01  0.112032E+01  0.151516E+01
  0.323427E+00  0.529907E+01  0.111229E+01  0.151237E+01
  0.323729E+00  0.167003E+01  0.110112E+01  0.150958E+01
  0.324031E+00  0.186246E+01  0.114759E+01  0.150679E+01
  0.324333E+00  0.243307E+01  0.109524E+01  0.150401E+01
  0.324636E+00  0.128780E+01  0.114632E+01  0.150122E+01
  0.324938E+00  0.302073E+01  0.114271E+01  0.149844E+01
  0.325240E+00  0.220826E+01  0.109071E+01  0.149566E+01
  0.325542E+00  0.276175E+01  0.113550E+01  0.149289E+01
  0.325844E+00  0.107016E+01  0.111157E+01  0.149012E+01
  0.326147E+00  0.333184E+01  0.114200E+01  0.148735E+01
  0.326449E+00  0.418182E+01  0.116783E+01  0.148458E+01
  0.326751E+00  0.344690E+01  0.109576E+01  0.148182E+01
  0.327053E+00  0.242871E+01  0.110808E+01  0.147905E+01
  0.327355E+00  0.261244E+01  0.112258E+01  0.147629E+01
  0.327657E+00  0.486050E+00  0.115102E+01  0.147352E+01
  0.327960E+00  0.202823E+01  0.112777E+01  0.147075E+01
  0.328262E+00  0.275243E+01  0.110167E+01  0.146797E+01
  0.328564E+00  0.412937E+01  0.113740E+01  0.146519E+01
  0.328866E+00  0.163656E+01  0.108472E+01  0.146240E+01
  0.329168E+00 -0.292400E-01  0.119209E+01  0.145961E+01
  0.329470E+00  0.241352E+01  0.118714E+01  0.145680E+01
  0.329772E+00  0.267741E+01  0.119086E+01  0.145399E+01
  0.330075E+00  0.176080E+01  0.116992E+01  0.145117E+01
  0.330377E+00  0.301423E+01  0.119502E+01  0.144834E+01
  0.330679E+00  0.149679E+01  0.121911E+01  0.144551E+01
  0.330981E+00  0.167292E+01  0.114793E+01  0.144267E+01
  0.331283E+00  0.150043E+01  0.126947E+01  0.143983E+01
  0.331585E+00  0.287184E+01  0.119701E+01  0.143699E+01
  0.331888E+00  0.219654E+01  0.121105E+01  0.143414E+01
  0.332190E+00  0.244807E+01  0.129519E+01  0.143130E+01
  0.332492E+00  0.221056E+01  0.120313E+01  0.142846E+01
  0.332794E+00  0.272853E+01  0.123275E+01  0.142562E+01
  0.333096E+00  0.257407E+01  0.123324E+01  0.142279E+01
  0.333398E+00  0.373954E+01  0.124879E+01  0.141996E+01
  0.333700E+00  0.197891E+01  0.131626E+01  0.141714E+01
  0.334002E+00  0.314399E+01  0.119187E+01  0.141433E+01
  0.334305E+00  0.163972E+01  0.126564E+01  0.141152E+01
  0.334607E+00  0.426671E+01  0.121735E+01  0.140871E+01
  0.334909E+00  0.774200E-01  0.127702E+01  0.140591E+01
  0.335211E+00  0.119203E+01  0.130527E+01  0.140312E+01
  0.335513E+00  0.257487E+01  0.125294E+01  0.140033E+01
  0.335815E+00  0.273384E+01  0.134904E+01  0.139755E+01
  0.336117E+00  0.174398E+01  0.125748E+01  0.139477E+01
  0.336419E+00  0.607610E+00  0.128000E+01  0.139200E+01
  0.336722E+00  0.287311E+01  0.127716E+01  0.138923E+01
  0.337024E+00  0.297000E-02  0.129625E+01  0.138647E+01
  0.337326E+00 -0.294670E+00  0.138312E+01  0.138371E+01
  0.337628E+00 -0.141080E+00  0.130160E+01  0.138095E+01
  0.337930E+00  0.135341E+01  0.138160E+01  0.137820E+01
  0.338232E+00 -0.120000E-02  0.132655E+01  0.137546E+01
  0.338534E+00  0.311830E+01  0.135107E+01  0.137272E+01
  0.338836E+00  0.106873E+01  0.133912E+01  0.136999E+01
  0.339138E+00  0.201466E+01  0.129936E+01  0.136726E+01
  0.339440E+00  0.189733E+01  0.140112E+01  0.136454E+01
  0.339743E+00  0.237951E+01  0.130872E+01  0.136184E+01
  0.340045E+00  0.270634E+01  0.142276E+01  0.135914E+01
  0.340347E+00  0.250944E+01  0.139240E+01  0.135645E+01
  0.340649E+00  0.347834E+01  0.143043E+01  0.135377E+01
  0.340951E+00  0.198144E+01  0.147894E+01  0.135110E+01
  0.341253E+00  0.525678E+01  0.132921E+01  0.134844E+01
  0.341555E+00  0.346321E+01  0.143339E+01  0.134580E+01
  0.341857E+00  0.110031E+01  0.142689E+01  0.134316E+01
  0.342159E+00  0.293165E+01  0.148100E+01  0.134053E+01
  0.342461E+00  0.102218E+01  0.154234E+01  0.133790E+01
  0.342763E+00  0.223734E+01  0.140360E+01  0.133528E+01
  0.343065E+00  0.422290E+01  0.149995E+01  0.133266E+01
  0.343367E+00 -0.483020E+00  0.144437E+01  0.133004E+01
  0.343670E+00  0.377262E+01  0.150813E+01  0.132742E+01
  0.343972E+00  0.205752E+01  0.152422E+01  0.132480E+01
  0.344274E+00  0.125127E+01  0.144142E+01  0.132217E+01
  0.344576E+00  0.574490E+00  0.156720E+01  0.131954E+01
  0.344878E+00  0.225110E+01  0.142182E+01  0.131689E+01
  0.345180E+00  0.690849E+01  0.167117E+01  0.131424E+01
  0.345482E+00  0.540881E+01  0.152951E+01  0.131158E+01
  0.345784E+00  0.250263E+01  0.154383E+01  0.130890E+01
  0.346086E+00  0.228422E+01  0.157451E+01  0.130622E+01
  0.346388E+00  0.336370E+01  0.146159E+01  0.130354E+01
  0.346690E+00  0.172632E+01  0.175610E+01  0.130085E+01
  0.346992E+00 -0.178997E+01  0.150256E+01  0.129816E+01
  0.347294E+00  0.191496E+01  0.158807E+01  0.129548E+01
  0.347596E+00  0.419736E+01  0.164170E+01  0.129279E+01
  0.347898E+00  0.265454E+01  0.160829E+01  0.129011E+01
  0.348200E+00  0.602640E+01  0.170724E+01  0.128743E+01
  0.348502E+00  0.213601E+01  0.164041E+01  0.128477E+01
  0.348804E+00  0.425311E+01  0.167881E+01  0.128211E+01
  0.349106E+00  0.193356E+01  0.166553E+01  0.127947E+01
  0.349409E+00  0.374853E+01  0.180306E+01  0.127684E+01
  0.349710E+00  0.303055E+01  0.176487E+01  0.127422E+01
  0.350013E+00  0.350982E+01  0.172182E+01  0.127161E+01
  0.350315E+00  0.927470E+00  0.197232E+01  0.126901E+01
  0.350617E+00  0.360761E+01  0.178140E+01  0.126643E+01
  0.350919E+00 -0.235918E+01  0.189991E+01  0.126385E+01
  0.351221E+00  0.276162E+01  0.186484E+01  0.126129E+01
  0.351523E+00  0.307694E+01  0.175296E+01  0.125873E+01
  0.351825E+00  0.417251E+01  0.189670E+01  0.125619E+01
  0.352127E+00  0.441300E+00  0.179076E+01  0.125365E+01
  0.352429E+00  0.101756E+01  0.192174E+01  0.125112E+01
  0.352731E+00  0.715450E+00  0.189966E+01  0.124860E+01
  0.353033E+00  0.413256E+01  0.198581E+01  0.124609E+01
  0.353335E+00  0.152762E+01  0.194121E+01  0.124358E+01
  0.353637E+00  0.326465E+01  0.192789E+01  0.124108E+01
  0.353939E+00  0.274209E+01  0.198945E+01  0.123859E+01
  0.354241E+00  0.134249E+01  0.191496E+01  0.123610E+01
  0.354543E+00 -0.145380E+00  0.189757E+01  0.123362E+01
  0.354845E+00  0.190293E+01  0.212872E+01  0.123115E+01
  0.355147E+00 -0.100075E+01  0.199341E+01  0.122869E+01
  0.355449E+00  0.538853E+01  0.224670E+01  0.122623E+01
  0.355751E+00  0.323573E+01  0.211013E+01  0.122379E+01
  0.356053E+00  0.247508E+01  0.205574E+01  0.122135E+01
  0.356355E+00 -0.902160E+00  0.221756E+01  0.121892E+01
  0.356657E+00  0.118096E+01  0.199435E+01  0.121649E+01
  0.356959E+00  0.404972E+01  0.231537E+01  0.121408E+01
  0.357261E+00  0.106719E+01  0.231045E+01  0.121167E+01
  0.357563E+00  0.379100E+00  0.226821E+01  0.120928E+01
  0.357865E+00  0.324541E+01  0.220041E+01  0.120688E+01
  0.358167E+00  0.233934E+01  0.214768E+01  0.120450E+01
  0.358469E+00  0.559486E+01  0.228747E+01  0.120211E+01
  0.358770E+00 -0.279605E+01  0.244536E+01  0.119973E+01
  0.359073E+00  0.322862E+01  0.259821E+01  0.119736E+01
  0.359374E+00  0.353769E+01  0.254717E+01  0.119498E+01
  0.359676E+00  0.442418E+01  0.242550E+01  0.119261E+01
  0.359978E+00  0.214926E+01  0.262485E+01  0.119023E+01
  0.360280E+00 -0.369337E+01  0.264519E+01  0.118785E+01
  0.360582E+00 -0.310200E+01  0.287896E+01  0.118547E+01
  0.360884E+00  0.534870E+00  0.259398E+01  0.118309E+01
  0.361186E+00  0.375192E+01  0.299578E+01  0.118071E+01
  0.361488E+00  0.264063E+01  0.247344E+01  0.117832E+01
  0.361790E+00  0.219706E+01  0.336751E+01  0.117593E+01
  0.362092E+00 -0.251087E+01  0.317437E+01  0.117354E+01
  0.362394E+00  0.174082E+01  0.318345E+01  0.117116E+01
  0.362696E+00 -0.223607E+01  0.320913E+01  0.116877E+01
  0.362998E+00  0.106149E+02  0.346439E+01  0.116639E+01
  0.363300E+00  0.407329E+01  0.353344E+01  0.116401E+01
  0.363602E+00  0.698003E+01  0.383647E+01  0.116164E+01
  0.363904E+00 -0.166931E+01  0.395548E+01  0.115928E+01
  0.364206E+00  0.232073E+01  0.457101E+01  0.115692E+01
  0.364508E+00  0.287579E+01  0.414103E+01  0.115457E+01
  0.364810E+00  0.426615E+01  0.401564E+01  0.115224E+01
  0.365111E+00  0.314612E+01  0.541742E+01  0.114991E+01
  0.365413E+00  0.292288E+01  0.432245E+01  0.114759E+01
  0.365715E+00 -0.242801E+01  0.464421E+01  0.114528E+01
