Sample description: HtrASnrefolded
Sample: HtrASnrefolded  c= 1.16 mg/ml  Code: 
  9.688330e-02   4.068199e-02   1.833172e-03
  9.963310e-02   4.175244e-02   1.797796e-03
  1.023830e-01   4.149283e-02   1.704647e-03
  1.051330e-01   4.321616e-02   1.707736e-03
  1.078820e-01   4.117535e-02   1.649207e-03
  1.106320e-01   4.436536e-02   1.596094e-03
  1.133820e-01   3.906422e-02   1.554579e-03
  1.161320e-01   4.095973e-02   1.496870e-03
  1.188810e-01   4.115210e-02   1.496976e-03
  1.216310e-01   3.809230e-02   1.440687e-03
  1.243810e-01   4.152210e-02   1.404129e-03
  1.271310e-01   3.903784e-02   1.407029e-03
  1.298800e-01   4.158682e-02   1.369137e-03
  1.326300e-01   4.117074e-02   1.367620e-03
  1.353800e-01   4.038124e-02   1.334437e-03
  1.381300e-01   3.959661e-02   1.305882e-03
  1.408790e-01   4.040753e-02   1.314977e-03
  1.436290e-01   3.809683e-02   1.253074e-03
  1.463790e-01   4.005323e-02   1.265782e-03
  1.491290e-01   3.879006e-02   1.230592e-03
  1.518790e-01   3.796334e-02   1.213020e-03
  1.546280e-01   3.981801e-02   1.219688e-03
  1.573780e-01   3.773858e-02   1.176620e-03
  1.601280e-01   3.693063e-02   1.173366e-03
  1.628780e-01   3.708787e-02   1.155884e-03
  1.656270e-01   3.710532e-02   1.148546e-03
  1.683770e-01   3.597158e-02   1.135155e-03
  1.711270e-01   3.774414e-02   1.112446e-03
  1.738770e-01   3.603231e-02   1.114428e-03
  1.766260e-01   3.513442e-02   1.092327e-03
  1.793760e-01   3.664784e-02   1.109097e-03
  1.821260e-01   3.591414e-02   1.067648e-03
  1.848760e-01   3.599439e-02   1.069178e-03
  1.876250e-01   3.660945e-02   1.073866e-03
  1.903750e-01   3.524284e-02   1.036456e-03
  1.931250e-01   3.549846e-02   1.045223e-03
  1.958750e-01   3.379713e-02   1.013265e-03
  1.986240e-01   3.410367e-02   1.021013e-03
  2.013740e-01   3.337477e-02   1.001716e-03
  2.041240e-01   3.207579e-02   9.771033e-04
  2.068740e-01   3.349424e-02   9.941267e-04
  2.096230e-01   3.243694e-02   9.738483e-04
  2.123730e-01   3.334958e-02   9.876970e-04
  2.151230e-01   3.249224e-02   9.658921e-04
  2.178730e-01   3.173812e-02   9.507931e-04
  2.206230e-01   3.255280e-02   9.661100e-04
  2.233720e-01   2.988001e-02   9.251827e-04
  2.261220e-01   3.107914e-02   9.372390e-04
  2.288720e-01   3.081349e-02   9.146831e-04
  2.316220e-01   3.030541e-02   9.123433e-04
  2.343710e-01   3.038713e-02   9.174139e-04
  2.371210e-01   2.937094e-02   8.966385e-04
  2.398710e-01   2.849965e-02   8.854775e-04
  2.426210e-01   2.986744e-02   8.902107e-04
  2.453700e-01   3.030905e-02   8.986158e-04
  2.481200e-01   2.997312e-02   8.898343e-04
  2.508700e-01   2.818697e-02   8.623170e-04
  2.536200e-01   2.711405e-02   8.569429e-04
  2.563690e-01   2.861566e-02   8.619053e-04
  2.591190e-01   2.822896e-02   8.626531e-04
  2.618690e-01   2.665350e-02   8.419554e-04
  2.646190e-01   2.741309e-02   8.333716e-04
  2.673680e-01   2.775586e-02   8.503300e-04
  2.701180e-01   2.592144e-02   8.196869e-04
  2.728680e-01   2.566034e-02   8.189384e-04
  2.756180e-01   2.609084e-02   8.105284e-04
  2.783680e-01   2.611344e-02   8.221054e-04
  2.811170e-01   2.563141e-02   8.123717e-04
  2.838670e-01   2.494122e-02   8.003012e-04
  2.866170e-01   2.536526e-02   7.986747e-04
  2.893670e-01   2.438915e-02   7.823908e-04
  2.921160e-01   2.480258e-02   7.895719e-04
  2.948660e-01   2.423191e-02   7.761002e-04
  2.976160e-01   2.358294e-02   7.708873e-04
  3.003660e-01   2.385094e-02   7.653594e-04
  3.031150e-01   2.252492e-02   7.556967e-04
  3.058650e-01   2.130534e-02   7.497978e-04
  3.086150e-01   2.127823e-02   7.396613e-04
  3.113650e-01   2.195673e-02   7.383986e-04
  3.141140e-01   2.182080e-02   7.393747e-04
  3.168640e-01   2.206472e-02   7.418249e-04
  3.196140e-01   2.115836e-02   7.333226e-04
  3.223640e-01   2.121169e-02   7.218426e-04
  3.251130e-01   2.008401e-02   7.223872e-04
  3.278630e-01   1.948609e-02   7.107670e-04
  3.306130e-01   2.013720e-02   7.076218e-04
  3.333630e-01   2.012245e-02   7.046932e-04
  3.361120e-01   1.940948e-02   6.982872e-04
  3.388620e-01   1.888058e-02   6.968437e-04
  3.416120e-01   1.862065e-02   6.945668e-04
  3.443620e-01   1.900528e-02   6.912357e-04
  3.471120e-01   1.931685e-02   6.920659e-04
  3.498610e-01   1.791328e-02   6.731088e-04
  3.526110e-01   1.749848e-02   6.753899e-04
  3.553610e-01   1.687006e-02   6.661846e-04
  3.581110e-01   1.658678e-02   6.615673e-04
  3.608600e-01   1.720805e-02   6.641772e-04
  3.636100e-01   1.675061e-02   6.663537e-04
  3.663600e-01   1.609715e-02   6.557393e-04
  3.691100e-01   1.636635e-02   6.502589e-04
  3.718590e-01   1.656217e-02   6.528887e-04
  3.746090e-01   1.607796e-02   6.508998e-04
  3.773590e-01   1.522976e-02   6.399715e-04
  3.801090e-01   1.539463e-02   6.397220e-04
  3.828580e-01   1.499358e-02   6.312595e-04
  3.856080e-01   1.528076e-02   6.367132e-04
  3.883580e-01   1.490173e-02   6.284830e-04
  3.911080e-01   1.445095e-02   6.250587e-04
  3.938570e-01   1.412300e-02   6.210107e-04
  3.966070e-01   1.420103e-02   6.201405e-04
  3.993570e-01   1.438707e-02   6.280853e-04
  4.021070e-01   1.371468e-02   6.119244e-04
  4.048570e-01   1.328979e-02   6.120559e-04
  4.076060e-01   1.272715e-02   6.103682e-04
  4.103560e-01   1.330193e-02   6.167328e-04
  4.131060e-01   1.252802e-02   6.124995e-04
  4.158560e-01   1.305258e-02   6.055795e-04
  4.186050e-01   1.273905e-02   6.125418e-04
  4.213550e-01   1.260385e-02   6.049370e-04
  4.241050e-01   1.168756e-02   6.025634e-04
  4.268550e-01   1.237793e-02   6.045278e-04
  4.296040e-01   1.177435e-02   5.953262e-04
  4.323540e-01   1.098133e-02   5.924372e-04
  4.351040e-01   1.055847e-02   5.810300e-04
  4.378540e-01   1.137175e-02   5.822797e-04
  4.406030e-01   1.087026e-02   5.825939e-04
  4.433530e-01   1.073611e-02   5.741333e-04
  4.461030e-01   1.066532e-02   5.773902e-04
  4.488530e-01   9.630740e-03   5.602709e-04
  4.516020e-01   9.900350e-03   5.647635e-04
  4.543520e-01   1.046189e-02   5.627045e-04
  4.571020e-01   9.903360e-03   5.625604e-04
  4.598520e-01   9.262450e-03   5.563636e-04
  4.626020e-01   8.547730e-03   5.430143e-04
  4.653510e-01   8.974380e-03   5.466249e-04
  4.681010e-01   8.883720e-03   5.426204e-04
  4.708510e-01   9.143820e-03   5.459996e-04
  4.736010e-01   8.310660e-03   5.377941e-04
  4.763500e-01   7.980880e-03   5.364581e-04
  4.791000e-01   8.371560e-03   5.392192e-04
  4.818500e-01   7.460730e-03   5.374028e-04
  4.846000e-01   8.151420e-03   5.506167e-04
  4.873490e-01   7.862838e-03   2.786640e-04
  4.900990e-01   7.219042e-03   2.772712e-04
  4.928490e-01   7.327094e-03   2.799364e-04
  4.955990e-01   6.635120e-03   2.765436e-04
  4.983480e-01   6.942779e-03   2.786482e-04
  5.010980e-01   6.897659e-03   2.787556e-04
  5.038480e-01   6.783209e-03   2.806552e-04
  5.065980e-01   6.621569e-03   2.805634e-04
  5.093470e-01   6.072761e-03   2.742559e-04
  5.120970e-01   6.140280e-03   2.788056e-04
  5.148470e-01   6.061358e-03   2.761075e-04
  5.175970e-01   5.530957e-03   2.773169e-04
  5.203460e-01   5.569642e-03   2.779727e-04
  5.230960e-01   5.779872e-03   2.744639e-04
  5.258460e-01   5.336656e-03   2.802135e-04
  5.285960e-01   5.031252e-03   2.736962e-04
  5.313460e-01   5.332282e-03   2.769333e-04
  5.340950e-01   5.236138e-03   2.755822e-04
  5.368450e-01   5.233351e-03   2.761532e-04
  5.395950e-01   4.909192e-03   2.680037e-04
  5.423450e-01   4.656247e-03   2.627550e-04
  5.450940e-01   4.680623e-03   2.617639e-04
  5.478440e-01   4.515927e-03   2.584947e-04
  5.505940e-01   4.816928e-03   2.613679e-04
  5.533440e-01   4.537174e-03   2.567451e-04
  5.560930e-01   4.480705e-03   2.544857e-04
  5.588430e-01   4.291611e-03   2.526628e-04
  5.615930e-01   3.797851e-03   2.475775e-04
  5.643430e-01   3.831691e-03   2.486316e-04
  5.670920e-01   3.690115e-03   2.485729e-04
  5.698420e-01   3.809925e-03   2.483323e-04
  5.725920e-01   3.482036e-03   2.447058e-04
  5.753420e-01   3.665946e-03   2.452625e-04
  5.780910e-01   3.370272e-03   2.425002e-04
  5.808410e-01   3.228780e-03   2.413795e-04
  5.835910e-01   3.094900e-03   2.420292e-04
  5.863410e-01   3.344997e-03   2.412052e-04
  5.890910e-01   3.183940e-03   2.390045e-04
  5.918400e-01   2.845698e-03   2.387754e-04
  5.945900e-01   2.947202e-03   2.359529e-04
  5.973400e-01   2.881360e-03   2.379951e-04
  6.000900e-01   2.993109e-03   2.379360e-04
  6.028390e-01   2.828756e-03   2.359620e-04
  6.055890e-01   2.691992e-03   2.349479e-04
  6.083390e-01   2.679823e-03   2.343500e-04
  6.110890e-01   2.729266e-03   2.335849e-04
  6.138380e-01   2.718741e-03   2.322112e-04
  6.165880e-01   2.609998e-03   2.320183e-04
  6.193380e-01   2.289896e-03   2.303220e-04
  6.220880e-01   2.343866e-03   2.304633e-04
  6.248370e-01   2.170323e-03   2.278999e-04
  6.275870e-01   2.112919e-03   2.264126e-04
  6.303370e-01   2.069828e-03   2.276636e-04
  6.330870e-01   1.997134e-03   2.252511e-04
  6.358360e-01   1.979784e-03   2.259794e-04
  6.385860e-01   1.988711e-03   2.247941e-04
  6.413360e-01   2.126089e-03   2.240915e-04
  6.440860e-01   1.720442e-03   2.230054e-04
  6.468350e-01   1.914855e-03   2.233844e-04
  6.495850e-01   1.779357e-03   2.218013e-04
  6.523350e-01   1.608985e-03   2.224781e-04
  6.550850e-01   1.640458e-03   5.842684e-05
  6.578350e-01   1.534176e-03   5.765697e-05
  6.605840e-01   1.516525e-03   5.732695e-05
  6.633340e-01   1.496505e-03   5.726008e-05
  6.660840e-01   1.426992e-03   5.655588e-05
  6.688340e-01   1.432509e-03   5.626151e-05
  6.715830e-01   1.387927e-03   5.601051e-05
  6.743330e-01   1.379518e-03   5.554756e-05
  6.770830e-01   1.317859e-03   5.551315e-05
  6.798330e-01   1.223588e-03   5.466758e-05
  6.825820e-01   1.230197e-03   5.448379e-05
  6.853320e-01   1.181367e-03   5.453257e-05
  6.880820e-01   1.250562e-03   5.445547e-05
  6.908320e-01   1.110395e-03   5.359511e-05
  6.935810e-01   1.126783e-03   5.324068e-05
  6.963310e-01   1.097620e-03   5.301879e-05
  6.990810e-01   1.021769e-03   5.242123e-05
  7.018310e-01   1.123240e-03   5.310545e-05
  7.045800e-01   1.001307e-03   5.232831e-05
  7.073300e-01   9.419214e-04   5.169436e-05
  7.100800e-01   9.381179e-04   5.149006e-05
  7.128300e-01   9.435772e-04   5.135294e-05
  7.155800e-01   8.834133e-04   5.114160e-05
  7.183290e-01   9.003633e-04   5.092647e-05
  7.210790e-01   8.391001e-04   5.079457e-05
  7.238290e-01   8.117257e-04   5.020431e-05
  7.265790e-01   7.769992e-04   5.011880e-05
  7.293280e-01   7.182679e-04   4.965941e-05
  7.320780e-01   7.986380e-04   5.012789e-05
  7.348280e-01   7.673943e-04   4.979390e-05
  7.375780e-01   7.509689e-04   4.938275e-05
  7.403270e-01   7.070468e-04   4.914663e-05
  7.430770e-01   7.571264e-04   4.911460e-05
  7.458270e-01   7.482785e-04   4.946234e-05
  7.485770e-01   7.130920e-04   4.885749e-05
  7.513260e-01   6.651839e-04   4.857861e-05
  7.540760e-01   6.581505e-04   4.854423e-05
  7.568260e-01   6.396216e-04   4.830217e-05
  7.595760e-01   5.791280e-04   4.764796e-05
  7.623250e-01   6.570545e-04   4.819298e-05
  7.650750e-01   6.454968e-04   4.804558e-05
  7.678250e-01   5.522182e-04   4.751414e-05
  7.705750e-01   6.184454e-04   4.795788e-05
  7.733240e-01   6.075337e-04   4.748080e-05
  7.760740e-01   5.770913e-04   4.728360e-05
  7.788240e-01   5.548645e-04   4.707752e-05
  7.815740e-01   5.127330e-04   4.679101e-05
  7.843240e-01   5.605028e-04   4.716235e-05
  7.870730e-01   4.570978e-04   4.639360e-05
  7.898230e-01   5.301364e-04   4.676585e-05
  7.925730e-01   5.443811e-04   4.688754e-05
  7.953230e-01   5.590771e-04   4.677640e-05
  7.980720e-01   5.117549e-04   4.656191e-05
  8.008220e-01   4.631974e-04   4.586058e-05
  8.035720e-01   5.185253e-04   4.663148e-05
  8.063220e-01   4.862482e-04   4.616775e-05
  8.090710e-01   5.399475e-04   4.627993e-05
  8.118210e-01   5.115044e-04   4.618004e-05
  8.145710e-01   4.408527e-04   4.581260e-05
  8.173210e-01   5.018269e-04   4.622841e-05
  8.200700e-01   4.787671e-04   4.566106e-05
  8.228200e-01   4.971950e-04   4.604088e-05
  8.255700e-01   4.729587e-04   4.545510e-05
  8.283200e-01   4.548912e-04   4.573713e-05
  8.310690e-01   4.242017e-04   4.552004e-05
  8.338190e-01   4.270895e-04   4.555579e-05
  8.365690e-01   4.771657e-04   4.569766e-05
  8.393190e-01   4.284585e-04   4.500416e-05
  8.420690e-01   4.202873e-04   4.509337e-05
  8.448180e-01   3.864359e-04   4.502235e-05
  8.475680e-01   4.407586e-04   4.511121e-05
  8.503180e-01   4.053579e-04   4.539382e-05
  8.530680e-01   4.347191e-04   4.509094e-05
  8.558170e-01   4.410827e-04   4.504603e-05
  8.585670e-01   4.314744e-04   4.486290e-05
  8.613170e-01   4.225347e-04   4.471276e-05
  8.640670e-01   4.175854e-04   4.496329e-05
  8.668160e-01   4.190519e-04   4.460192e-05
  8.695660e-01   4.532162e-04   4.502988e-05
  8.723160e-01   4.167457e-04   4.470824e-05
  8.750660e-01   4.031162e-04   4.488355e-05
  8.778150e-01   4.105055e-04   4.490201e-05
  8.805650e-01   4.809181e-04   4.480168e-05
  8.833150e-01   4.052333e-04   4.455902e-05
  8.860650e-01   3.800212e-04   4.422703e-05
  8.888140e-01   4.046610e-04   4.455327e-05
  8.915640e-01   4.219771e-04   4.441798e-05
  8.943140e-01   4.170097e-04   4.428832e-05
  8.970640e-01   4.104885e-04   4.438469e-05
  8.998140e-01   4.390824e-04   4.444389e-05
  9.025630e-01   4.048059e-04   4.430683e-05
  9.053130e-01   4.694364e-04   4.464490e-05
  9.080630e-01   3.955342e-04   4.399423e-05
  9.108130e-01   3.773182e-04   4.425206e-05
  9.135620e-01   4.087398e-04   4.400280e-05
  9.163120e-01   4.186360e-04   4.395793e-05
  9.190620e-01   4.116558e-04   4.417380e-05
  9.218120e-01   3.551344e-04   4.372737e-05
  9.245610e-01   4.198430e-04   4.405746e-05
  9.273110e-01   4.174823e-04   4.371238e-05
  9.300610e-01   4.142919e-04   4.391478e-05
  9.328110e-01   4.173225e-04   4.374904e-05
  9.355600e-01   3.668282e-04   4.363816e-05
  9.383100e-01   3.869526e-04   4.410835e-05
  9.410600e-01   3.850146e-04   4.437407e-05
  9.438100e-01   4.129138e-04   4.451152e-05
  9.465590e-01   3.720754e-04   4.439077e-05
  9.493090e-01   3.791757e-04   4.454396e-05
  9.520590e-01   3.971447e-04   4.447631e-05
  9.548090e-01   4.312942e-04   4.458853e-05
  9.575580e-01   4.244115e-04   4.455509e-05
  9.603080e-01   3.974088e-04   4.421603e-05
  9.630580e-01   3.979436e-04   4.457227e-05
  9.658080e-01   3.846225e-04   4.436702e-05
  9.685580e-01   3.648290e-04   4.389430e-05
  9.713070e-01   3.496128e-04   4.362701e-05
  9.740570e-01   4.251867e-04   4.367647e-05
  9.768070e-01   3.985942e-04   4.396611e-05
  9.795570e-01   3.859632e-04   4.336535e-05
  9.823060e-01   3.397620e-04   4.349521e-05
  9.850560e-01   4.004698e-04   4.353725e-05
  9.878060e-01   4.011295e-04   4.347619e-05
  9.905560e-01   3.560547e-04   4.350797e-05
  9.933050e-01   3.886731e-04   4.352037e-05
  9.960550e-01   3.807295e-04   4.354546e-05
  9.988050e-01   3.679105e-04   4.296412e-05
  1.001550e+00   4.166244e-04   4.354929e-05
  1.004300e+00   3.684749e-04   4.319205e-05
  1.007050e+00   3.710748e-04   4.324510e-05
  1.009800e+00   3.678424e-04   4.301196e-05
  1.012550e+00   3.583860e-04   4.298227e-05
  1.015300e+00   3.915415e-04   4.307933e-05
  1.018050e+00   3.384054e-04   4.292760e-05
  1.020800e+00   3.473836e-04   4.281465e-05
  1.023550e+00   3.771255e-04   4.314139e-05
  1.026300e+00   3.865333e-04   4.288824e-05
  1.029050e+00   3.761883e-04   4.281259e-05
  1.031800e+00   3.840490e-04   4.262140e-05
  1.034550e+00   3.663306e-04   4.249838e-05
  1.037300e+00   3.557034e-04   4.284468e-05
  1.040050e+00   3.800892e-04   4.254495e-05
  1.042800e+00   3.862930e-04   4.282734e-05
  1.045550e+00   3.878581e-04   4.260737e-05
  1.048300e+00   3.553724e-04   4.262888e-05
  1.051050e+00   3.637341e-04   4.251552e-05
  1.053800e+00   3.423471e-04   4.238830e-05
  1.056550e+00   3.432979e-04   4.247480e-05
  1.059300e+00   3.609609e-04   4.220253e-05
  1.062050e+00   3.708152e-04   4.246045e-05
  1.064800e+00   3.822562e-04   4.275466e-05
  1.067550e+00   3.684023e-04   4.271706e-05
  1.070300e+00   4.131700e-04   4.338905e-05
  1.073050e+00   3.774644e-04   4.300956e-05
  1.075800e+00   3.289885e-04   4.309914e-05
  1.078550e+00   3.269689e-04   4.274042e-05
  1.081300e+00   3.873709e-04   4.340650e-05
  1.084050e+00   3.439734e-04   4.338056e-05
  1.086800e+00   3.449832e-04   4.305286e-05
  1.089550e+00   3.824307e-04   4.355893e-05
  1.092300e+00   3.104019e-04   4.333219e-05
  1.095050e+00   3.565307e-04   4.351939e-05
  1.097800e+00   2.935731e-04   4.339804e-05
  1.100550e+00   3.439780e-04   4.343177e-05
  1.103300e+00   3.074734e-04   4.354896e-05
  1.106050e+00   3.556432e-04   4.352200e-05
  1.108800e+00   2.988782e-04   4.355693e-05
  1.111550e+00   3.129327e-04   4.353369e-05
  1.114290e+00   2.995117e-04   4.366877e-05
  1.117040e+00   3.136149e-04   4.366367e-05
  1.119790e+00   3.587487e-04   4.399482e-05
  1.122540e+00   3.363801e-04   4.343363e-05
  1.125290e+00   3.072671e-04   4.251597e-05
  1.128040e+00   2.782992e-04   4.260002e-05
  1.130790e+00   3.241175e-04   4.284859e-05
  1.133540e+00   3.160924e-04   4.257787e-05
  1.136290e+00   3.259501e-04   4.273612e-05
  1.139040e+00   2.705268e-04   4.211181e-05
  1.141790e+00   2.830037e-04   4.197248e-05
  1.144540e+00   2.726451e-04   4.202344e-05
  1.147290e+00   2.934439e-04   4.188854e-05
  1.150040e+00   3.159553e-04   4.231457e-05
  1.152790e+00   3.280070e-04   4.213851e-05
  1.155540e+00   2.363864e-04   4.175466e-05
  1.158290e+00   3.486189e-04   4.198276e-05
  1.161040e+00   2.769812e-04   4.151540e-05
  1.163790e+00   3.070609e-04   4.174663e-05
  1.166540e+00   2.816233e-04   4.166891e-05
  1.169290e+00   3.049438e-04   4.172539e-05
  1.172040e+00   3.074462e-04   4.140450e-05
  1.174790e+00   2.720580e-04   4.155447e-05
  1.177540e+00   2.537093e-04   4.147781e-05
  1.180290e+00   2.758875e-04   4.111314e-05
  1.183040e+00   2.627205e-04   4.120702e-05
  1.185790e+00   2.577905e-04   4.124662e-05
  1.188540e+00   2.724456e-04   4.116079e-05
  1.191290e+00   2.507411e-04   4.103651e-05
  1.194040e+00   2.324662e-04   4.110075e-05
  1.196790e+00   2.263304e-04   4.107434e-05
  1.199540e+00   2.665976e-04   4.100307e-05
  1.202290e+00   2.752358e-04   4.125463e-05
  1.205040e+00   2.258045e-04   4.093151e-05
  1.207790e+00   2.072474e-04   4.075272e-05
  1.210540e+00   2.373917e-04   4.077860e-05
  1.213290e+00   2.902196e-04   4.086603e-05
  1.216040e+00   2.845088e-04   4.095503e-05
  1.218790e+00   1.929890e-04   4.037085e-05
  1.221540e+00   2.173601e-04   4.063659e-05
  1.224290e+00   2.519709e-04   4.037740e-05
  1.227040e+00   2.710618e-04   4.073481e-05
  1.229780e+00   2.183473e-04   4.025978e-05
  1.232530e+00   2.325829e-04   4.029482e-05
  1.235280e+00   2.043166e-04   4.047169e-05
  1.238030e+00   2.311936e-04   4.024760e-05
  1.240780e+00   2.074616e-04   4.032335e-05
  1.243530e+00   1.966156e-04   4.016459e-05
  1.246280e+00   2.269628e-04   4.025036e-05
  1.249030e+00   2.092001e-04   4.024570e-05
  1.251780e+00   2.105069e-04   3.984000e-05
  1.254530e+00   1.997912e-04   4.026463e-05
  1.257280e+00   2.394272e-04   4.045363e-05
  1.260030e+00   2.330307e-04   4.010207e-05
  1.262780e+00   1.983236e-04   3.979281e-05
  1.265530e+00   1.779644e-04   3.963509e-05
  1.268280e+00   1.986692e-04   3.993273e-05
  1.271030e+00   2.096705e-04   3.982251e-05
  1.273780e+00   2.185206e-04   3.988371e-05
  1.276530e+00   1.945065e-04   3.982471e-05
  1.279280e+00   2.007137e-04   3.948805e-05
  1.282030e+00   2.212973e-04   4.010295e-05
  1.284780e+00   2.067329e-04   3.975209e-05
  1.287530e+00   2.134671e-04   3.974706e-05
  1.290280e+00   1.690157e-04   3.969263e-05
  1.293030e+00   1.985106e-04   3.959101e-05
  1.295780e+00   2.061526e-04   3.976866e-05
  1.298530e+00   1.683187e-04   3.936824e-05
  1.301280e+00   1.948975e-04   3.955182e-05
  1.304030e+00   2.168921e-04   3.960845e-05
  1.306780e+00   2.080894e-04   3.955532e-05
  1.309530e+00   1.778828e-04   3.937782e-05
  1.312280e+00   1.794684e-04   3.923047e-05
  1.315030e+00   1.600000e-04   3.947755e-05
  1.317780e+00   1.757068e-04   3.909760e-05
  1.320530e+00   1.631053e-04   3.911922e-05
  1.323280e+00   1.777593e-04   3.904274e-05
  1.326030e+00   1.939648e-04   3.927753e-05
  1.328780e+00   1.472275e-04   3.919469e-05
  1.331530e+00   1.704504e-04   3.909407e-05
  1.334280e+00   1.687154e-04   3.908894e-05
  1.337030e+00   1.842114e-04   3.913907e-05
  1.339780e+00   1.774737e-04   3.918813e-05
  1.342530e+00   2.039699e-04   3.908555e-05
  1.345270e+00   1.641355e-04   3.924108e-05
  1.348020e+00   1.695404e-04   3.908757e-05
  1.350770e+00   1.673679e-04   3.904585e-05
  1.353520e+00   1.026909e-04   3.856317e-05
  1.356270e+00   1.709990e-04   3.875928e-05
  1.359020e+00   1.459683e-04   3.849545e-05
  1.361770e+00   1.033370e-04   3.863795e-05
  1.364520e+00   1.373946e-04   3.849484e-05
  1.367270e+00   1.953498e-04   3.920152e-05
  1.370020e+00   1.277863e-04   3.843698e-05
  1.372770e+00   1.389587e-04   3.861719e-05
  1.375520e+00   1.544399e-04   3.858253e-05
  1.378270e+00   1.013809e-04   3.831785e-05
  1.381020e+00   1.466290e-04   3.857943e-05
  1.383770e+00   1.657834e-04   3.850949e-05
  1.386520e+00   9.838316e-05   3.846932e-05
  1.389270e+00   1.439997e-04   3.844965e-05
  1.392020e+00   1.505356e-04   3.853438e-05
  1.394770e+00   1.361230e-04   3.865273e-05
  1.397520e+00   1.474189e-04   3.847389e-05
  1.400270e+00   1.337431e-04   3.837232e-05
  1.403020e+00   1.493819e-04   3.862691e-05
  1.405770e+00   1.220551e-04   3.830605e-05
  1.408520e+00   1.863930e-04   3.872505e-05
  1.411270e+00   1.508348e-04   3.859440e-05
  1.414020e+00   1.718739e-04   3.868543e-05
  1.416770e+00   1.301187e-04   3.819803e-05
  1.419520e+00   1.386776e-04   3.838758e-05
  1.422270e+00   1.277376e-04   3.813336e-05
  1.425020e+00   1.398642e-04   3.824185e-05
  1.427770e+00   1.448089e-04   3.838061e-05
  1.430520e+00   1.085230e-04   3.805285e-05
  1.433270e+00   1.254505e-04   3.829446e-05
  1.436020e+00   1.151599e-04   3.803429e-05
  1.438770e+00   1.701944e-04   3.816811e-05
  1.441520e+00   1.350781e-04   3.815004e-05
  1.444270e+00   1.534857e-04   3.819465e-05
  1.447020e+00   1.365209e-04   3.821967e-05
  1.449770e+00   1.304326e-04   3.815483e-05
  1.452520e+00   1.074544e-04   3.798166e-05
  1.455270e+00   1.460884e-04   3.828016e-05
  1.458010e+00   1.138905e-04   3.790275e-05
  1.460760e+00   9.763410e-05   3.802602e-05
  1.463510e+00   1.448010e-04   3.814147e-05
  1.466260e+00   6.522311e-05   3.757442e-05
  1.469010e+00   1.464103e-04   3.828784e-05
range-from: 1
range-to: 500
Parent(s): /home/hermsdorf/SAXS/2017Juni/data/HtrASnref/HtrASnrefTris8/HtrASnrefT1_Tris8_0071_sub.dat /home/hermsdorf/SAXS/2017Juni/data/HtrASnref/HtrASnrefTris8/HtrASnrefT5_Tris8_0083_sub.dat
