
           ####    G N O M   ---   Version 4.6                       ####

                                                    13-Sep-2018   13:02:23
           ===    Run No   1   ===
 Run title:  0.0101,96.5842


  Number of points omitted at the end:         620
 Standard deviations are estimated by polynomial smoothing


          To optimize the performance, some input data points 
           have been joined. New number of points equals to 303

   *******    Input file(s) : aBA130.dat
           Condition P(rmin) = 0 is used. 
           Condition P(rmax) = 0 is used. 

          Highest ALPHA is found to be   0.2707E+03

  The measure of inconsistency AN1 equals to    0.9188E+00
     Alpha    Discrp  Oscill  Stabil  Sysdev  Positv  Valcen    Total   
  0.2707E+06 56.2076  2.6713  0.9737  0.0000  1.0000  0.6471  0.08374
  0.5414E+05 52.8444  2.6760  0.9130  0.0000  1.0000  0.6471  0.08373
  0.1083E+05 40.7976  2.6984  0.6932  0.0000  1.0000  0.6468  0.08368
  0.2166E+04 19.8223  2.7892  0.2982  0.0000  1.0000  0.6458  0.08408
  0.4331E+03  7.0255  3.0071  0.0621  0.2119  1.0000  0.6415  0.27468
  0.8663E+02  2.8739  3.2861  0.0288  0.5430  1.0000  0.6275  0.31939
  0.1733E+02  1.5033  3.5627  0.0259  0.7152  1.0000  0.6101  0.32290
  0.3465E+01  1.1013  3.7886  0.0219  0.7417  1.0000  0.6007  0.34152
  0.6930E+00  1.0147  3.9599  0.0171  0.7947  1.0000  0.5986  0.36947
  0.1386E+00  0.9995  4.1032  0.0202  0.8079  1.0000  0.5989  0.37640
  0.2772E-01  0.9949  4.3182  0.0285  0.8079  1.0000  0.6002  0.37064
  0.5544E-02  0.9915  5.2246  0.0971  0.8079  1.0000  0.6046  0.26490
  0.1109E-02  0.9824 11.2176  0.2817  0.7947  0.9939  0.5851  0.13188
  0.2218E-03  0.9699 20.3055  0.2689  0.8013  0.9475  0.3937  0.00000

          ***  Golden section search to maximize estimate ***
     Alpha    Discrp  Oscill  Stabil  Sysdev  Positv  Valcen    Total   
  0.3748E+00  1.0063  4.0116  0.0176  0.8079  1.0000  0.5986  0.37670
  0.4740E+00  1.0089  3.9921  0.0172  0.8079  1.0000  0.5986  0.37645
  0.3241E+00  1.0050  4.0237  0.0180  0.8079  1.0000  0.5986  0.37673
  0.2963E+00  1.0042  4.0314  0.0183  0.7947  1.0000  0.5986  0.37081
  0.3426E+00  1.0055  4.0191  0.0178  0.8079  1.0000  0.5986  0.37673
  0.3132E+00  1.0047  4.0266  0.0181  0.8079  1.0000  0.5986  0.37673
  0.3311E+00  1.0052  4.0219  0.0179  0.8079  1.0000  0.5986  0.37673
  0.3199E+00  1.0049  4.0248  0.0180  0.8079  1.0000  0.5986  0.37673
  0.3268E+00  1.0051  4.0231  0.0180  0.8079  1.0000  0.5986  0.37673
  0.3225E+00  1.0050  4.0242  0.0180  0.8079  1.0000  0.5986  0.37673
  0.3251E+00  1.0050  4.0235  0.0180  0.8079  1.0000  0.5986  0.37673
  0.3235E+00  1.0050  4.0239  0.0180  0.8079  1.0000  0.5986  0.37673
  0.3231E+00  1.0050  4.0240  0.0180  0.8079  1.0000  0.5986  0.37673
  0.3238E+00  1.0050  4.0238  0.0180  0.8079  1.0000  0.5986  0.37673
  0.3238E+00  1.0050  4.0238  0.0180  0.8079  1.0000  0.5986  0.37673


