0.000000E+00 0.163000E+08
0.500000E-02 0.162528E+08
0.100000E-01 0.161131E+08
0.150000E-01 0.158827E+08
0.200000E-01 0.155661E+08
0.250000E-01 0.151675E+08
0.300000E-01 0.146936E+08
0.350000E-01 0.141525E+08
0.400000E-01 0.135522E+08
0.450000E-01 0.129022E+08
0.500000E-01 0.122118E+08
0.550000E-01 0.114911E+08
0.600000E-01 0.107501E+08
0.650000E-01 0.999848E+07
0.700000E-01 0.924565E+07
0.750000E-01 0.850045E+07
0.800000E-01 0.777098E+07
0.850000E-01 0.706447E+07
0.900000E-01 0.638723E+07
0.950000E-01 0.574455E+07
0.100000E+00 0.514063E+07
0.105000E+00 0.457859E+07
0.110000E+00 0.406053E+07
0.115000E+00 0.358753E+07
0.120000E+00 0.315973E+07
0.125000E+00 0.277643E+07
0.130000E+00 0.243619E+07
0.135000E+00 0.213696E+07
0.140000E+00 0.187617E+07
0.145000E+00 0.165085E+07
0.150000E+00 0.145780E+07
0.155000E+00 0.129366E+07
0.160000E+00 0.115501E+07
0.165000E+00 0.103851E+07
0.170000E+00 0.940909E+06
0.175000E+00 0.859187E+06
0.180000E+00 0.790551E+06
0.185000E+00 0.732494E+06
0.190000E+00 0.682812E+06
0.195000E+00 0.639612E+06
0.200000E+00 0.601311E+06
0.205000E+00 0.566627E+06
0.210000E+00 0.534550E+06
0.215000E+00 0.504325E+06
0.220000E+00 0.475414E+06
0.225000E+00 0.447469E+06
0.230000E+00 0.420296E+06
0.235000E+00 0.393821E+06
0.240000E+00 0.368063E+06
0.245000E+00 0.343101E+06
0.250000E+00 0.319051E+06
0.255000E+00 0.296053E+06
0.260000E+00 0.274246E+06
0.265000E+00 0.253753E+06
0.270000E+00 0.234682E+06
0.275000E+00 0.217113E+06
0.280000E+00 0.201097E+06
0.285000E+00 0.186651E+06
0.290000E+00 0.173768E+06
0.295000E+00 0.162416E+06
0.300000E+00 0.152538E+06
0.305000E+00 0.144059E+06
0.310000E+00 0.136891E+06
0.315000E+00 0.130930E+06
0.320000E+00 0.126077E+06
0.325000E+00 0.122213E+06
0.330000E+00 0.119230E+06
0.335000E+00 0.117015E+06
0.340000E+00 0.115459E+06
0.345000E+00 0.114455E+06
0.350000E+00 0.113905E+06
0.355000E+00 0.113711E+06
0.360000E+00 0.113785E+06
0.365000E+00 0.114044E+06
0.370000E+00 0.114407E+06
0.375000E+00 0.114812E+06
0.380000E+00 0.115195E+06
0.385000E+00 0.115506E+06
0.390000E+00 0.115699E+06
0.395000E+00 0.115739E+06
0.400000E+00 0.115600E+06
0.405000E+00 0.115265E+06
0.410000E+00 0.114719E+06
0.415000E+00 0.113967E+06
0.420000E+00 0.113013E+06
0.425000E+00 0.111870E+06
0.430000E+00 0.110556E+06
0.435000E+00 0.109094E+06
0.440000E+00 0.107507E+06
0.445000E+00 0.105828E+06
0.450000E+00 0.104084E+06
0.455000E+00 0.102296E+06
0.460000E+00 0.100496E+06
0.465000E+00 0.987039E+05
0.470000E+00 0.969404E+05
0.475000E+00 0.952207E+05
0.480000E+00 0.935525E+05
0.485000E+00 0.919439E+05
0.490000E+00 0.903958E+05
0.495000E+00 0.889045E+05
0.500000E+00 0.874630E+05
0.505000E+00 0.860625E+05
0.510000E+00 0.846896E+05
0.515000E+00 0.833303E+05
0.520000E+00 0.819737E+05
0.525000E+00 0.806033E+05
0.530000E+00 0.792045E+05
0.535000E+00 0.777661E+05
0.540000E+00 0.762779E+05
0.545000E+00 0.747330E+05
0.550000E+00 0.731263E+05
0.555000E+00 0.714542E+05
0.560000E+00 0.697166E+05
0.565000E+00 0.679165E+05
0.570000E+00 0.660588E+05
0.575000E+00 0.641495E+05
0.580000E+00 0.621979E+05
0.585000E+00 0.602142E+05
0.590000E+00 0.582085E+05
0.595000E+00 0.561943E+05
0.600000E+00 0.541820E+05
0.605000E+00 0.521854E+05
0.610000E+00 0.502150E+05
0.615000E+00 0.482837E+05
0.620000E+00 0.464025E+05
0.625000E+00 0.445805E+05
0.630000E+00 0.428286E+05
0.635000E+00 0.411552E+05
0.640000E+00 0.395668E+05
0.645000E+00 0.380699E+05
0.650000E+00 0.366697E+05
0.655000E+00 0.353716E+05
0.660000E+00 0.341780E+05
0.665000E+00 0.330895E+05
0.670000E+00 0.321078E+05
0.675000E+00 0.312323E+05
0.680000E+00 0.304602E+05
0.685000E+00 0.297879E+05
0.690000E+00 0.292112E+05
0.695000E+00 0.287246E+05
0.700000E+00 0.283204E+05
0.705000E+00 0.279934E+05
0.710000E+00 0.277329E+05
0.715000E+00 0.275308E+05
0.720000E+00 0.273772E+05
0.725000E+00 0.272624E+05
0.730000E+00 0.271776E+05
0.735000E+00 0.271132E+05
0.740000E+00 0.270598E+05
0.745000E+00 0.270100E+05
0.750000E+00 0.269565E+05
0.755000E+00 0.268926E+05
0.760000E+00 0.268137E+05
0.765000E+00 0.267153E+05
0.770000E+00 0.265947E+05
0.775000E+00 0.264493E+05
0.780000E+00 0.262802E+05
0.785000E+00 0.260866E+05
0.790000E+00 0.258686E+05
0.795000E+00 0.256296E+05
0.800000E+00 0.253701E+05
0.805000E+00 0.250929E+05
0.810000E+00 0.248008E+05
0.815000E+00 0.244956E+05
0.820000E+00 0.241805E+05
0.825000E+00 0.238570E+05
0.830000E+00 0.235269E+05
0.835000E+00 0.231916E+05
0.840000E+00 0.228528E+05
0.845000E+00 0.225113E+05
0.850000E+00 0.221681E+05
0.855000E+00 0.218237E+05
0.860000E+00 0.214787E+05
0.865000E+00 0.211348E+05
0.870000E+00 0.207936E+05
0.875000E+00 0.204558E+05
0.880000E+00 0.201242E+05
0.885000E+00 0.198007E+05
0.890000E+00 0.194880E+05
0.895000E+00 0.191892E+05
0.900000E+00 0.189081E+05
0.905000E+00 0.186478E+05
0.910000E+00 0.184110E+05
0.915000E+00 0.182011E+05
0.920000E+00 0.180205E+05
0.925000E+00 0.178712E+05
0.930000E+00 0.177542E+05
0.935000E+00 0.176701E+05
0.940000E+00 0.176180E+05
0.945000E+00 0.175962E+05
0.950000E+00 0.176021E+05
0.955000E+00 0.176314E+05
0.960000E+00 0.176813E+05
0.965000E+00 0.177463E+05
0.970000E+00 0.178216E+05
0.975000E+00 0.179013E+05
0.980000E+00 0.179808E+05
0.985000E+00 0.180552E+05
0.990000E+00 0.181216E+05
0.995000E+00 0.181760E+05
