Sample description: chromixs
Sample: chromixs  c= 0 mg/ml  Code: chromixs
 7.297755e-003  4.565124e-002  2.311965e-003
 7.753864e-003  4.578777e-002  1.601071e-003
 8.209973e-003  4.525876e-002  1.157914e-003
 8.666082e-003  4.526373e-002  8.972110e-004
 9.122190e-003  4.520930e-002  6.657982e-004
 9.578299e-003  4.495225e-002  5.544095e-004
 1.003441e-002  4.494562e-002  4.339221e-004
 1.049052e-002  4.454530e-002  3.852032e-004
 1.094662e-002  4.363366e-002  3.325475e-004
 1.140273e-002  4.326691e-002  2.758247e-004
 1.185884e-002  4.306877e-002  2.518907e-004
 1.231495e-002  4.256493e-002  2.254968e-004
 1.277106e-002  4.260105e-002  2.179789e-004
 1.322716e-002  4.186201e-002  1.949828e-004
 1.368327e-002  4.172008e-002  1.893415e-004
 1.413938e-002  4.132105e-002  1.836617e-004
 1.459549e-002  4.074179e-002  1.692812e-004
 1.505159e-002  4.038164e-002  1.689356e-004
 1.550770e-002  3.980945e-002  1.571499e-004
 1.596381e-002  3.923021e-002  1.551578e-004
 1.641991e-002  3.908696e-002  1.545765e-004
 1.687602e-002  3.848668e-002  1.471166e-004
 1.733212e-002  3.801912e-002  1.453065e-004
 1.778823e-002  3.744352e-002  1.374952e-004
 1.824433e-002  3.716936e-002  1.425001e-004
 1.870044e-002  3.674202e-002  1.351239e-004
 1.915654e-002  3.619968e-002  1.344386e-004
 1.961265e-002  3.587623e-002  1.312471e-004
 2.006875e-002  3.518328e-002  1.263828e-004
 2.052486e-002  3.473074e-002  1.280231e-004
 2.098096e-002  3.408522e-002  1.222218e-004
 2.143707e-002  3.400237e-002  1.224380e-004
 2.189317e-002  3.320464e-002  1.200224e-004
 2.234927e-002  3.290243e-002  1.178335e-004
 2.280537e-002  3.244205e-002  1.169939e-004
 2.326148e-002  3.173808e-002  1.121949e-004
 2.371758e-002  3.145705e-002  1.141240e-004
 2.417368e-002  3.100053e-002  1.107304e-004
 2.462978e-002  3.045596e-002  1.099927e-004
 2.508588e-002  2.999293e-002  1.074328e-004
 2.554199e-002  2.960376e-002  1.053908e-004
 2.599809e-002  2.906452e-002  1.069537e-004
 2.645419e-002  2.856110e-002  1.024315e-004
 2.691029e-002  2.827228e-002  1.041543e-004
 2.736639e-002  2.775778e-002  1.003210e-004
 2.782249e-002  2.724170e-002  9.836814e-005
 2.827858e-002  2.690803e-002  9.979614e-005
 2.873468e-002  2.650493e-002  9.429878e-005
 2.919078e-002  2.618884e-002  9.731171e-005
 2.964688e-002  2.563469e-002  9.447368e-005
 3.010298e-002  2.528870e-002  9.361068e-005
 3.055907e-002  2.508359e-002  9.295562e-005
 3.101517e-002  2.458591e-002  9.052810e-005
 3.147127e-002  2.425561e-002  9.174307e-005
 3.192736e-002  2.385678e-002  8.916170e-005
 3.238346e-002  2.335209e-002  8.941427e-005
 3.283955e-002  2.307301e-002  8.809908e-005
 3.329565e-002  2.277009e-002  8.537088e-005
 3.375174e-002  2.252028e-002  8.660282e-005
 3.420784e-002  2.207347e-002  8.372184e-005
 3.466393e-002  2.170227e-002  8.328146e-005
 3.512002e-002  2.123128e-002  1.891280e-004
 3.557612e-002  2.117880e-002  8.180838e-005
 3.603221e-002  2.079674e-002  8.261140e-005
 3.648830e-002  2.066600e-002  7.976295e-005
 3.694439e-002  2.008454e-002  7.996965e-005
 3.740048e-002  1.998194e-002  7.863623e-005
 3.785657e-002  1.975961e-002  7.883358e-005
 3.831266e-002  1.937633e-002  7.806699e-005
 3.876875e-002  1.915340e-002  7.678329e-005
 3.922484e-002  1.878051e-002  7.669831e-005
 3.968093e-002  1.851439e-002  7.545574e-005
 4.013702e-002  1.846274e-002  7.502828e-005
 4.059310e-002  1.820530e-002  7.462998e-005
 4.104919e-002  1.791516e-002  7.276864e-005
 4.150528e-002  1.753465e-002  7.398645e-005
 4.196136e-002  1.747497e-002  7.192761e-005
 4.241745e-002  1.701663e-002  7.250389e-005
 4.287353e-002  1.690566e-002  7.114937e-005
 4.332962e-002  1.672811e-002  7.089375e-005
 4.378570e-002  1.656058e-002  7.130592e-005
 4.424178e-002  1.637754e-002  6.932211e-005
 4.469786e-002  1.602353e-002  6.955108e-005
 4.515395e-002  1.595792e-002  6.747318e-005
 4.561003e-002  1.566791e-002  6.907778e-005
 4.606611e-002  1.548974e-002  6.789786e-005
 4.652219e-002  1.535924e-002  6.760079e-005
 4.697827e-002  1.522519e-002  6.764241e-005
 4.743435e-002  1.497997e-002  6.619416e-005
 4.789043e-002  1.460659e-002  6.628095e-005
 4.834650e-002  1.459400e-002  6.538962e-005
 4.880258e-002  1.446874e-002  6.459190e-005
 4.925866e-002  1.420546e-002  6.504480e-005
 4.971473e-002  1.411671e-002  6.344225e-005
 5.017081e-002  1.392351e-002  6.415363e-005
 5.062688e-002  1.382195e-002  6.251679e-005
 5.108296e-002  1.377444e-002  6.315316e-005
 5.153903e-002  1.359898e-002  6.266408e-005
 5.199510e-002  1.334422e-002  6.165377e-005
 5.245118e-002  1.319622e-002  6.182537e-005
 5.290725e-002  1.306473e-002  6.117090e-005
 5.336332e-002  1.303916e-002  6.134297e-005
 5.381939e-002  1.276659e-002  6.091771e-005
 5.427546e-002  1.268192e-002  5.972008e-005
 5.473153e-002  1.260060e-002  6.065947e-005
 5.518759e-002  1.240548e-002  6.078257e-005
 5.564366e-002  1.223651e-002  6.117449e-005
 5.609973e-002  1.210378e-002  6.125874e-005
 5.655579e-002  1.191978e-002  6.080850e-005
 5.701186e-002  1.193750e-002  6.158035e-005
 5.746792e-002  1.187583e-002  6.062396e-005
 5.792399e-002  1.171189e-002  6.169903e-005
 5.838005e-002  1.159197e-002  6.060714e-005
 5.883611e-002  1.148023e-002  6.101593e-005
 5.929217e-002  1.134596e-002  6.117438e-005
 5.974823e-002  1.120837e-002  6.012119e-005
 6.020429e-002  1.114388e-002  6.077940e-005
 6.066035e-002  1.103253e-002  5.972829e-005
 6.111641e-002  1.082262e-002  6.051466e-005
 6.157247e-002  1.074753e-002  5.974157e-005
 6.202853e-002  1.074733e-002  5.997711e-005
 6.248458e-002  1.057451e-002  6.127306e-005
 6.294064e-002  1.042518e-002  6.083503e-005
 6.339669e-002  1.045424e-002  6.208174e-005
 6.385275e-002  1.029895e-002  6.015675e-005
 6.430880e-002  1.011235e-002  6.042394e-005
 6.476485e-002  1.016089e-002  6.108606e-005
 6.522090e-002  1.003790e-002  5.926118e-005
 6.567695e-002  9.910477e-003  6.014855e-005
 6.613300e-002  9.898487e-003  5.928799e-005
 6.658905e-002  9.709089e-003  5.930066e-005
 6.704510e-002  9.502926e-003  5.890139e-005
 6.750115e-002  9.575402e-003  5.830592e-005
 6.795719e-002  9.444565e-003  5.893249e-005
 6.841324e-002  9.372348e-003  5.818123e-005
 6.886928e-002  9.366473e-003  5.902430e-005
 6.932533e-002  9.253919e-003  5.766816e-005
 6.978137e-002  9.070455e-003  5.815414e-005
 7.023741e-002  9.055958e-003  5.814595e-005
 7.069345e-002  8.887146e-003  5.727683e-005
 7.114949e-002  8.886628e-003  5.808560e-005
 7.160553e-002  8.729028e-003  5.642953e-005
 7.206157e-002  8.689341e-003  5.763598e-005
 7.251761e-002  8.584261e-003  5.755257e-005
 7.297364e-002  8.682779e-003  5.688722e-005
 7.342968e-002  8.512474e-003  5.730378e-005
 7.388571e-002  8.356981e-003  5.569937e-005
 7.434175e-002  8.276265e-003  5.690430e-005
 7.479778e-002  8.320301e-003  5.632530e-005
 7.525381e-002  8.202605e-003  5.613995e-005
 7.570984e-002  8.087413e-003  5.605873e-005
 7.616587e-002  7.972034e-003  5.534936e-005
 7.662190e-002  7.914388e-003  5.602761e-005
 7.707793e-002  7.860403e-003  5.498643e-005
 7.753396e-002  7.719760e-003  5.543745e-005
 7.798998e-002  7.694925e-003  5.516043e-005
 7.844601e-002  7.700375e-003  5.460969e-005
 7.890203e-002  7.579152e-003  5.535448e-005
 7.935806e-002  7.535386e-003  5.460300e-005
 7.981408e-002  7.388021e-003  5.456152e-005
 8.027010e-002  7.318252e-003  5.544016e-005
 8.072612e-002  7.279225e-003  5.431748e-005
 8.118214e-002  7.176412e-003  5.433795e-005
 8.163816e-002  7.135548e-003  5.376271e-005
 8.209417e-002  7.103409e-003  5.373655e-005
 8.255019e-002  7.028963e-003  5.359956e-005
 8.300620e-002  6.956196e-003  5.352564e-005
 8.346222e-002  7.035081e-003  5.383178e-005
 8.391823e-002  6.897200e-003  5.364151e-005
 8.437424e-002  6.733409e-003  5.328924e-005
 8.483025e-002  6.783901e-003  5.309472e-005
 8.528626e-002  6.652832e-003  5.297770e-005
 8.574227e-002  6.655918e-003  5.304162e-005
 8.619828e-002  6.613039e-003  5.304700e-005
 8.665428e-002  6.467294e-003  5.252844e-005
 8.711029e-002  6.404931e-003  5.249560e-005
 8.756629e-002  6.285725e-003  5.200851e-005
 8.802230e-002  6.261676e-003  5.238852e-005
 8.847830e-002  6.244056e-003  5.201245e-005
 8.893430e-002  6.205461e-003  5.190560e-005
 8.939030e-002  6.186130e-003  5.172066e-005
 8.984630e-002  6.093614e-003  5.182394e-005
 9.030229e-002  6.021985e-003  5.128893e-005
 9.075829e-002  5.952485e-003  5.125123e-005
 9.121428e-002  5.968030e-003  5.091001e-005
 9.167028e-002  5.812751e-003  5.111504e-005
 9.212627e-002  5.748106e-003  5.100105e-005
 9.258226e-002  5.689565e-003  5.042050e-005
 9.303825e-002  5.713291e-003  5.168200e-005
 9.349424e-002  5.512031e-003  5.016239e-005
 9.395023e-002  5.494696e-003  5.085373e-005
 9.440622e-002  5.446928e-003  5.042470e-005
 9.486220e-002  5.419970e-003  4.997565e-005
 9.531819e-002  5.429338e-003  5.105575e-005
 9.577417e-002  5.290395e-003  5.041835e-005
 9.623015e-002  5.348016e-003  5.013462e-005
 9.668613e-002  5.268008e-003  4.995442e-005
 9.714211e-002  5.211976e-003  4.934578e-005
 9.759809e-002  5.192825e-003  4.996058e-005
 9.805407e-002  5.139731e-003  4.929567e-005
 9.851004e-002  4.981912e-003  4.927385e-005
 9.896602e-002  4.912002e-003  4.908572e-005
 9.942199e-002  4.908586e-003  4.865348e-005
 9.987797e-002  4.764325e-003  4.968329e-005
 1.003339e-001  4.867230e-003  4.868904e-005
 1.007899e-001  4.782587e-003  4.854413e-005
 1.012459e-001  4.727128e-003  4.830932e-005
 1.017018e-001  4.672866e-003  4.861954e-005
 1.021578e-001  4.622378e-003  4.831922e-005
 1.026138e-001  4.715637e-003  4.845709e-005
 1.030697e-001  4.585987e-003  4.860619e-005
 1.035257e-001  4.414764e-003  4.820481e-005
 1.039817e-001  4.483399e-003  4.756937e-005
 1.044376e-001  4.443659e-003  4.800926e-005
 1.048936e-001  4.269963e-003  4.792319e-005
 1.053495e-001  4.337272e-003  4.784369e-005
 1.058055e-001  4.296775e-003  4.762982e-005
 1.062614e-001  4.136208e-003  4.741386e-005
 1.067174e-001  4.160741e-003  4.706568e-005
 1.071733e-001  4.229146e-003  4.727929e-005
 1.076293e-001  4.045222e-003  4.726589e-005
 1.080852e-001  4.108909e-003  4.669003e-005
 1.085412e-001  4.030775e-003  4.691715e-005
 1.089971e-001  4.039762e-003  4.737193e-005
 1.094531e-001  3.935798e-003  4.813441e-005
 1.099090e-001  3.888676e-003  4.851240e-005
 1.103650e-001  3.851230e-003  4.826669e-005
 1.108209e-001  3.786031e-003  4.874157e-005
 1.112768e-001  3.790403e-003  4.763300e-005
 1.117328e-001  3.812093e-003  4.790356e-005
 1.121887e-001  3.655384e-003  4.733949e-005
 1.126447e-001  3.630022e-003  4.719491e-005
 1.131006e-001  3.670734e-003  4.762665e-005
 1.135565e-001  3.570870e-003  4.632605e-005
 1.140124e-001  3.546299e-003  4.671601e-005
 1.144684e-001  3.539475e-003  4.658087e-005
 1.149243e-001  3.480609e-003  4.620180e-005
 1.153802e-001  3.470716e-003  4.623308e-005
 1.158362e-001  3.467363e-003  4.606263e-005
 1.162921e-001  3.265433e-003  4.626942e-005
 1.167480e-001  3.302944e-003  4.571444e-005
 1.172039e-001  3.254929e-003  4.590475e-005
 1.176598e-001  3.336404e-003  4.571658e-005
 1.181158e-001  3.184407e-003  4.550742e-005
 1.185717e-001  3.223881e-003  4.541305e-005
 1.190276e-001  3.211304e-003  4.540744e-005
 1.194835e-001  3.123882e-003  4.525989e-005
 1.199394e-001  3.057625e-003  4.510333e-005
 1.203953e-001  2.987959e-003  4.519324e-005
 1.208512e-001  2.969480e-003  4.507597e-005
 1.213071e-001  2.941495e-003  4.505833e-005
 1.217630e-001  2.942792e-003  4.492013e-005
 1.222189e-001  3.001275e-003  4.402603e-005
 1.226748e-001  2.807449e-003  4.461934e-005
 1.231307e-001  2.860481e-003  4.427725e-005
 1.235866e-001  2.783000e-003  4.411135e-005
 1.240425e-001  2.731926e-003  4.438897e-005
 1.244984e-001  2.704594e-003  4.365189e-005
 1.249543e-001  2.706843e-003  4.415845e-005
 1.254102e-001  2.738981e-003  4.357257e-005
 1.258661e-001  2.623570e-003  4.335945e-005
 1.263220e-001  2.663681e-003  4.451293e-005
 1.267779e-001  2.677475e-003  4.478691e-005
 1.272338e-001  2.699807e-003  4.526757e-005
 1.276897e-001  2.584021e-003  4.518109e-005
 1.281455e-001  2.495864e-003  4.553966e-005
 1.286014e-001  2.437406e-003  4.598792e-005
 1.290573e-001  2.436041e-003  4.557069e-005
 1.295132e-001  2.344505e-003  4.612776e-005
 1.299691e-001  2.416726e-003  4.572074e-005
 1.304249e-001  2.393057e-003  4.585317e-005
 1.308808e-001  2.288061e-003  4.612345e-005
 1.313367e-001  2.290075e-003  4.562551e-005
 1.317925e-001  2.341563e-003  4.627391e-005
 1.322484e-001  2.304014e-003  4.602870e-005
 1.327043e-001  2.207597e-003  4.640063e-005
 1.331601e-001  2.152581e-003  4.589429e-005
 1.336160e-001  2.170012e-003  4.607293e-005
 1.340719e-001  2.149684e-003  4.609158e-005
 1.345277e-001  2.203265e-003  4.633121e-005
 1.349836e-001  2.130403e-003  4.684043e-005
 1.354394e-001  2.147603e-003  4.606060e-005
 1.358953e-001  2.060655e-003  4.673595e-005
 1.363512e-001  1.999873e-003  4.640180e-005
 1.368070e-001  2.014001e-003  4.648048e-005
 1.372629e-001  1.942656e-003  4.685936e-005
 1.377187e-001  2.027628e-003  4.617819e-005
 1.381745e-001  1.914641e-003  4.708875e-005
 1.386304e-001  1.866655e-003  4.605595e-005
 1.390862e-001  1.847605e-003  4.643346e-005
 1.395421e-001  1.775759e-003  4.668150e-005
 1.399979e-001  1.836890e-003  4.649217e-005
 1.404537e-001  1.822608e-003  4.717389e-005
 1.409096e-001  1.803365e-003  4.591567e-005
 1.413654e-001  1.780322e-003  4.637828e-005
 1.418212e-001  1.756045e-003  4.654196e-005
 1.422771e-001  1.747256e-003  4.631473e-005
 1.427329e-001  1.704281e-003  4.665210e-005
 1.431887e-001  1.661848e-003  4.596616e-005
 1.436446e-001  1.658906e-003  4.638665e-005
 1.441004e-001  1.608317e-003  4.606851e-005
 1.445562e-001  1.630522e-003  4.562827e-005
 1.450120e-001  1.672374e-003  4.639213e-005
 1.454678e-001  1.641907e-003  4.603784e-005
 1.459237e-001  1.489764e-003  4.603079e-005
 1.463795e-001  1.507706e-003  4.564156e-005
 1.468353e-001  1.547430e-003  4.578560e-005
 1.472911e-001  1.456202e-003  4.572538e-005
 1.477469e-001  1.494439e-003  4.561748e-005
 1.482027e-001  1.467389e-003  4.608185e-005
 1.486585e-001  1.418217e-003  4.507081e-005
 1.491143e-001  1.437683e-003  4.614691e-005
 1.495701e-001  1.370372e-003  4.571003e-005
 1.500259e-001  1.397629e-003  4.568913e-005
 1.504817e-001  1.360485e-003  4.562731e-005
 1.509375e-001  1.384841e-003  4.535925e-005
 1.513933e-001  1.356413e-003  4.555115e-005
 1.518491e-001  1.346991e-003  4.546184e-005
 1.523049e-001  1.305712e-003  4.532802e-005
 1.527607e-001  1.333080e-003  4.508205e-005
 1.532164e-001  1.216115e-003  4.542871e-005
 1.536722e-001  1.301520e-003  4.560691e-005
 1.541280e-001  1.246760e-003  4.510336e-005
 1.545838e-001  1.278113e-003  4.515335e-005
 1.550396e-001  1.203783e-003  4.525802e-005
 1.554953e-001  1.161728e-003  4.489002e-005
 1.559511e-001  1.131533e-003  4.519543e-005
 1.564069e-001  1.107146e-003  4.513844e-005
 1.568627e-001  1.103523e-003  4.531839e-005
 1.573184e-001  1.113856e-003  4.503104e-005
 1.577742e-001  1.152179e-003  4.529218e-005
 1.582300e-001  1.125615e-003  4.482707e-005
 1.586857e-001  1.084274e-003  4.471382e-005
 1.591415e-001  1.117405e-003  4.533680e-005
 1.595972e-001  1.071257e-003  4.468125e-005
 1.600530e-001  1.112822e-003  4.479214e-005
 1.605087e-001  1.055161e-003  4.476166e-005
 1.609645e-001  1.097933e-003  4.451476e-005
 1.614202e-001  9.999772e-004  4.522575e-005
 1.618760e-001  9.735357e-004  4.435081e-005
 1.623317e-001  9.966554e-004  4.468035e-005
 1.627875e-001  9.690858e-004  4.479606e-005
 1.632432e-001  9.886683e-004  4.450568e-005
 1.636990e-001  9.452115e-004  4.474128e-005
 1.641547e-001  8.753443e-004  4.396469e-005
 1.646104e-001  9.342305e-004  4.485101e-005
 1.650662e-001  9.260014e-004  4.454137e-005
 1.655219e-001  8.898815e-004  4.448011e-005
 1.659776e-001  8.367708e-004  4.440451e-005
 1.664334e-001  8.961057e-004  4.390672e-005
 1.668891e-001  8.805252e-004  4.445702e-005
 1.673448e-001  8.657810e-004  4.420993e-005
 1.678005e-001  8.676410e-004  4.442579e-005
 1.682562e-001  8.038990e-004  4.402902e-005
 1.687120e-001  8.036833e-004  4.383759e-005
 1.691677e-001  8.191045e-004  4.434968e-005
 1.696234e-001  7.764608e-004  4.363414e-005
 1.700791e-001  8.441921e-004  4.409689e-005
 1.705348e-001  7.811233e-004  4.373068e-005
 1.709905e-001  8.077951e-004  4.389157e-005
 1.714462e-001  7.662674e-004  4.376377e-005
 1.719019e-001  7.978082e-004  4.351481e-005
 1.723576e-001  7.499841e-004  4.426279e-005
 1.728133e-001  7.278515e-004  4.359830e-005
 1.732690e-001  7.368215e-004  4.388332e-005
 1.737247e-001  7.924298e-004  4.373611e-005
 1.741804e-001  7.305068e-004  4.314192e-005
 1.746361e-001  6.835315e-004  4.391875e-005
 1.750918e-001  7.301961e-004  4.336725e-005
 1.755474e-001  7.877665e-004  4.351987e-005
 1.760031e-001  5.817401e-004  4.342175e-005
 1.764588e-001  7.026924e-004  4.361106e-005
 1.769145e-001  6.670101e-004  4.366767e-005
 1.773702e-001  5.973145e-004  4.325129e-005
 1.778258e-001  5.794551e-004  4.343378e-005
 1.782815e-001  6.604550e-004  4.335079e-005
 1.787372e-001  6.495970e-004  4.327330e-005
 1.791928e-001  7.043944e-004  4.343019e-005
 1.796485e-001  5.553021e-004  4.318541e-005
 1.801042e-001  6.307813e-004  4.347200e-005
 1.805598e-001  6.086282e-004  4.335013e-005
 1.810155e-001  5.745907e-004  4.457365e-005
 1.814711e-001  5.673458e-004  4.483625e-005
 1.819268e-001  4.864776e-004  4.490915e-005
 1.823824e-001  5.362067e-004  4.565243e-005
 1.828381e-001  6.670641e-004  4.593804e-005
 1.832937e-001  6.019175e-004  4.623058e-005
 1.837494e-001  5.338593e-004  4.630795e-005
 1.842050e-001  4.941257e-004  4.647626e-005
 1.846606e-001  5.262005e-004  4.693402e-005
 1.851163e-001  4.794878e-004  4.673181e-005
 1.855719e-001  4.951763e-004  4.694837e-005
 1.860275e-001  6.357957e-004  4.747931e-005
 1.864832e-001  4.983917e-004  4.773115e-005
 1.869388e-001  5.596375e-004  4.805809e-005
 1.873944e-001  5.289821e-004  4.789961e-005
 1.878500e-001  4.653432e-004  4.823859e-005
 1.883057e-001  4.771568e-004  4.837889e-005
 1.887613e-001  4.580402e-004  4.875998e-005
 1.892169e-001  4.633862e-004  4.845807e-005
 1.896725e-001  5.670147e-004  4.699674e-005
 1.901281e-001  4.690586e-004  4.701484e-005
 1.905837e-001  4.648437e-004  4.617739e-005
 1.910393e-001  5.703000e-004  4.614024e-005
 1.914949e-001  4.131021e-004  4.598447e-005
 1.919505e-001  4.501594e-004  4.551134e-005
 1.924061e-001  4.849067e-004  4.573289e-005
 1.928617e-001  5.385853e-004  4.502729e-005
 1.933173e-001  5.244786e-004  4.504845e-005
 1.937729e-001  5.768976e-004  4.544252e-005
 1.942285e-001  4.519870e-004  4.483565e-005
 1.946841e-001  4.069526e-004  4.498091e-005
 1.951397e-001  3.918059e-004  4.451749e-005
 1.955952e-001  4.323833e-004  4.471734e-005
 1.960508e-001  4.676597e-004  4.431459e-005
 1.965064e-001  4.184101e-004  4.446261e-005
 1.969620e-001  4.183333e-004  4.427458e-005
 1.974175e-001  4.923444e-004  4.436373e-005
 1.978731e-001  4.386705e-004  4.438694e-005
 1.983287e-001  4.124531e-004  4.379280e-005
 1.987842e-001  4.241211e-004  4.422779e-005
 1.992398e-001  3.988982e-004  4.395776e-005
 1.996954e-001  4.361764e-004  4.385327e-005
 2.001509e-001  4.987002e-004  4.416554e-005
 2.006065e-001  4.442526e-004  4.348258e-005
 2.010620e-001  4.439181e-004  4.385438e-005
 2.015176e-001  3.657792e-004  4.365231e-005
 2.019731e-001  4.301417e-004  4.392737e-005
 2.024286e-001  3.912542e-004  4.339065e-005
 2.028842e-001  3.562779e-004  4.350716e-005
 2.033397e-001  4.299808e-004  4.345850e-005
 2.037953e-001  4.025284e-004  4.325557e-005
 2.042508e-001  3.898751e-004  4.355267e-005
 2.047063e-001  4.065427e-004  4.313853e-005
 2.051618e-001  4.088315e-004  4.316589e-005
 2.056174e-001  3.317791e-004  4.318303e-005
 2.060729e-001  3.317155e-004  4.282732e-005
 2.065284e-001  3.470057e-004  4.310811e-005
 2.069839e-001  4.042655e-004  4.297765e-005
 2.074394e-001  3.399110e-004  4.303007e-005
 2.078950e-001  3.772374e-004  4.278342e-005
 2.083505e-001  3.646103e-004  4.282373e-005
 2.088060e-001  2.882221e-004  4.296299e-005
 2.092615e-001  4.187480e-004  4.284425e-005
 2.097170e-001  3.939731e-004  4.288717e-005
 2.101725e-001  4.061878e-004  4.273109e-005
 2.106280e-001  3.515836e-004  4.279815e-005
 2.110835e-001  3.877361e-004  4.265041e-005
 2.115390e-001  3.042180e-004  4.212490e-005
 2.119944e-001  3.037833e-004  4.244302e-005
 2.124499e-001  2.827219e-004  4.259293e-005
 2.129054e-001  3.970451e-004  4.244008e-005
 2.133609e-001  3.110406e-004  4.252167e-005
 2.138164e-001  3.350167e-004  4.187455e-005
 2.142718e-001  3.220866e-004  4.221726e-005
 2.147273e-001  2.994165e-004  4.208908e-005
 2.151828e-001  2.996431e-004  4.219600e-005
 2.156383e-001  3.336139e-004  4.205739e-005
 2.160937e-001  3.710701e-004  4.193423e-005
 2.165492e-001  2.799811e-004  4.212238e-005
 2.170046e-001  3.935939e-004  4.213421e-005
 2.174601e-001  3.396474e-004  4.207053e-005
 2.179155e-001  3.379867e-004  4.198666e-005
 2.183710e-001  3.512906e-004  4.178474e-005
 2.188264e-001  3.299548e-004  4.200006e-005
 2.192819e-001  3.851823e-004  4.167595e-005
 2.197373e-001  2.672749e-004  4.173350e-005
 2.201928e-001  3.561884e-004  4.159691e-005
 2.206482e-001  3.817166e-004  4.190558e-005
 2.211036e-001  2.427358e-004  4.177226e-005
 2.215591e-001  3.109620e-004  4.143005e-005
 2.220145e-001  2.896332e-004  4.132828e-005
 2.224699e-001  3.078627e-004  4.114365e-005
 2.229253e-001  2.453432e-004  4.137495e-005
 2.233808e-001  3.030749e-004  4.139381e-005
 2.238362e-001  3.028597e-004  4.118446e-005
 2.242916e-001  2.757922e-004  4.115740e-005
 2.247470e-001  2.480612e-004  4.082135e-005
 2.252024e-001  3.534158e-004  4.119693e-005
 2.256578e-001  2.802179e-004  4.065850e-005
 2.261132e-001  2.061891e-004  4.055914e-005
 2.265686e-001  2.761325e-004  4.119069e-005
 2.270240e-001  3.399868e-004  4.087201e-005
 2.274794e-001  3.438382e-004  4.041537e-005
 2.279348e-001  3.014727e-004  4.042158e-005
 2.283902e-001  2.716420e-004  4.029500e-005
 2.288456e-001  3.253460e-004  4.054685e-005
 2.293010e-001  3.081809e-004  4.036559e-005
 2.297563e-001  2.956652e-004  4.027205e-005
 2.302117e-001  2.601502e-004  4.017500e-005
 2.306671e-001  2.931551e-004  4.035624e-005
 2.311225e-001  2.492642e-004  4.024470e-005
 2.315778e-001  2.960581e-004  4.026334e-005
 2.320332e-001  2.805946e-004  4.028136e-005
 2.324885e-001  3.539646e-004  4.017154e-005
 2.329439e-001  2.551808e-004  4.034717e-005
 2.333993e-001  3.588968e-004  3.984253e-005
 2.338546e-001  2.351646e-004  4.013947e-005
 2.343100e-001  2.563671e-004  4.002335e-005
 2.347653e-001  2.979005e-004  4.033088e-005
 2.352207e-001  3.086886e-004  4.039784e-005
 2.356760e-001  2.766243e-004  3.958618e-005
 2.361313e-001  2.302009e-004  3.998660e-005
 2.365867e-001  2.743479e-004  4.038388e-005
 2.370420e-001  2.413368e-004  3.984078e-005
 2.374973e-001  3.162176e-004  4.014729e-005
 2.379527e-001  2.061882e-004  3.973206e-005
 2.384080e-001  2.336270e-004  4.001893e-005
 2.388633e-001  3.059246e-004  3.992168e-005
 2.393186e-001  2.593316e-004  3.965712e-005
 2.397739e-001  2.830256e-004  4.003311e-005
 2.402292e-001  2.750640e-004  3.964414e-005
 2.406846e-001  2.409302e-004  3.996043e-005
 2.411399e-001  1.988185e-004  3.955739e-005
 2.415952e-001  2.686381e-004  3.975145e-005
 2.420505e-001  2.977839e-004  3.971470e-005
 2.425058e-001  2.666169e-004  3.968100e-005
 2.429610e-001  2.436530e-004  3.965986e-005
 2.434163e-001  2.841769e-004  3.988725e-005
 2.438716e-001  3.176080e-004  3.950452e-005
 2.443269e-001  3.337604e-004  3.947559e-005
 2.447822e-001  2.510945e-004  3.955217e-005
 2.452375e-001  2.493177e-004  3.965356e-005
 2.456927e-001  2.306639e-004  3.948653e-005
 2.461480e-001  2.843075e-004  3.980762e-005
 2.466033e-001  2.188751e-004  3.938531e-005
 2.470585e-001  1.769329e-004  3.929461e-005
 2.475138e-001  2.931529e-004  3.928899e-005
 2.479691e-001  2.705999e-004  3.946957e-005
 2.484243e-001  2.541037e-004  3.940371e-005
 2.488796e-001  2.829644e-004  3.894447e-005
 2.493348e-001  2.635276e-004  3.937613e-005
 2.497901e-001  3.051047e-004  3.959332e-005
 2.502453e-001  3.208024e-004  3.938668e-005
 2.507006e-001  2.797408e-004  3.916095e-005
 2.511558e-001  2.780129e-004  3.881116e-005
 2.516110e-001  2.997687e-004  3.931698e-005
 2.520663e-001  2.191293e-004  3.904761e-005
 2.525215e-001  2.516812e-004  3.895482e-005
 2.529767e-001  2.364955e-004  3.896697e-005
 2.534319e-001  2.897697e-004  3.904974e-005
 2.538871e-001  2.893878e-004  3.933974e-005
 2.543424e-001  2.643596e-004  3.888767e-005
 2.547976e-001  1.908642e-004  3.897190e-005
 2.552528e-001  2.188306e-004  3.877294e-005
 2.557080e-001  3.185334e-004  3.894751e-005
 2.561632e-001  2.337455e-004  3.914457e-005
 2.566184e-001  2.000880e-004  3.873047e-005
 2.570736e-001  2.506642e-004  3.877314e-005
 2.575288e-001  2.786094e-004  3.886704e-005
 2.579840e-001  2.322630e-004  1.948185e-004
 2.584391e-001  2.304632e-004  3.874484e-005
 2.588943e-001  2.938416e-004  3.878234e-005
 2.593495e-001  2.528274e-004  3.855659e-005
 2.598047e-001  2.451359e-004  3.889122e-005
 2.602599e-001  2.886669e-004  3.838346e-005
 2.607150e-001  2.156471e-004  3.866447e-005
 2.611702e-001  1.933727e-004  3.848897e-005
 2.616254e-001  2.130392e-004  3.852341e-005
 2.620805e-001  2.461645e-004  3.862701e-005
 2.625357e-001  2.185934e-004  3.839781e-005
 2.629908e-001  2.356892e-004  3.868386e-005
 2.634460e-001  1.995884e-004  3.827325e-005
 2.639011e-001  3.153106e-004  3.851824e-005
 2.643563e-001  2.145159e-004  3.825382e-005
 2.648114e-001  2.497560e-004  3.832234e-005
 2.652665e-001  2.535857e-004  3.830628e-005
 2.657217e-001  2.578065e-004  3.831400e-005
 2.661768e-001  2.324269e-004  3.837692e-005
 2.666319e-001  1.864824e-004  3.828723e-005
 2.670870e-001  1.583056e-004  3.835475e-005
 2.675422e-001  1.959158e-004  3.837478e-005
 2.679973e-001  2.047973e-004  3.816394e-005
 2.684524e-001  1.802768e-004  3.820266e-005
 2.689075e-001  2.025388e-004  3.814482e-005
 2.693626e-001  2.674364e-004  3.853442e-005
 2.698177e-001  2.246505e-004  3.793119e-005
 2.702728e-001  2.636320e-004  3.811783e-005
 2.707279e-001  2.264423e-004  3.807060e-005
 2.711830e-001  2.517167e-004  3.820424e-005
 2.716381e-001  2.361840e-004  3.824284e-005
 2.720932e-001  2.820479e-004  3.809279e-005
 2.725482e-001  2.241173e-004  3.819026e-005
 2.730033e-001  2.371389e-004  3.786340e-005
 2.734584e-001  2.941171e-004  3.808433e-005
 2.739135e-001  2.168675e-004  3.770692e-005
 2.743685e-001  2.605729e-004  3.797340e-005
 2.748236e-001  2.629614e-004  3.804313e-005
 2.752787e-001  1.709148e-004  3.795541e-005
 2.757337e-001  2.359352e-004  3.798952e-005
 2.761888e-001  2.050514e-004  3.753423e-005
 2.766438e-001  2.120493e-004  3.790910e-005
 2.770989e-001  2.099642e-004  3.800804e-005
 2.775539e-001  1.846638e-004  3.735083e-005
 2.780090e-001  2.168055e-004  3.786426e-005
 2.784640e-001  1.944784e-004  3.761497e-005
 2.789190e-001  2.621913e-004  3.794689e-005
 2.793741e-001  1.947673e-004  3.800503e-005
 2.798291e-001  2.155333e-004  3.780638e-005
 2.802841e-001  2.229735e-004  3.773021e-005
 2.807391e-001  2.393651e-004  3.762320e-005
 2.811941e-001  1.767642e-004  3.748588e-005
 2.816492e-001  1.717383e-004  3.741913e-005
 2.821042e-001  2.215229e-004  3.773094e-005
 2.825592e-001  2.103165e-004  3.765533e-005
 2.830142e-001  1.583747e-004  3.725861e-005
 2.834692e-001  2.092752e-004  3.748537e-005
 2.839242e-001  2.027459e-004  3.726014e-005
 2.843791e-001  2.303723e-004  3.752796e-005
 2.848341e-001  2.124703e-004  3.755999e-005
 2.852891e-001  1.474838e-004  3.705290e-005
 2.857441e-001  2.119317e-004  3.751257e-005
 2.861991e-001  1.787460e-004  3.732957e-005
 2.866540e-001  1.590326e-004  3.723282e-005
 2.871090e-001  2.299500e-004  3.712211e-005
 2.875640e-001  2.202572e-004  3.693721e-005
 2.880189e-001  1.854260e-004  3.725208e-005
 2.884739e-001  1.953629e-004  3.697305e-005
 2.889289e-001  1.995756e-004  3.707263e-005
 2.893838e-001  2.036156e-004  3.698942e-005
 2.898388e-001  1.507853e-004  3.698328e-005
 2.902937e-001  2.079719e-004  3.732857e-005
 2.907486e-001  1.713183e-004  3.694288e-005
 2.912036e-001  1.602888e-004  3.740503e-005
 2.916585e-001  2.365891e-004  3.689801e-005
 2.921134e-001  1.591489e-004  3.695298e-005
 2.925684e-001  1.748160e-004  3.706078e-005
 2.930233e-001  2.561034e-004  3.698064e-005
 2.934782e-001  2.231444e-004  3.732533e-005
 2.939331e-001  1.757678e-004  3.673365e-005
 2.943880e-001  1.339938e-004  3.691480e-005
 2.948429e-001  2.029861e-004  3.706582e-005
 2.952978e-001  1.484762e-004  3.686404e-005
 2.957527e-001  1.229171e-004  3.697198e-005
 2.962076e-001  1.279325e-004  3.670383e-005
 2.966625e-001  2.099712e-004  3.699671e-005
 2.971174e-001  2.059136e-004  3.676477e-005
 2.975723e-001  1.226398e-004  3.672841e-005
 2.980272e-001  1.605086e-004  3.671090e-005
 2.984820e-001  1.910795e-004  3.677033e-005
 2.989369e-001  1.277455e-004  3.687822e-005
 2.993918e-001  2.300496e-004  3.658422e-005
 2.998467e-001  1.953475e-004  3.692758e-005
 3.003015e-001  2.248650e-004  3.645795e-005
 3.007564e-001  1.528323e-004  3.655575e-005
 3.012112e-001  1.296291e-004  3.656761e-005
 3.016661e-001  2.050592e-004  3.670235e-005
 3.021209e-001  1.863269e-004  3.695572e-005
 3.025758e-001  2.330262e-004  3.662440e-005
 3.030306e-001  1.738097e-004  3.654852e-005
 3.034854e-001  1.839239e-004  3.655789e-005
 3.039403e-001  1.759415e-004  3.651053e-005
 3.043951e-001  1.479900e-004  3.660037e-005
 3.048499e-001  1.555303e-004  3.643324e-005
 3.053047e-001  1.789117e-004  3.648585e-005
 3.057596e-001  2.830526e-004  3.663659e-005
 3.062144e-001  2.185143e-004  3.730807e-005
 3.066692e-001  1.468231e-004  3.800074e-005
 3.071240e-001  2.783760e-004  3.780799e-005
 3.075788e-001  2.016526e-004  3.860917e-005
 3.080336e-001  1.490792e-004  3.859072e-005
 3.084884e-001  1.515220e-004  3.868165e-005
 3.089432e-001  1.712191e-004  3.914182e-005
 3.093979e-001  2.140769e-004  3.900592e-005
 3.098527e-001  1.694946e-004  3.974046e-005
 3.103075e-001  1.301428e-004  3.939868e-005
 3.107623e-001  2.455520e-004  3.980437e-005
 3.112170e-001  1.814355e-004  3.994407e-005
 3.116718e-001  1.345410e-004  3.992847e-005
 3.121266e-001  1.520632e-004  4.038585e-005
 3.125813e-001  2.233462e-004  4.015092e-005
 3.130361e-001  2.119809e-004  4.040200e-005
 3.134908e-001  8.132876e-005  4.081574e-005
 3.139456e-001  2.181358e-004  4.059570e-005
 3.144003e-001  2.412158e-004  4.091864e-005
 3.148551e-001  1.780105e-004  3.917533e-005
 3.153098e-001  1.854360e-004  3.936831e-005
 3.157645e-001  1.742635e-004  3.907865e-005
 3.162192e-001  1.239208e-004  3.884502e-005
 3.166740e-001  1.702014e-004  3.898595e-005
 3.171287e-001  1.831131e-004  3.846168e-005
 3.175834e-001  1.853301e-004  3.883898e-005
 3.180381e-001  2.205766e-004  3.816565e-005
 3.184928e-001  1.437817e-004  3.826602e-005
 3.189475e-001  1.107058e-004  3.827556e-005
 3.194022e-001  1.397645e-004  3.805849e-005
 3.198569e-001  1.465283e-004  3.791986e-005
 3.203116e-001  1.559322e-004  3.771031e-005
 3.207663e-001  1.171063e-004  3.771742e-005
 3.212210e-001  1.963433e-004  3.778022e-005
 3.216756e-001  1.230039e-004  3.781131e-005
 3.221303e-001  1.006040e-004  3.786004e-005
 3.225850e-001  1.335925e-004  3.733319e-005
 3.230397e-001  1.737910e-004  3.769536e-005
 3.234943e-001  1.808052e-004  3.749593e-005
 3.239490e-001  1.102441e-004  3.746430e-005
 3.244036e-001  1.586425e-004  3.747846e-005
 3.248583e-001  1.847382e-004  3.742836e-005
 3.253129e-001  1.626136e-004  3.740402e-005
 3.257676e-001  1.786516e-004  3.698827e-005
 3.262222e-001  1.097489e-004  3.726450e-005
 3.266768e-001  1.537847e-004  3.700757e-005
 3.271315e-001  1.220748e-004  3.707821e-005
 3.275861e-001  1.817458e-004  3.735238e-005
 3.280407e-001  1.114938e-004  3.698461e-005
 3.284953e-001  9.528967e-005  3.697018e-005
 3.289499e-001  1.711137e-004  3.704855e-005
 3.294045e-001  1.533722e-004  3.698394e-005
 3.298591e-001  1.274819e-004  3.707391e-005
 3.303137e-001  1.578086e-004  3.698472e-005
 3.307683e-001  1.535031e-004  3.689665e-005
 3.312229e-001  2.346347e-004  3.677575e-005
 3.316775e-001  1.921835e-004  3.706119e-005
 3.321321e-001  1.333656e-004  3.649241e-005
 3.325867e-001  1.826306e-004  3.653223e-005
 3.330413e-001  1.684594e-004  3.675690e-005
 3.334958e-001  1.669492e-004  3.637819e-005
 3.339504e-001  1.578115e-004  3.655491e-005
 3.344050e-001  1.856368e-004  3.627223e-005
 3.348595e-001  1.090878e-004  3.637267e-005
 3.353141e-001  1.279764e-004  3.618225e-005
 3.357686e-001  1.358460e-004  3.602344e-005
 3.362232e-001  6.826309e-005  3.630346e-005
 3.366777e-001  1.761480e-004  3.613809e-005
 3.371322e-001  1.662167e-004  3.606462e-005
 3.375868e-001  2.647009e-004  3.605709e-005
 3.380413e-001  1.530684e-004  3.566450e-005
 3.384958e-001  1.506166e-004  3.602067e-005
 3.389503e-001  1.789040e-004  3.567742e-005
 3.394049e-001  1.082601e-004  3.581503e-005
 3.398594e-001  1.541198e-004  3.558222e-005
 3.403139e-001  1.502145e-004  3.591947e-005
 3.407684e-001  1.790883e-004  3.574225e-005
 3.412229e-001  1.344325e-004  3.564436e-005
 3.416774e-001  2.119229e-004  3.587539e-005
 3.421319e-001  1.883901e-004  3.556229e-005
 3.425863e-001  1.708326e-004  3.587548e-005
 3.430408e-001  1.817279e-004  3.558526e-005
 3.434953e-001  1.700789e-004  3.527176e-005
 3.439498e-001  1.082764e-004  3.570993e-005
 3.444042e-001  1.533673e-004  3.527399e-005
 3.448587e-001  1.456677e-004  3.560314e-005
 3.453132e-001  1.207914e-004  3.543164e-005
 3.457676e-001  1.908908e-004  3.591357e-005
 3.462221e-001  1.548096e-004  3.673427e-005
 3.466765e-001  2.302985e-004  3.673234e-005
 3.471310e-001  1.226630e-004  3.741348e-005
 3.475854e-001  1.429161e-004  3.740653e-005
 3.480398e-001  1.679956e-004  3.780405e-005
 3.484943e-001  1.233765e-004  3.798618e-005
 3.489487e-001  1.562853e-004  3.769823e-005
 3.494031e-001  1.626343e-004  3.847677e-005
 3.498575e-001  1.429752e-004  3.834715e-005
 3.503119e-001  1.605012e-004  3.859956e-005
 3.507663e-001  1.980218e-004  3.866246e-005
 3.512207e-001  1.771318e-004  3.846437e-005
 3.516751e-001  1.068064e-004  3.870878e-005
 3.521295e-001  1.686371e-004  3.843780e-005
 3.525839e-001  1.731644e-004  3.886828e-005
 3.530383e-001  1.294702e-004  3.885132e-005
 3.534927e-001  6.347844e-005  3.871530e-005
 3.539471e-001  7.203460e-005  3.924376e-005
 3.544014e-001  1.219145e-004  3.874520e-005
 3.548558e-001  1.708718e-004  3.922272e-005
 3.553102e-001  1.461520e-004  3.906206e-005
 3.557645e-001  1.889788e-004  3.942678e-005
 3.562189e-001  1.740874e-004  3.929251e-005
 3.566732e-001  1.409818e-004  3.899619e-005
 3.571276e-001  1.072748e-004  3.961101e-005
 3.575819e-001  4.292961e-005  3.918660e-005
 3.580362e-001  7.954966e-005  3.947178e-005
 3.584906e-001  1.245517e-004  3.938882e-005
 3.589449e-001  1.939817e-004  3.928946e-005
 3.593992e-001  8.076891e-005  3.962711e-005
 3.598535e-001  1.357772e-004  3.948573e-005
 3.603079e-001  1.247697e-004  3.948213e-005
 3.607622e-001  1.431555e-004  3.946885e-005
 3.612165e-001  1.435001e-004  3.961683e-005
 3.616708e-001  1.160033e-004  4.000113e-005
 3.621251e-001  2.003058e-004  3.955243e-005
 3.625794e-001  2.042864e-004  3.977279e-005
 3.630336e-001  9.781069e-005  3.950626e-005
 3.634879e-001  1.679780e-004  3.986775e-005
 3.639422e-001  1.459464e-004  4.000462e-005
 3.643965e-001  1.150045e-004  3.969505e-005
 3.648507e-001  9.807092e-005  3.996779e-005
 3.653050e-001  2.021520e-004  3.969629e-005
 3.657593e-001  5.557023e-005  3.975950e-005
 3.662135e-001  1.244648e-004  4.001424e-005
 3.666678e-001  1.501290e-004  4.016942e-005
 3.671220e-001  1.509176e-004  4.013334e-005
 3.675762e-001  1.282127e-004  3.993127e-005
 3.680305e-001  1.102249e-004  4.013470e-005
 3.684847e-001  1.251130e-004  3.989188e-005
 3.689389e-001  2.162836e-004  4.027543e-005
 3.693932e-001  9.076935e-005  4.002127e-005
 3.698474e-001  1.447124e-004  4.004676e-005
 3.703016e-001  1.446679e-004  4.032515e-005
 3.707558e-001  7.194505e-005  4.015263e-005
 3.712100e-001  1.374295e-004  4.038795e-005
 3.716642e-001  1.025418e-004  4.027310e-005
 3.721184e-001  1.307545e-004  4.014569e-005
 3.725726e-001  1.268668e-004  4.010954e-005
 3.730268e-001  1.333718e-004  3.974541e-005
 3.734809e-001  1.897551e-004  4.028885e-005
 3.739351e-001  1.745190e-004  3.969940e-005
 3.743893e-001  1.221987e-004  4.037744e-005
 3.748435e-001  2.309336e-004  4.051758e-005
 3.752976e-001  1.143355e-004  4.025272e-005
 3.757518e-001  1.243555e-004  4.059459e-005
 3.762059e-001  1.452076e-004  4.019584e-005
 3.766601e-001  1.775778e-004  4.046911e-005
 3.771142e-001  9.055321e-005  4.058238e-005
 3.775683e-001  1.875123e-004  4.035706e-005
 3.780225e-001  1.841706e-004  4.079296e-005
 3.784766e-001  1.238235e-004  4.005710e-005
 3.789307e-001  8.284724e-005  4.057126e-005
 3.793848e-001  1.751489e-004  4.065721e-005
 3.798390e-001  1.269268e-004  4.049944e-005
 3.802931e-001  6.281213e-005  4.070086e-005
 3.807472e-001  6.191123e-005  4.029047e-005
 3.812013e-001  1.794391e-004  4.100787e-005
 3.816554e-001  1.327929e-004  4.026189e-005
 3.821095e-001  1.335173e-004  4.059252e-005
 3.825635e-001  8.212156e-005  4.088514e-005
 3.830176e-001  1.529577e-004  4.076504e-005
 3.834717e-001  2.005864e-004  4.085682e-005
 3.839258e-001  1.341397e-004  4.044441e-005
 3.843798e-001  1.382541e-005  4.084081e-005
 3.848339e-001  1.239123e-004  4.061546e-005
 3.852879e-001  1.855733e-004  4.079668e-005
 3.857420e-001  8.592162e-005  4.085793e-005
 3.861960e-001  1.338848e-004  4.059650e-005
 3.866501e-001  1.115472e-004  4.110025e-005
 3.871041e-001  1.360248e-004  4.053424e-005
 3.875581e-001  7.412367e-005  4.100676e-005
 3.880122e-001  1.655406e-005  4.084773e-005
 3.884662e-001  1.927158e-004  4.082110e-005
 3.889202e-001  1.101192e-004  4.127787e-005
 3.893742e-001  1.666625e-004  4.085098e-005
 3.898282e-001  1.145193e-004  4.124267e-005
 3.902822e-001  1.489136e-004  4.080442e-005
 3.907362e-001  6.868418e-005  4.083841e-005
 3.911902e-001  1.116522e-004  4.103263e-005
 3.916442e-001  1.699694e-004  4.075427e-005
 3.920982e-001  1.162987e-004  4.080904e-005
 3.925522e-001  1.046936e-004  4.069434e-005
 3.930061e-001  1.459914e-004  4.076588e-005
 3.934601e-001  1.179184e-004  4.081779e-005
 3.939141e-001  9.639768e-005  4.056044e-005
 3.943680e-001  9.256757e-005  4.090856e-005
 3.948220e-001  2.110246e-004  4.078098e-005
 3.952759e-001  1.557329e-004  4.112198e-005
 3.957299e-001  1.364271e-004  4.043203e-005
 3.961838e-001  1.757399e-004  4.081804e-005
 3.966377e-001  7.760358e-005  4.127794e-005
 3.970917e-001  1.044499e-004  4.076944e-005
 3.975456e-001  1.082225e-004  4.081385e-005
 3.979995e-001  8.570609e-005  4.074981e-005
 3.984534e-001  1.043615e-004  4.107177e-005
 3.989073e-001  1.212278e-004  4.124958e-005
 3.993612e-001  1.068917e-004  4.039775e-005
 3.998151e-001  1.173976e-004  4.104954e-005
 4.002690e-001  1.249621e-004  4.088195e-005
 4.007229e-001  1.163169e-004  4.128283e-005
 4.011768e-001  9.255012e-005  4.107651e-005
 4.016307e-001  1.032918e-004  4.067167e-005
 4.020845e-001  1.302288e-004  4.140530e-005
 4.025384e-001  8.351771e-005  4.098340e-005
 4.029923e-001  1.653476e-004  4.126463e-005
 4.034461e-001  1.571631e-005  4.073030e-005
 4.039000e-001  5.520507e-005  4.099677e-005
 4.043538e-001  1.699425e-004  4.131091e-005
 4.048077e-001  1.619801e-004  4.088731e-005
 4.052615e-001  1.226811e-004  4.125699e-005
 4.057153e-001  1.072333e-004  4.107829e-005
 4.061692e-001  1.837025e-004  4.123597e-005
 4.066230e-001  1.519402e-004  4.151711e-005
 4.070768e-001  1.321004e-004  4.059895e-005
 4.075306e-001  1.105091e-004  4.170219e-005
 4.079844e-001  1.039829e-004  4.121937e-005
 4.084382e-001  1.949057e-004  4.166701e-005
 4.088920e-001  1.430214e-004  4.142766e-005
 4.093458e-001  1.692825e-004  4.140334e-005
 4.097996e-001  1.165875e-004  4.101193e-005
 4.102534e-001  1.195477e-004  4.137837e-005
 4.107072e-001  1.573796e-004  4.152310e-005
 4.111609e-001  7.176151e-005  4.095821e-005
 4.116147e-001  1.561631e-004  4.147981e-005
 4.120685e-001  6.661769e-005  4.158202e-005
 4.125222e-001  1.314312e-004  4.105441e-005
 4.129760e-001  1.581205e-004  4.126984e-005
 4.134297e-001  1.779618e-004  4.126143e-005
 4.138834e-001  1.544810e-004  4.152984e-005
 4.143372e-001  1.458383e-004  4.113456e-005
 4.147909e-001  5.167888e-005  4.145870e-005
 4.152446e-001  5.132561e-005  4.139468e-005
 4.156983e-001  8.171584e-005  4.119302e-005
 4.161521e-001  1.222213e-004  4.160560e-005
 4.166058e-001  1.571795e-004  4.134225e-005
 4.170595e-001  1.352415e-004  4.132652e-005
 4.175132e-001  1.039101e-004  4.171982e-005
 4.179669e-001  1.109274e-004  4.097785e-005
 4.184205e-001  1.474524e-004  4.185865e-005
 4.188742e-001  1.211459e-004  4.128657e-005
 4.193279e-001  6.492257e-005  4.156475e-005
 4.197816e-001  1.290392e-004  4.171388e-005
 4.202352e-001  4.882202e-005  4.148742e-005
 4.206889e-001  8.380772e-005  4.193936e-005
 4.211426e-001  5.232867e-005  4.097838e-005
 4.215962e-001  1.817075e-004  4.158332e-005
 4.220499e-001  1.265496e-004  4.167084e-005
 4.225035e-001  2.245146e-004  4.144933e-005
 4.229571e-001  1.275950e-004  4.231297e-005
 4.234108e-001  6.921815e-005  4.131079e-005
 4.238644e-001  1.840313e-004  4.190442e-005
 4.243180e-001  7.981944e-005  4.151385e-005
 4.247716e-001  9.477405e-005  4.168782e-005
 4.252252e-001  8.363869e-005  4.196215e-005
 4.256788e-001  2.234783e-004  4.168115e-005
 4.261324e-001  6.449306e-005  4.192885e-005
 4.265860e-001  1.075682e-004  4.150422e-005
 4.270396e-001  1.650193e-004  4.206199e-005
 4.274932e-001  1.371463e-004  4.206581e-005
 4.279468e-001  1.518727e-004  4.181474e-005
 4.284003e-001  1.378977e-004  4.193525e-005
 4.288539e-001  8.701405e-005  4.157003e-005
 4.293075e-001  2.070830e-005  4.195566e-005
 4.297610e-001  7.095331e-005  4.200270e-005
 4.302146e-001  1.062976e-004  4.157743e-005
 4.306681e-001  3.467339e-005  4.194166e-005
 4.311216e-001  1.396816e-004  4.191667e-005
 4.315752e-001  1.510779e-004  4.356678e-005
 4.320287e-001  1.404930e-004  4.406459e-005
 4.324822e-001  8.573444e-005  4.481867e-005
 4.329357e-001  1.791511e-004  4.558675e-005
 4.333893e-001  1.450115e-004  4.604006e-005
 4.338428e-001  1.215748e-004  4.656598e-005
 4.342963e-001  1.499001e-004  4.680195e-005
 4.347498e-001  9.249481e-005  4.727465e-005
 4.352032e-001  1.454651e-004  4.812692e-005
 4.356567e-001  1.476463e-004  4.817849e-005
 4.361102e-001  6.447061e-005  4.853577e-005
 4.365637e-001  1.522056e-004  4.872598e-005
 4.370171e-001  1.301314e-004  4.993816e-005
 4.374706e-001  4.140544e-005  4.999997e-005
 4.379241e-001  9.449515e-005  4.975560e-005
 4.383775e-001  4.482942e-005  5.063063e-005
 4.388310e-001  1.101501e-004  5.087684e-005
 4.392844e-001  1.558726e-004  5.162786e-005
 4.397378e-001  1.544961e-004  5.165348e-005
 4.401913e-001  8.971935e-005  5.182957e-005
 4.406447e-001  9.069979e-005  5.222541e-005
 4.410981e-001  9.567635e-005  5.327328e-005
 4.415515e-001  1.881431e-004  5.309156e-005
 4.420049e-001  2.089502e-004  5.369487e-005
 4.424583e-001  1.228023e-004  5.429304e-005
 4.429117e-001  9.662828e-005  5.408001e-005
 4.433651e-001  7.753537e-005  5.493060e-005
 4.438185e-001  9.526792e-005  5.443830e-005
 4.442719e-001  1.863186e-004  5.537366e-005
 4.447252e-001  7.652160e-005  5.648077e-005
 4.451786e-001  1.532157e-004  5.612206e-005
 4.456320e-001 -2.963644e-005  5.636883e-005
 4.460853e-001  1.666343e-004  5.649340e-005
 4.465387e-001  3.494473e-005  5.737689e-005
 4.469920e-001  1.458014e-004  5.810053e-005
 4.474454e-001  7.980488e-005  5.704297e-005
 4.478987e-001  1.093602e-004  5.894799e-005
 4.483520e-001  7.951967e-005  5.844789e-005
 4.488054e-001  2.510414e-004  5.922783e-005
 4.492587e-001  6.119574e-005  5.995571e-005
 4.497120e-001  2.003380e-004  5.980356e-005
 4.501653e-001  1.244316e-004  6.081543e-005
 4.506186e-001  2.612586e-004  6.004967e-005
 4.510719e-001  6.445067e-005  6.044250e-005
 4.515252e-001  2.996333e-005  6.055104e-005
 4.519785e-001  2.597580e-005  6.002268e-005
 4.524317e-001  1.513944e-006  6.185402e-005
 4.528850e-001  4.679732e-005  6.120528e-005
 4.533383e-001  4.565876e-005  6.189378e-005
 4.537915e-001  5.771696e-005  6.182072e-005
 4.542448e-001  5.712587e-005  6.140543e-005
 4.546980e-001  7.988188e-005  6.325008e-005
 4.551513e-001  1.939095e-004  6.102438e-005
 4.556045e-001  3.831988e-005  6.292544e-005
 4.560578e-001  1.260713e-004  6.262594e-005
 4.565110e-001  8.996542e-005  6.352166e-005
 4.569642e-001  3.365657e-005  6.422904e-005
 4.574174e-001  1.840854e-004  6.251139e-005
 4.578706e-001  5.439137e-005  6.429367e-005
 4.583238e-001  1.365235e-004  6.436439e-005
 4.587770e-001  1.501263e-004  6.426272e-005
 4.592302e-001  1.270041e-004  6.430433e-005
 4.596834e-001  4.966317e-005  6.478324e-005
 4.601366e-001  2.120224e-004  6.641553e-005
 4.605898e-001  4.936608e-006  6.483271e-005
 4.610429e-001  1.122493e-004  6.648238e-005
 4.614961e-001  9.055862e-005  6.469858e-005
 4.619493e-001  1.982267e-004  6.605961e-005
 4.624024e-001  1.034180e-004  6.706747e-005
 4.628556e-001  1.362422e-004  6.447676e-005
 4.633087e-001  1.177228e-004  6.658391e-005
 4.637618e-001  2.051901e-004  6.549765e-005
 4.642150e-001  1.166014e-004  6.694913e-005
 4.646681e-001  1.027876e-004  6.629380e-005
 4.651212e-001  7.211117e-005  6.557431e-005
 4.655743e-001  6.171312e-005  6.765611e-005
 4.660274e-001  1.034573e-004  6.584810e-005
 4.664805e-001  8.012009e-005  6.678778e-005
 4.669336e-001  1.465205e-004  6.596695e-005
 4.673867e-001  2.232342e-005  6.723922e-005
 4.678398e-001  2.400408e-004  6.783413e-005
 4.682929e-001  1.849894e-004  6.704804e-005
 4.687459e-001  2.003854e-005  6.843162e-005
 4.691990e-001  4.346013e-005  6.743870e-005
 4.696520e-001  1.256738e-004  6.866046e-005
 4.701051e-001  1.148595e-004  6.982202e-005
 4.705581e-001  1.047929e-004  6.766969e-005
 4.710112e-001  8.509778e-005  6.945272e-005
 4.714642e-001  5.718158e-005  6.813556e-005
 4.719173e-001 -6.502676e-005  7.013892e-005
 4.723703e-001 -4.778193e-005  6.903525e-005
 4.728233e-001  1.177093e-004  6.984184e-005
 4.732763e-001  1.748325e-004  7.175221e-005
 4.737293e-001  6.929496e-005  6.940637e-005
 4.741823e-001  1.009450e-004  7.170731e-005
 4.746353e-001  2.808972e-005  7.116910e-005
 4.750883e-001  1.981848e-004  7.014230e-005
 4.755413e-001  1.834182e-004  7.369048e-005
 4.759942e-001  2.144131e-004  7.039549e-005
 4.764472e-001  1.185723e-004  7.205529e-005
 4.769002e-001  1.992870e-004  7.171521e-005
 4.773531e-001  1.104911e-004  7.337461e-005
 4.778061e-001  1.554626e-004  7.388386e-005
 4.782590e-001  6.756306e-005  7.107517e-005
 4.787120e-001  1.789554e-004  7.441074e-005
 4.791649e-001  1.900960e-005  7.285286e-005
 4.796178e-001  5.508960e-005  7.494334e-005
 4.800708e-001  2.147768e-004  7.282317e-005
 4.805237e-001  4.387265e-005  7.426792e-005
 4.809766e-001  1.340440e-004  7.592656e-005
 4.814295e-001 -6.973298e-006  7.441188e-005
 4.818824e-001  1.486433e-004  7.610607e-005
 4.823353e-001  1.528522e-004  7.517930e-005
 4.827882e-001  1.231050e-004  7.632756e-005
 4.832410e-001  4.967451e-005  7.643474e-005
 4.836939e-001  2.056779e-004  7.601592e-005
 4.841468e-001  5.286316e-005  7.740436e-005
 4.845996e-001  1.077844e-004  7.664248e-005
 4.850525e-001  4.567027e-005  7.795179e-005
 4.855054e-001  5.219332e-005  7.725450e-005
 4.859582e-001  2.299298e-004  7.865807e-005
 4.864110e-001  1.993152e-004  7.905151e-005
 4.868639e-001  3.257641e-004  7.773619e-005
 4.873167e-001  1.768345e-004  8.024986e-005
 4.877695e-001  1.773865e-004  7.857382e-005
 4.882223e-001  8.698865e-005  8.071588e-005
 4.886751e-001 -2.532112e-007  8.025587e-005
 4.891279e-001  8.142934e-005  7.998625e-005
 4.895807e-001 -1.403256e-005  8.097402e-005
 4.900335e-001  6.188302e-005  8.074070e-005
 4.904863e-001  1.452158e-004  8.304053e-005
 4.909391e-001 -2.318159e-005  8.037325e-005
 4.913918e-001  8.859999e-005  8.182747e-005
 4.918446e-001  1.671203e-004  8.406361e-005
 4.922974e-001  1.717678e-004  8.269087e-005
 4.927501e-001  2.147966e-004  8.390453e-005
 4.932029e-001  1.116858e-004  8.383568e-005
 4.936556e-001  1.921907e-004  8.347607e-005
 4.941083e-001  1.021700e-004  8.522758e-005
 4.945611e-001  1.301796e-004  8.459651e-005
 4.950138e-001  3.040217e-005  8.594808e-005
 4.954665e-001  3.550955e-005  8.538268e-005
 4.959192e-001 -3.757965e-006  8.570412e-005
 4.963719e-001  6.074417e-005  8.649468e-005
 4.968246e-001  2.579262e-004  8.657550e-005
 4.972773e-001  9.980084e-005  8.768908e-005
 4.977300e-001  1.905817e-004  8.814936e-005
 4.981826e-001  2.548244e-004  8.744324e-005
 4.986353e-001  8.401261e-006  8.897184e-005
 4.990880e-001 -3.521902e-005  8.811108e-005
 4.995406e-001  1.267847e-004  8.976203e-005
 4.999933e-001  1.801267e-004  8.934063e-005
 5.004459e-001  5.568220e-005  9.107079e-005
 5.008986e-001 -1.078718e-005  9.104996e-005
 5.013512e-001  1.841403e-004  9.079315e-005
 5.018038e-001  2.808567e-004  9.204076e-005
 5.022565e-001  7.095752e-005  9.199002e-005
 5.027091e-001  2.203255e-004  9.235351e-005
 5.031617e-001  6.454255e-005  9.374763e-005
 5.036143e-001  1.226247e-006  9.444255e-005
 5.040669e-001  1.108883e-004  9.432770e-005
 5.045195e-001  2.334147e-004  9.452127e-005
 5.049721e-001  3.015572e-004  9.523672e-005
 5.054246e-001  2.660947e-004  9.573729e-005
 5.058772e-001  6.231871e-005  9.537945e-005
 5.063298e-001  4.890108e-005  9.631954e-005
 5.067823e-001 -3.352972e-005  9.619502e-005
 5.072349e-001 -7.832087e-006  9.753395e-005
 5.076874e-001  3.917887e-005  9.896985e-005
 5.081400e-001  1.046237e-004  9.717140e-005
 5.085925e-001  2.110674e-004  9.983318e-005
 5.090450e-001  2.723781e-004  1.019040e-004
 5.094975e-001  2.026671e-004  1.011435e-004
 5.099501e-001  2.134209e-004  1.034379e-004
 5.104026e-001 -1.137074e-004  1.014104e-004
 5.108551e-001  8.187804e-005  1.017540e-004
 5.113076e-001  2.431941e-004  1.041402e-004
 5.117600e-001  1.374490e-004  1.038655e-004
 5.122125e-001  9.555779e-005  1.059819e-004
 5.126650e-001  1.463605e-004  1.035392e-004
 5.131175e-001 -3.014761e-006  1.068518e-004
 5.135699e-001 -5.592170e-006  1.080598e-004
 5.140224e-001  1.758170e-004  1.062140e-004
 5.144748e-001  5.109349e-005  1.089245e-004
 5.149273e-001 -2.378957e-005  1.078315e-004
 5.153797e-001 -5.213139e-005  1.087219e-004
 5.158321e-001  2.630139e-004  1.104335e-004
 5.162846e-001  1.803567e-005  1.114169e-004
 5.167370e-001  1.485622e-004  1.100980e-004
 5.171894e-001  9.702103e-005  1.119853e-004
 5.176418e-001  1.270847e-004  1.156912e-004
 5.180942e-001  9.994017e-005  1.124282e-004
 5.185466e-001 -5.410716e-006  1.150240e-004
 5.189990e-001 -9.775619e-005  1.162907e-004
 5.194514e-001  1.447357e-004  1.152329e-004
 5.199037e-001 -4.113625e-005  1.192228e-004
 5.203561e-001  6.403502e-005  1.176502e-004
range-from: 1
range-to: 1129
data-frames-directory: E:/SAXS/SAXS missions ANALYSIS/AA9/SAXS/SWING 011222/K10D/K10D
parent-buffer-frame-index-first: 188
parent-buffer-frame-index-last: 288
parent-buffer-frames: K10DD_HPLCSample_00049{00067}_AzInt_Px_4647.dat K10DD_HPLCSample_00049{00068}_AzInt_Px_4648.dat K10DD_HPLCSample_00049{00069}_AzInt_Px_4649.dat K10DD_HPLCSample_00049{00070}_AzInt_Px_4650.dat K10DD_HPLCSample_00049{00071}_AzInt_Px_4651.dat K10DD_HPLCSample_00049{00072}_AzInt_Px_4652.dat K10DD_HPLCSample_00049{00073}_AzInt_Px_4653.dat K10DD_HPLCSample_00049{00074}_AzInt_Px_4654.dat K10DD_HPLCSample_00049{00075}_AzInt_Px_4655.dat K10DD_HPLCSample_00049{00076}_AzInt_Px_4656.dat K10DD_HPLCSample_00049{00077}_AzInt_Px_4657.dat K10DD_HPLCSample_00049{00078}_AzInt_Px_4658.dat K10DD_HPLCSample_00049{00079}_AzInt_Px_4659.dat K10DD_HPLCSample_00049{00080}_AzInt_Px_4660.dat K10DD_HPLCSample_00049{00081}_AzInt_Px_4661.dat K10DD_HPLCSample_00049{00082}_AzInt_Px_4662.dat K10DD_HPLCSample_00049{00083}_AzInt_Px_4663.dat K10DD_HPLCSample_00049{00084}_AzInt_Px_4664.dat K10DD_HPLCSample_00049{00085}_AzInt_Px_4665.dat K10DD_HPLCSample_00049{00086}_AzInt_Px_4666.dat K10DD_HPLCSample_00049{00087}_AzInt_Px_4667.dat K10DD_HPLCSample_00049{00088}_AzInt_Px_4668.dat K10DD_HPLCSample_00049{00089}_AzInt_Px_4669.dat K10DD_HPLCSample_00049{00090}_AzInt_Px_4670.dat K10DD_HPLCSample_00049{00091}_AzInt_Px_4671.dat K10DD_HPLCSample_00049{00092}_AzInt_Px_4672.dat K10DD_HPLCSample_00049{00093}_AzInt_Px_4673.dat K10DD_HPLCSample_00049{00094}_AzInt_Px_4674.dat K10DD_HPLCSample_00049{00095}_AzInt_Px_4675.dat K10DD_HPLCSample_00049{00096}_AzInt_Px_4676.dat K10DD_HPLCSample_00049{00097}_AzInt_Px_4677.dat K10DD_HPLCSample_00049{00098}_AzInt_Px_4678.dat K10DD_HPLCSample_00049{00099}_AzInt_Px_4679.dat K10DD_HPLCSample_00049{00100}_AzInt_Px_4680.dat K10DD_HPLCSample_00049{00101}_AzInt_Px_4681.dat K10DD_HPLCSample_00049{00102}_AzInt_Px_4682.dat K10DD_HPLCSample_00049{00103}_AzInt_Px_4683.dat K10DD_HPLCSample_00049{00104}_AzInt_Px_4684.dat K10DD_HPLCSample_00049{00105}_AzInt_Px_4685.dat K10DD_HPLCSample_00049{00106}_AzInt_Px_4686.dat K10DD_HPLCSample_00049{00107}_AzInt_Px_4687.dat K10DD_HPLCSample_00049{00108}_AzInt_Px_4688.dat K10DD_HPLCSample_00049{00109}_AzInt_Px_4689.dat K10DD_HPLCSample_00049{00110}_AzInt_Px_4690.dat K10DD_HPLCSample_00049{00111}_AzInt_Px_4691.dat K10DD_HPLCSample_00049{00112}_AzInt_Px_4692.dat K10DD_HPLCSample_00049{00113}_AzInt_Px_4693.dat K10DD_HPLCSample_00049{00114}_AzInt_Px_4694.dat K10DD_HPLCSample_00049{00115}_AzInt_Px_4695.dat K10DD_HPLCSample_00049{00116}_AzInt_Px_4696.dat K10DD_HPLCSample_00049{00117}_AzInt_Px_4697.dat K10DD_HPLCSample_00049{00118}_AzInt_Px_4698.dat K10DD_HPLCSample_00049{00119}_AzInt_Px_4699.dat K10DD_HPLCSample_00049{00120}_AzInt_Px_4700.dat K10DD_HPLCSample_00049{00121}_AzInt_Px_4701.dat K10DD_HPLCSample_00049{00122}_AzInt_Px_4702.dat K10DD_HPLCSample_00049{00123}_AzInt_Px_4703.dat K10DD_HPLCSample_00049{00124}_AzInt_Px_4704.dat K10DD_HPLCSample_00049{00125}_AzInt_Px_4705.dat K10DD_HPLCSample_00049{00126}_AzInt_Px_4706.dat K10DD_HPLCSample_00049{00127}_AzInt_Px_4707.dat K10DD_HPLCSample_00049{00128}_AzInt_Px_4708.dat K10DD_HPLCSample_00049{00129}_AzInt_Px_4709.dat K10DD_HPLCSample_00049{00130}_AzInt_Px_4710.dat K10DD_HPLCSample_00049{00131}_AzInt_Px_4711.dat K10DD_HPLCSample_00049{00132}_AzInt_Px_4712.dat K10DD_HPLCSample_00049{00133}_AzInt_Px_4713.dat K10DD_HPLCSample_00049{00134}_AzInt_Px_4714.dat K10DD_HPLCSample_00049{00135}_AzInt_Px_4715.dat K10DD_HPLCSample_00049{00136}_AzInt_Px_4716.dat K10DD_HPLCSample_00049{00137}_AzInt_Px_4717.dat K10DD_HPLCSample_00049{00138}_AzInt_Px_4718.dat K10DD_HPLCSample_00049{00139}_AzInt_Px_4719.dat K10DD_HPLCSample_00049{00140}_AzInt_Px_4720.dat K10DD_HPLCSample_00049{00141}_AzInt_Px_4721.dat K10DD_HPLCSample_00049{00142}_AzInt_Px_4722.dat K10DD_HPLCSample_00049{00143}_AzInt_Px_4723.dat K10DD_HPLCSample_00049{00144}_AzInt_Px_4724.dat K10DD_HPLCSample_00049{00145}_AzInt_Px_4725.dat K10DD_HPLCSample_00049{00146}_AzInt_Px_4726.dat K10DD_HPLCSample_00049{00147}_AzInt_Px_4727.dat K10DD_HPLCSample_00049{00148}_AzInt_Px_4728.dat K10DD_HPLCSample_00049{00149}_AzInt_Px_4729.dat K10DD_HPLCSample_00049{00150}_AzInt_Px_4730.dat K10DD_HPLCSample_00049{00151}_AzInt_Px_4731.dat K10DD_HPLCSample_00049{00152}_AzInt_Px_4732.dat K10DD_HPLCSample_00049{00153}_AzInt_Px_4733.dat K10DD_HPLCSample_00049{00154}_AzInt_Px_4734.dat K10DD_HPLCSample_00049{00155}_AzInt_Px_4735.dat K10DD_HPLCSample_00049{00156}_AzInt_Px_4736.dat K10DD_HPLCSample_00049{00157}_AzInt_Px_4737.dat K10DD_HPLCSample_00049{00158}_AzInt_Px_4738.dat K10DD_HPLCSample_00049{00159}_AzInt_Px_4739.dat K10DD_HPLCSample_00049{00160}_AzInt_Px_4740.dat K10DD_HPLCSample_00049{00161}_AzInt_Px_4741.dat K10DD_HPLCSample_00049{00162}_AzInt_Px_4742.dat K10DD_HPLCSample_00049{00163}_AzInt_Px_4743.dat K10DD_HPLCSample_00049{00164}_AzInt_Px_4744.dat K10DD_HPLCSample_00049{00165}_AzInt_Px_4745.dat K10DD_HPLCSample_00049{00166}_AzInt_Px_4746.dat K10DD_HPLCSample_00049{00167}_AzInt_Px_4747.dat
parent-sample-frame-index-first: 606
parent-sample-frame-index-last: 622
parent-sample-frames: K10DD_HPLCSample_00049{00485}_AzInt_Px_5065.dat K10DD_HPLCSample_00049{00486}_AzInt_Px_5066.dat K10DD_HPLCSample_00049{00487}_AzInt_Px_5067.dat K10DD_HPLCSample_00049{00488}_AzInt_Px_5068.dat K10DD_HPLCSample_00049{00489}_AzInt_Px_5069.dat K10DD_HPLCSample_00049{00490}_AzInt_Px_5070.dat K10DD_HPLCSample_00049{00491}_AzInt_Px_5071.dat K10DD_HPLCSample_00049{00492}_AzInt_Px_5072.dat K10DD_HPLCSample_00049{00493}_AzInt_Px_5073.dat K10DD_HPLCSample_00049{00494}_AzInt_Px_5074.dat K10DD_HPLCSample_00049{00495}_AzInt_Px_5075.dat K10DD_HPLCSample_00049{00496}_AzInt_Px_5076.dat K10DD_HPLCSample_00049{00497}_AzInt_Px_5077.dat K10DD_HPLCSample_00049{00498}_AzInt_Px_5078.dat K10DD_HPLCSample_00049{00499}_AzInt_Px_5079.dat K10DD_HPLCSample_00049{00500}_AzInt_Px_5080.dat K10DD_HPLCSample_00049{00501}_AzInt_Px_5081.dat
range-from: 8
range-to: 1205
