     0.01000    100.40729      0.84424
     0.01100     98.68224      0.59748
     0.01200     97.35620      0.42968
     0.01300     95.90412      0.35864
     0.01400     94.15881      0.26067
     0.01500     92.55249      0.33219
     0.01600     90.72699      0.40437
     0.01700     88.42831      0.24291
     0.01800     85.79234      0.19340
     0.01900     83.49365      0.17784
     0.02000     81.06460      0.15839
     0.02100     79.01557      0.15105
     0.02200     77.17350      0.12544
     0.02300     75.02200      0.14497
     0.02400     72.67804      0.12343
     0.02500     70.27470      0.13013
     0.02600     67.86213      0.11873
     0.02700     65.45820      0.13231
     0.02800     63.05325      0.15273
     0.02900     61.35325      0.13482
     0.03000     59.49513      0.11935
     0.03100     57.65266      0.10993
     0.03200     56.04449      0.11868
     0.03300     54.32192      0.13999
     0.03400     52.30044      0.11978
     0.03500     50.30771      0.10901
     0.03600     48.26777      0.10408
     0.03700     46.47690      0.10180
     0.03800     44.65424      0.08213
     0.03900     43.06051      0.08624
     0.04000     41.67534      0.09847
     0.04100     40.14200      0.09764
     0.04200     38.78666      0.08674
     0.04300     37.40293      0.10478
     0.04400     36.11336      0.10719
     0.04500     35.00445      0.11726
     0.04600     33.94126      0.11567
     0.04700     32.96753      0.11632
     0.04800     31.61008      0.10243
     0.04900     30.40086      0.09055
     0.05000     29.22537      0.07561
     0.05100     28.14277      0.07997
     0.05200     27.17512      0.07931
     0.05300     26.25632      0.07152
     0.05400     25.51438      0.07711
     0.05500     25.04902      0.07884
     0.05600     24.26635      0.07663
     0.05700     23.32827      0.06394
     0.05800     22.69582      0.05082
     0.05900     22.18737      0.05893
     0.06000     21.60558      0.06254
     0.06100     20.83365      0.06191
     0.06200     20.30916      0.06338
     0.06300     19.85687      0.06091
     0.06400     19.31498      0.05983
     0.06500     18.82746      0.06204
     0.06600     18.32488      0.05799
     0.06700     17.81680      0.06334
     0.06800     17.49462      0.06139
     0.06900     17.07841      0.05890
     0.07000     16.65984      0.06465
     0.07100     16.36183      0.08686
     0.07200     16.05887      0.09872
     0.07300     15.76256      0.06037
     0.07400     15.47818      0.05761
     0.07500     15.17834      0.06315
     0.07600     14.82260      0.07345
     0.07700     14.48931      0.06946
     0.07800     14.09793      0.06372
     0.07900     13.77155      0.05287
     0.08000     13.33121      0.05197
     0.08100     13.03376      0.04998
     0.08200     12.84659      0.05048
     0.08300     12.70987      0.05340
     0.08400     12.72862      0.06747
     0.08500     12.54905      0.08619
     0.08600     12.17012      0.05662
     0.08700     11.67106      0.05067
     0.08800     11.28830      0.04698
     0.08900     11.32917      0.05305
     0.09000     11.24809      0.05220
     0.09100     10.93558      0.05160
     0.09200     10.68302      0.04903
     0.09300     10.49253      0.05832
     0.09400     10.15485      0.06010
     0.09500      9.93578      0.05124
     0.09600      9.74728      0.05055
     0.09700      9.68623      0.04890
     0.09800      9.44694      0.04949
     0.09900      9.40663      0.05238
     0.10000      9.11050      0.04739
     0.10100      8.79644      0.04282
     0.10200      8.72550      0.04154
     0.10300      8.75301      0.05069
     0.10400      8.57733      0.05371
     0.10500      8.39785      0.05709
     0.10600      8.20501      0.05432
     0.10700      7.99232      0.05018
     0.10800      7.69806      0.04780
     0.10900      7.57256      0.05279
     0.11000      7.45997      0.04958
     0.11100      7.45985      0.04650
     0.11200      7.28993      0.09256
     0.11300      7.38920      0.20093
     0.11400      6.92495      0.05301
     0.11500      6.79458      0.04161
     0.11600      6.60670      0.04307
     0.11700      6.40418      0.03923
     0.11800      6.30416      0.03935
     0.11900      6.27793      0.04415
     0.12000      6.19862      0.04588
     0.12100      6.06595      0.04462
     0.12200      5.53091      0.03932
     0.12300      5.68834      0.03807
     0.12400      5.68309      0.03985
     0.12500      5.43821      0.04401
     0.12600      5.29196      0.04267
     0.12700      5.22793      0.03857
     0.12800      5.13137      0.03608
     0.12900      5.08877      0.03609
     0.13000      5.05399      0.03745
     0.13100      4.96116      0.04119
     0.13200      4.85744      0.04111
     0.13300      4.82447      0.04067
     0.13400      4.74266      0.04277
     0.13500      4.64500      0.05027
     0.13600      4.50499      0.04989
     0.13700      4.34978      0.03917
     0.13800      4.12748      0.03814
     0.13900      4.03987      0.03880
     0.14000      4.15902      0.05244
     0.14100      4.16080      0.04976
     0.14200      4.08214      0.03840
     0.14300      3.99681      0.03918
     0.14400      3.97840      0.04015
     0.14500      3.82398      0.03519
     0.14600      3.72675      0.03429
     0.14700      3.74354      0.03531
     0.14800      3.74453      0.04097
     0.14900      3.66162      0.04422
     0.15000      3.48982      0.04245
     0.15100      3.41026      0.04004
     0.15200      3.35035      0.04180
     0.15300      3.38400      0.07431
     0.15400      3.12339      0.05950
     0.15500      2.94302      0.04341
     0.15600      2.81955      0.04036
     0.15700      2.92947      0.03721
     0.15800      2.78113      0.04128
     0.15900      2.77915      0.03955
     0.16000      2.75067      0.04022
     0.16100      2.64874      0.03709
     0.16200      2.70418      0.04237
     0.16300      2.65614      0.04295
     0.16400      2.68851      0.03932
     0.16500      2.62589      0.03774
     0.16600      2.54837      0.03821
     0.16900      2.31031      0.03412
     0.17000      2.27853      0.03483
     0.17100      2.32748      0.03848
     0.17200      2.31127      0.03864
     0.17300      2.12158      0.03981
     0.17400      2.05095      0.04348
     0.17500      2.04284      0.04924
     0.17600      2.01080      0.04775
     0.17700      1.96800      0.04126
     0.17800      1.88286      0.03807
     0.17900      1.78580      0.03666
     0.18000      1.80446      0.03405
     0.18100      1.97658      0.03481
     0.18200      2.09046      0.03943
     0.18500      1.79148      0.03807
     0.19000      1.70523      0.04358
     0.19500      1.44225      0.04268
     0.20000      1.19083      0.03421
     0.20500      1.14643      0.02747
     0.21000      1.04475      0.02483
     0.21500      0.97635      0.03236
     0.22000      0.86181      0.03086
     0.22500      0.77907      0.03524
     0.23000      0.64032      0.02864
     0.23500      0.68447      0.03191
     0.24000      0.53745      0.03308
     0.24500      0.48965      0.02522
     0.25000      0.41276      0.02537
     0.25500      0.35965      0.02628
     0.26000      0.33265      0.02269
     0.26500      0.32653      0.02355
     0.27000      0.29057      0.02682
     0.27500      0.24841      0.02970
     0.28000      0.22331      0.02758
     0.28500      0.18934      0.02610
     0.29000      0.19503      0.02854
     0.29500      0.10132      0.02787
     0.30000      0.11240      0.03009
