 16-Sep-2009       (alfa_20_000_ave - 1.050 *buf_001_ave.dat) / 12.5000       
alfa_20_000_  Conc = .12E+02  Mult = .10E+01  N1 =    1  N2 = 1584  SCALE =  1
 001_ave.dat  Conc = .10E+01  Mult = .11E+01  N1 =    1  N2 = 1584  SCALE =  1
  0.494943E-01  0.394417E+05  0.612945E+02
  0.521697E-01  0.469111E+05  0.671593E+02
  0.548450E-01  0.589781E+05  0.754903E+02
  0.575204E-01  0.743921E+05  0.851908E+02
  0.601958E-01  0.927987E+05  0.952259E+02
  0.628711E-01  0.105171E+06  0.100836E+03
  0.655465E-01  0.122562E+06  0.108455E+03
  0.682219E-01  0.139549E+06  0.115393E+03
  0.708972E-01  0.155770E+06  0.121260E+03
  0.735726E-01  0.172873E+06  0.127166E+03
  0.762479E-01  0.180665E+06  0.128761E+03
  0.789233E-01  0.189638E+06  0.131102E+03
  0.815987E-01  0.201815E+06  0.134473E+03
  0.842740E-01  0.213254E+06  0.137741E+03
  0.869494E-01  0.224282E+06  0.140508E+03
  0.896248E-01  0.234045E+06  0.142933E+03
  0.923001E-01  0.242507E+06  0.144935E+03
  0.949755E-01  0.248224E+06  0.146244E+03
  0.976508E-01  0.252082E+06  0.147038E+03
  0.100326E+00  0.255798E+06  0.147743E+03
  0.103002E+00  0.255688E+06  0.147434E+03
  0.105677E+00  0.256285E+06  0.147367E+03
  0.108352E+00  0.256700E+06  0.147218E+03
  0.111028E+00  0.255825E+06  0.146744E+03
  0.113703E+00  0.254908E+06  0.146258E+03
  0.116378E+00  0.252770E+06  0.145471E+03
  0.119054E+00  0.252458E+06  0.145229E+03
  0.121729E+00  0.249688E+06  0.144294E+03
  0.124404E+00  0.246846E+06  0.143346E+03
  0.127080E+00  0.245715E+06  0.142905E+03
  0.129755E+00  0.245283E+06  0.142670E+03
  0.132431E+00  0.242391E+06  0.141686E+03
  0.135106E+00  0.239303E+06  0.140725E+03
  0.137781E+00  0.237551E+06  0.140177E+03
  0.140457E+00  0.234415E+06  0.139148E+03
  0.143132E+00  0.232785E+06  0.138607E+03
  0.145807E+00  0.230549E+06  0.137906E+03
  0.148483E+00  0.227483E+06  0.136925E+03
  0.151158E+00  0.225464E+06  0.136282E+03
  0.153833E+00  0.222591E+06  0.135399E+03
  0.156509E+00  0.220126E+06  0.134594E+03
  0.159184E+00  0.217594E+06  0.133786E+03
  0.161859E+00  0.214617E+06  0.132846E+03
  0.164535E+00  0.213240E+06  0.132357E+03
  0.167210E+00  0.208982E+06  0.131025E+03
  0.169885E+00  0.207176E+06  0.130426E+03
  0.172561E+00  0.204012E+06  0.129409E+03
  0.175236E+00  0.202236E+06  0.128826E+03
  0.177911E+00  0.199590E+06  0.127977E+03
  0.180587E+00  0.197009E+06  0.127144E+03
  0.183262E+00  0.193830E+06  0.126114E+03
  0.185938E+00  0.191461E+06  0.125330E+03
  0.188613E+00  0.187973E+06  0.124165E+03
  0.191288E+00  0.185645E+06  0.123392E+03
  0.193964E+00  0.183542E+06  0.122702E+03
  0.196639E+00  0.180933E+06  0.121819E+03
  0.199314E+00  0.178437E+06  0.120975E+03
  0.201990E+00  0.175383E+06  0.119952E+03
  0.204665E+00  0.172228E+06  0.118860E+03
  0.207340E+00  0.169876E+06  0.118035E+03
  0.210016E+00  0.166897E+06  0.117001E+03
  0.212691E+00  0.164226E+06  0.116055E+03
  0.215366E+00  0.162062E+06  0.115317E+03
  0.218042E+00  0.158725E+06  0.114133E+03
  0.220717E+00  0.156751E+06  0.113426E+03
  0.223392E+00  0.154585E+06  0.112636E+03
  0.226068E+00  0.151673E+06  0.111597E+03
  0.228743E+00  0.148762E+06  0.110544E+03
  0.231418E+00  0.146400E+06  0.109648E+03
  0.234094E+00  0.144042E+06  0.108772E+03
  0.236769E+00  0.141208E+06  0.107724E+03
  0.239444E+00  0.138984E+06  0.106881E+03
  0.242120E+00  0.136936E+06  0.106102E+03
  0.244795E+00  0.133808E+06  0.104900E+03
  0.247470E+00  0.131430E+06  0.103975E+03
  0.250146E+00  0.128946E+06  0.103005E+03
  0.252821E+00  0.126645E+06  0.102091E+03
  0.255496E+00  0.124319E+06  0.101165E+03
  0.258172E+00  0.121774E+06  0.100139E+03
  0.260847E+00  0.119286E+06  0.991396E+02
  0.263522E+00  0.117031E+06  0.982287E+02
  0.266198E+00  0.115199E+06  0.974544E+02
  0.268873E+00  0.112590E+06  0.963653E+02
  0.271548E+00  0.110272E+06  0.953877E+02
  0.274224E+00  0.107825E+06  0.943545E+02
  0.276899E+00  0.105412E+06  0.933245E+02
  0.279574E+00  0.103170E+06  0.923571E+02
  0.282249E+00  0.100973E+06  0.913856E+02
  0.284925E+00  0.991448E+05  0.905551E+02
  0.287600E+00  0.970147E+05  0.896180E+02
  0.290275E+00  0.946089E+05  0.885248E+02
  0.292951E+00  0.925480E+05  0.876060E+02
  0.295626E+00  0.904097E+05  0.865913E+02
  0.298301E+00  0.885025E+05  0.856867E+02
  0.300977E+00  0.867421E+05  0.848574E+02
  0.303652E+00  0.845558E+05  0.838181E+02
  0.306327E+00  0.827290E+05  0.829504E+02
  0.309003E+00  0.809713E+05  0.821006E+02
  0.311678E+00  0.790453E+05  0.811419E+02
  0.314353E+00  0.773483E+05  0.802947E+02
  0.317028E+00  0.753751E+05  0.792939E+02
  0.319704E+00  0.734716E+05  0.783187E+02
  0.322379E+00  0.716242E+05  0.773533E+02
  0.325054E+00  0.700429E+05  0.765218E+02
  0.327730E+00  0.682074E+05  0.755456E+02
  0.330405E+00  0.664905E+05  0.746245E+02
  0.333080E+00  0.647935E+05  0.737072E+02
  0.335756E+00  0.631797E+05  0.728160E+02
  0.338431E+00  0.617892E+05  0.720598E+02
  0.341106E+00  0.601217E+05  0.711124E+02
  0.343781E+00  0.585727E+05  0.702265E+02
  0.346457E+00  0.568835E+05  0.692755E+02
  0.349132E+00  0.554627E+05  0.684487E+02
  0.351807E+00  0.540535E+05  0.675900E+02
  0.354483E+00  0.527680E+05  0.668285E+02
  0.357158E+00  0.513643E+05  0.659930E+02
  0.359833E+00  0.498784E+05  0.650853E+02
  0.362508E+00  0.484542E+05  0.641814E+02
  0.365184E+00  0.473617E+05  0.635025E+02
  0.367859E+00  0.460422E+05  0.626315E+02
  0.370534E+00  0.446875E+05  0.617693E+02
  0.373210E+00  0.435594E+05  0.610396E+02
  0.375885E+00  0.421532E+05  0.600946E+02
  0.378560E+00  0.410587E+05  0.593752E+02
  0.381235E+00  0.397749E+05  0.584924E+02
  0.383911E+00  0.386582E+05  0.577229E+02
  0.386586E+00  0.376467E+05  0.570024E+02
  0.389261E+00  0.366262E+05  0.562948E+02
  0.391936E+00  0.354893E+05  0.554895E+02
  0.394612E+00  0.345435E+05  0.547926E+02
  0.397287E+00  0.334792E+05  0.539759E+02
  0.399962E+00  0.323302E+05  0.531149E+02
  0.402637E+00  0.314633E+05  0.524565E+02
  0.405313E+00  0.305032E+05  0.517365E+02
  0.407988E+00  0.296093E+05  0.510060E+02
  0.410663E+00  0.287215E+05  0.503137E+02
  0.413339E+00  0.278497E+05  0.496108E+02
  0.416014E+00  0.271172E+05  0.490169E+02
  0.418689E+00  0.262088E+05  0.482685E+02
  0.421364E+00  0.253836E+05  0.475655E+02
  0.424040E+00  0.246547E+05  0.469686E+02
  0.426715E+00  0.239468E+05  0.463580E+02
  0.429390E+00  0.232075E+05  0.456892E+02
  0.432065E+00  0.224653E+05  0.450463E+02
  0.434741E+00  0.217623E+05  0.443787E+02
  0.437416E+00  0.210989E+05  0.437799E+02
  0.440091E+00  0.202942E+05  0.430432E+02
  0.442766E+00  0.196585E+05  0.424860E+02
  0.445441E+00  0.190776E+05  0.419283E+02
  0.448117E+00  0.185207E+05  0.413780E+02
  0.450792E+00  0.178883E+05  0.407407E+02
  0.453467E+00  0.172854E+05  0.401323E+02
  0.456142E+00  0.168133E+05  0.396763E+02
  0.458818E+00  0.162363E+05  0.390906E+02
  0.461493E+00  0.156828E+05  0.385091E+02
  0.464168E+00  0.151986E+05  0.380248E+02
  0.466843E+00  0.146759E+05  0.374695E+02
  0.469519E+00  0.142041E+05  0.369341E+02
  0.472194E+00  0.137814E+05  0.364730E+02
  0.474869E+00  0.133383E+05  0.359991E+02
  0.477544E+00  0.128984E+05  0.354906E+02
  0.480219E+00  0.124647E+05  0.349910E+02
  0.482895E+00  0.120542E+05  0.344897E+02
  0.485570E+00  0.116650E+05  0.340480E+02
  0.488245E+00  0.113031E+05  0.336140E+02
  0.490920E+00  0.109006E+05  0.331198E+02
  0.493595E+00  0.105434E+05  0.326853E+02
  0.496271E+00  0.102169E+05  0.322959E+02
  0.498946E+00  0.985170E+04  0.318367E+02
  0.501621E+00  0.957504E+04  0.314863E+02
  0.504296E+00  0.926538E+04  0.310674E+02
  0.506971E+00  0.894651E+04  0.306111E+02
  0.509647E+00  0.867443E+04  0.302910E+02
  0.512322E+00  0.838232E+04  0.299406E+02
  0.514997E+00  0.810430E+04  0.295184E+02
  0.517672E+00  0.788705E+04  0.292294E+02
  0.520347E+00  0.758498E+04  0.288180E+02
  0.523023E+00  0.736530E+04  0.285007E+02
  0.525698E+00  0.713110E+04  0.281432E+02
  0.528373E+00  0.693937E+04  0.278956E+02
  0.531048E+00  0.671461E+04  0.275751E+02
  0.533723E+00  0.647102E+04  0.272341E+02
  0.536399E+00  0.628797E+04  0.269458E+02
  0.539074E+00  0.609085E+04  0.266407E+02
  0.541749E+00  0.592039E+04  0.263614E+02
  0.544424E+00  0.573083E+04  0.260856E+02
  0.547099E+00  0.559098E+04  0.258585E+02
  0.549774E+00  0.540238E+04  0.255934E+02
  0.552450E+00  0.522455E+04  0.252803E+02
  0.555125E+00  0.506973E+04  0.250447E+02
  0.557800E+00  0.491595E+04  0.247961E+02
  0.560475E+00  0.479824E+04  0.246100E+02
  0.563150E+00  0.467055E+04  0.243384E+02
  0.565825E+00  0.456069E+04  0.242051E+02
  0.568501E+00  0.441817E+04  0.239968E+02
  0.571176E+00  0.428519E+04  0.237778E+02
  0.573851E+00  0.413001E+04  0.234810E+02
  0.576526E+00  0.406085E+04  0.233459E+02
  0.579201E+00  0.397379E+04  0.232075E+02
  0.581876E+00  0.384313E+04  0.229793E+02
  0.584551E+00  0.374215E+04  0.227920E+02
  0.587227E+00  0.368186E+04  0.226565E+02
  0.589902E+00  0.358210E+04  0.225108E+02
  0.592577E+00  0.347082E+04  0.223139E+02
  0.595252E+00  0.339294E+04  0.221802E+02
  0.597927E+00  0.332948E+04  0.220836E+02
  0.600602E+00  0.324680E+04  0.219027E+02
  0.603277E+00  0.319486E+04  0.217905E+02
  0.605952E+00  0.312660E+04  0.216610E+02
  0.608628E+00  0.306759E+04  0.215662E+02
  0.611303E+00  0.300347E+04  0.214293E+02
  0.613978E+00  0.294794E+04  0.212878E+02
  0.616653E+00  0.286254E+04  0.211701E+02
  0.619328E+00  0.280779E+04  0.210360E+02
  0.622003E+00  0.276039E+04  0.209683E+02
  0.624678E+00  0.271142E+04  0.208605E+02
  0.627353E+00  0.266949E+04  0.207854E+02
  0.630029E+00  0.261351E+04  0.206682E+02
  0.632704E+00  0.256512E+04  0.205968E+02
  0.635379E+00  0.252948E+04  0.205118E+02
  0.638054E+00  0.250798E+04  0.204579E+02
  0.640729E+00  0.246837E+04  0.203622E+02
  0.643404E+00  0.242053E+04  0.203126E+02
  0.646079E+00  0.238756E+04  0.202477E+02
  0.648754E+00  0.235500E+04  0.201349E+02
  0.651429E+00  0.232423E+04  0.201075E+02
  0.654104E+00  0.227883E+04  0.199884E+02
  0.656779E+00  0.225694E+04  0.199469E+02
  0.659455E+00  0.221288E+04  0.199019E+02
  0.662130E+00  0.218506E+04  0.198451E+02
  0.664805E+00  0.217028E+04  0.198278E+02
  0.667480E+00  0.217136E+04  0.197639E+02
  0.670155E+00  0.211994E+04  0.196487E+02
  0.672830E+00  0.210702E+04  0.196487E+02
  0.675505E+00  0.207407E+04  0.195608E+02
  0.678180E+00  0.204770E+04  0.195102E+02
  0.680855E+00  0.201578E+04  0.194648E+02
  0.683530E+00  0.200710E+04  0.194124E+02
  0.686205E+00  0.199675E+04  0.193834E+02
  0.688880E+00  0.197607E+04  0.193512E+02
  0.691555E+00  0.194715E+04  0.193326E+02
  0.694230E+00  0.191765E+04  0.193138E+02
  0.696905E+00  0.188816E+04  0.192201E+02
  0.699581E+00  0.188940E+04  0.192212E+02
  0.702256E+00  0.187287E+04  0.191433E+02
  0.704931E+00  0.187356E+04  0.191551E+02
  0.707606E+00  0.185112E+04  0.190997E+02
  0.710281E+00  0.185632E+04  0.191033E+02
  0.712956E+00  0.181511E+04  0.190228E+02
  0.715631E+00  0.178848E+04  0.189982E+02
  0.718306E+00  0.179529E+04  0.189962E+02
  0.720981E+00  0.178063E+04  0.189574E+02
  0.723656E+00  0.176253E+04  0.189037E+02
  0.726331E+00  0.174496E+04  0.188340E+02
  0.729006E+00  0.175173E+04  0.188464E+02
  0.731681E+00  0.173206E+04  0.188154E+02
  0.734356E+00  0.169839E+04  0.187717E+02
  0.737031E+00  0.168127E+04  0.187364E+02
  0.739706E+00  0.167246E+04  0.187150E+02
  0.742381E+00  0.166291E+04  0.187008E+02
  0.745056E+00  0.163847E+04  0.186419E+02
  0.747731E+00  0.163871E+04  0.186797E+02
  0.750406E+00  0.162093E+04  0.186103E+02
  0.753081E+00  0.159410E+04  0.185381E+02
  0.755756E+00  0.156723E+04  0.185121E+02
  0.758431E+00  0.158602E+04  0.185224E+02
  0.761106E+00  0.156552E+04  0.184814E+02
  0.763781E+00  0.154791E+04  0.184482E+02
  0.766456E+00  0.153435E+04  0.184292E+02
  0.769131E+00  0.153947E+04  0.184169E+02
  0.771806E+00  0.150953E+04  0.183667E+02
  0.774481E+00  0.151833E+04  0.183794E+02
  0.777156E+00  0.150131E+04  0.183465E+02
  0.779831E+00  0.149387E+04  0.183156E+02
  0.782506E+00  0.148672E+04  0.182973E+02
  0.785181E+00  0.147492E+04  0.182446E+02
  0.787856E+00  0.147602E+04  0.182367E+02
  0.790531E+00  0.147102E+04  0.182487E+02
  0.793205E+00  0.144294E+04  0.181937E+02
  0.795880E+00  0.143567E+04  0.181735E+02
  0.798555E+00  0.144095E+04  0.181324E+02
  0.801230E+00  0.140556E+04  0.180896E+02
  0.803905E+00  0.139453E+04  0.180998E+02
  0.806580E+00  0.140676E+04  0.181263E+02
  0.809255E+00  0.137911E+04  0.180774E+02
  0.811930E+00  0.136278E+04  0.180359E+02
  0.814605E+00  0.135785E+04  0.179934E+02
  0.817280E+00  0.134634E+04  0.179627E+02
  0.819955E+00  0.134625E+04  0.179774E+02
  0.822630E+00  0.133714E+04  0.179281E+02
  0.825305E+00  0.130392E+04  0.179026E+02
  0.827980E+00  0.129416E+04  0.178412E+02
  0.830655E+00  0.129380E+04  0.178074E+02
  0.833329E+00  0.127475E+04  0.178546E+02
  0.836004E+00  0.127835E+04  0.178318E+02
  0.838679E+00  0.125523E+04  0.177579E+02
  0.841354E+00  0.124923E+04  0.177361E+02
  0.844029E+00  0.123876E+04  0.177264E+02
  0.846704E+00  0.123770E+04  0.176825E+02
  0.849379E+00  0.120832E+04  0.176938E+02
  0.852054E+00  0.120487E+04  0.176037E+02
  0.854729E+00  0.119991E+04  0.176273E+02
  0.857404E+00  0.117972E+04  0.175996E+02
  0.860078E+00  0.117227E+04  0.175469E+02
  0.862753E+00  0.116068E+04  0.175486E+02
  0.865428E+00  0.115831E+04  0.175220E+02
  0.868103E+00  0.114150E+04  0.174723E+02
  0.870778E+00  0.113637E+04  0.174815E+02
  0.873453E+00  0.112203E+04  0.174430E+02
  0.876128E+00  0.110304E+04  0.174108E+02
  0.878802E+00  0.110264E+04  0.173707E+02
  0.881477E+00  0.110024E+04  0.173430E+02
  0.884152E+00  0.108936E+04  0.173294E+02
  0.886827E+00  0.107504E+04  0.173487E+02
  0.889502E+00  0.106879E+04  0.172898E+02
  0.892177E+00  0.106731E+04  0.172899E+02
  0.894852E+00  0.104726E+04  0.172471E+02
  0.897526E+00  0.104276E+04  0.172496E+02
  0.900201E+00  0.102837E+04  0.172491E+02
  0.902876E+00  0.102756E+04  0.171879E+02
  0.905551E+00  0.101485E+04  0.171612E+02
  0.908226E+00  0.100295E+04  0.171527E+02
  0.910901E+00  0.100008E+04  0.171307E+02
  0.913575E+00  0.984163E+03  0.171252E+02
  0.916250E+00  0.970138E+03  0.170900E+02
  0.918925E+00  0.950870E+03  0.170534E+02
  0.921600E+00  0.945143E+03  0.170228E+02
  0.924275E+00  0.946734E+03  0.169926E+02
  0.926949E+00  0.935721E+03  0.170110E+02
  0.929624E+00  0.929400E+03  0.169759E+02
  0.932299E+00  0.915411E+03  0.169670E+02
  0.934974E+00  0.895364E+03  0.169269E+02
  0.937649E+00  0.897718E+03  0.169234E+02
  0.940323E+00  0.888520E+03  0.169274E+02
  0.942998E+00  0.883433E+03  0.168958E+02
  0.945673E+00  0.877322E+03  0.168649E+02
  0.948348E+00  0.873939E+03  0.168502E+02
  0.951022E+00  0.868582E+03  0.168429E+02
  0.953697E+00  0.843932E+03  0.167681E+02
  0.956372E+00  0.852603E+03  0.167847E+02
  0.959047E+00  0.851813E+03  0.167621E+02
  0.961722E+00  0.841490E+03  0.167328E+02
  0.964396E+00  0.822634E+03  0.167173E+02
  0.967071E+00  0.804782E+03  0.167211E+02
  0.969746E+00  0.806408E+03  0.167166E+02
  0.972421E+00  0.810446E+03  0.166779E+02
  0.975095E+00  0.802035E+03  0.166943E+02
  0.977770E+00  0.783207E+03  0.166479E+02
  0.980445E+00  0.766601E+03  0.166343E+02
  0.983119E+00  0.772553E+03  0.165947E+02
  0.985794E+00  0.768363E+03  0.166068E+02
  0.988469E+00  0.775593E+03  0.165929E+02
  0.991144E+00  0.764551E+03  0.165814E+02
  0.993818E+00  0.749139E+03  0.165604E+02
  0.996493E+00  0.748282E+03  0.165418E+02
  0.999168E+00  0.735686E+03  0.164925E+02
  0.100184E+01  0.725843E+03  0.164631E+02
  0.100452E+01  0.723134E+03  0.164445E+02
  0.100719E+01  0.723438E+03  0.164854E+02
  0.100987E+01  0.719159E+03  0.164481E+02
  0.101254E+01  0.705832E+03  0.164239E+02
  0.101522E+01  0.697396E+03  0.164046E+02
  0.101789E+01  0.695734E+03  0.164189E+02
  0.102057E+01  0.673460E+03  0.163597E+02
  0.102324E+01  0.680057E+03  0.163331E+02
  0.102591E+01  0.667622E+03  0.163476E+02
  0.102859E+01  0.652370E+03  0.163133E+02
  0.103126E+01  0.655101E+03  0.162859E+02
  0.103394E+01  0.674380E+03  0.162842E+02
  0.103661E+01  0.659166E+03  0.162847E+02
  0.103929E+01  0.646998E+03  0.162861E+02
  0.104196E+01  0.653523E+03  0.162797E+02
  0.104464E+01  0.644213E+03  0.162591E+02
  0.104731E+01  0.631634E+03  0.162539E+02
  0.104999E+01  0.639236E+03  0.162538E+02
  0.105266E+01  0.632235E+03  0.162316E+02
  0.105534E+01  0.616678E+03  0.162065E+02
  0.105801E+01  0.613308E+03  0.161942E+02
  0.106069E+01  0.605392E+03  0.162047E+02
  0.106336E+01  0.605828E+03  0.161901E+02
  0.106603E+01  0.600657E+03  0.161307E+02
  0.106871E+01  0.599473E+03  0.161252E+02
  0.107138E+01  0.592534E+03  0.161237E+02
  0.107406E+01  0.581838E+03  0.160817E+02
  0.107673E+01  0.582627E+03  0.160849E+02
  0.107941E+01  0.577436E+03  0.160726E+02
  0.108208E+01  0.577874E+03  0.160620E+02
  0.108476E+01  0.580895E+03  0.160964E+02
  0.108743E+01  0.563011E+03  0.160188E+02
  0.109011E+01  0.561718E+03  0.160238E+02
  0.109278E+01  0.559716E+03  0.160225E+02
  0.109545E+01  0.548738E+03  0.160151E+02
  0.109813E+01  0.549052E+03  0.160062E+02
  0.110080E+01  0.533812E+03  0.160026E+02
  0.110348E+01  0.545492E+03  0.159853E+02
  0.110615E+01  0.535152E+03  0.159685E+02
  0.110883E+01  0.529177E+03  0.159602E+02
  0.111150E+01  0.537692E+03  0.159485E+02
  0.111418E+01  0.535588E+03  0.159716E+02
  0.111685E+01  0.530478E+03  0.159258E+02
  0.111953E+01  0.530036E+03  0.159267E+02
  0.112220E+01  0.524062E+03  0.159183E+02
  0.112487E+01  0.518542E+03  0.159123E+02
  0.112755E+01  0.503729E+03  0.159007E+02
  0.113022E+01  0.508114E+03  0.158848E+02
  0.113290E+01  0.516849E+03  0.158730E+02
  0.113557E+01  0.497360E+03  0.158526E+02
  0.113825E+01  0.485356E+03  0.158619E+02
  0.114092E+01  0.489930E+03  0.158528E+02
  0.114360E+01  0.498643E+03  0.158468E+02
  0.114627E+01  0.496894E+03  0.158595E+02
  0.114895E+01  0.490541E+03  0.158078E+02
  0.115162E+01  0.486653E+03  0.158120E+02
  0.115429E+01  0.477452E+03  0.158341E+02
  0.115697E+01  0.477781E+03  0.158165E+02
  0.115964E+01  0.477032E+03  0.157777E+02
  0.116232E+01  0.471354E+03  0.157814E+02
  0.116499E+01  0.471567E+03  0.157551E+02
  0.116767E+01  0.463333E+03  0.157651E+02
  0.117034E+01  0.457488E+03  0.157560E+02
  0.117302E+01  0.469666E+03  0.157675E+02
  0.117569E+01  0.468313E+03  0.157388E+02
  0.117836E+01  0.447796E+03  0.157144E+02
  0.118104E+01  0.447808E+03  0.157429E+02
  0.118371E+01  0.456786E+03  0.157262E+02
  0.118639E+01  0.441393E+03  0.156966E+02
  0.118906E+01  0.439781E+03  0.156921E+02
  0.119174E+01  0.442176E+03  0.157102E+02
  0.119441E+01  0.429360E+03  0.156854E+02
  0.119709E+01  0.437717E+03  0.157254E+02
  0.119976E+01  0.441280E+03  0.156850E+02
  0.120243E+01  0.426734E+03  0.156551E+02
  0.120511E+01  0.429682E+03  0.156341E+02
  0.120778E+01  0.420124E+03  0.156103E+02
  0.121046E+01  0.419674E+03  0.156402E+02
  0.121313E+01  0.419412E+03  0.156040E+02
  0.121581E+01  0.413129E+03  0.156183E+02
  0.121848E+01  0.422781E+03  0.156161E+02
  0.122116E+01  0.423928E+03  0.156459E+02
  0.122383E+01  0.426354E+03  0.156538E+02
  0.122650E+01  0.414628E+03  0.156384E+02
  0.122918E+01  0.401869E+03  0.156119E+02
  0.123185E+01  0.409424E+03  0.156230E+02
  0.123453E+01  0.396824E+03  0.156366E+02
  0.123720E+01  0.398031E+03  0.155602E+02
  0.123988E+01  0.396279E+03  0.156009E+02
  0.124255E+01  0.402016E+03  0.155713E+02
  0.124522E+01  0.404302E+03  0.155853E+02
  0.124790E+01  0.390978E+03  0.155552E+02
  0.125057E+01  0.387940E+03  0.155328E+02
  0.125325E+01  0.389576E+03  0.155366E+02
  0.125592E+01  0.382315E+03  0.155159E+02
  0.125860E+01  0.378034E+03  0.155244E+02
  0.126127E+01  0.384537E+03  0.155014E+02
  0.126395E+01  0.377487E+03  0.155180E+02
  0.126662E+01  0.382886E+03  0.155108E+02
  0.126929E+01  0.384730E+03  0.155141E+02
  0.127197E+01  0.382668E+03  0.154963E+02
  0.127464E+01  0.375661E+03  0.154433E+02
  0.127732E+01  0.375665E+03  0.155096E+02
  0.127999E+01  0.367072E+03  0.155043E+02
  0.128267E+01  0.356261E+03  0.154821E+02
  0.128534E+01  0.360083E+03  0.154432E+02
  0.128801E+01  0.363114E+03  0.154503E+02
  0.129069E+01  0.352470E+03  0.154571E+02
  0.129336E+01  0.360153E+03  0.154473E+02
  0.129604E+01  0.357505E+03  0.154618E+02
  0.129871E+01  0.361894E+03  0.154405E+02
  0.130138E+01  0.340182E+03  0.154449E+02
  0.130406E+01  0.339832E+03  0.154287E+02
  0.130673E+01  0.350593E+03  0.154341E+02
  0.130941E+01  0.342032E+03  0.153923E+02
  0.131208E+01  0.339986E+03  0.153814E+02
  0.131476E+01  0.344966E+03  0.154163E+02
  0.131743E+01  0.340722E+03  0.153958E+02
  0.132010E+01  0.338716E+03  0.153778E+02
  0.132278E+01  0.333786E+03  0.154100E+02
  0.132545E+01  0.339405E+03  0.153885E+02
  0.132813E+01  0.323111E+03  0.153656E+02
  0.133080E+01  0.326107E+03  0.153801E+02
  0.133348E+01  0.318226E+03  0.153588E+02
  0.133615E+01  0.321878E+03  0.153356E+02
  0.133882E+01  0.323862E+03  0.153103E+02
  0.134150E+01  0.326732E+03  0.153538E+02
  0.134417E+01  0.324316E+03  0.153134E+02
  0.134685E+01  0.314886E+03  0.153255E+02
  0.134952E+01  0.318204E+03  0.153281E+02
  0.135219E+01  0.318409E+03  0.153307E+02
  0.135487E+01  0.309931E+03  0.153353E+02
  0.135754E+01  0.332392E+03  0.153232E+02
  0.136022E+01  0.313609E+03  0.153083E+02
  0.136289E+01  0.304746E+03  0.152876E+02
  0.136557E+01  0.307989E+03  0.153480E+02
  0.136824E+01  0.316489E+03  0.153553E+02
  0.137091E+01  0.301785E+03  0.153178E+02
  0.137359E+01  0.294039E+03  0.152942E+02
  0.137626E+01  0.292318E+03  0.152664E+02
  0.137894E+01  0.303787E+03  0.152787E+02
  0.138161E+01  0.299039E+03  0.152713E+02
  0.138428E+01  0.302258E+03  0.152668E+02
  0.138696E+01  0.293588E+03  0.152763E+02
  0.138963E+01  0.301968E+03  0.153023E+02
  0.139231E+01  0.271756E+03  0.152668E+02
  0.139498E+01  0.275567E+03  0.151762E+02
  0.139765E+01  0.295827E+03  0.152163E+02
  0.140033E+01  0.288932E+03  0.152234E+02
  0.140300E+01  0.295015E+03  0.152408E+02
  0.140568E+01  0.273039E+03  0.152464E+02
  0.140835E+01  0.270482E+03  0.152113E+02
  0.141103E+01  0.295406E+03  0.152411E+02
  0.141370E+01  0.284528E+03  0.152086E+02
  0.141637E+01  0.282059E+03  0.152145E+02
  0.141905E+01  0.253308E+03  0.152148E+02
  0.142172E+01  0.274557E+03  0.152154E+02
  0.142440E+01  0.265083E+03  0.151626E+02
  0.142707E+01  0.269737E+03  0.151341E+02
  0.142974E+01  0.275073E+03  0.151664E+02
  0.143242E+01  0.279926E+03  0.152122E+02
  0.143509E+01  0.265948E+03  0.151838E+02
  0.143777E+01  0.264730E+03  0.151445E+02
  0.144044E+01  0.276923E+03  0.151674E+02
  0.144311E+01  0.276550E+03  0.151970E+02
  0.144579E+01  0.252278E+03  0.151511E+02
  0.144846E+01  0.257184E+03  0.151475E+02
  0.145114E+01  0.252754E+03  0.151264E+02
  0.145381E+01  0.260399E+03  0.151260E+02
  0.145648E+01  0.264076E+03  0.151361E+02
  0.145916E+01  0.262433E+03  0.151103E+02
  0.146183E+01  0.253627E+03  0.151614E+02
  0.146451E+01  0.243581E+03  0.151591E+02
  0.146718E+01  0.254358E+03  0.151321E+02
  0.146985E+01  0.249298E+03  0.151182E+02
  0.147253E+01  0.234702E+03  0.150891E+02
  0.147520E+01  0.253646E+03  0.151083E+02
  0.147787E+01  0.238754E+03  0.150748E+02
  0.148055E+01  0.244121E+03  0.150682E+02
  0.148322E+01  0.238647E+03  0.150795E+02
  0.148590E+01  0.244664E+03  0.150979E+02
  0.148857E+01  0.260916E+03  0.151086E+02
  0.149124E+01  0.225817E+03  0.151199E+02
  0.149392E+01  0.237453E+03  0.150600E+02
  0.149659E+01  0.241640E+03  0.150772E+02
  0.149927E+01  0.252076E+03  0.150725E+02
  0.150194E+01  0.232888E+03  0.150448E+02
  0.150461E+01  0.237102E+03  0.150562E+02
  0.150729E+01  0.242728E+03  0.150992E+02
  0.150996E+01  0.218818E+03  0.150529E+02
  0.151264E+01  0.227156E+03  0.150758E+02
  0.151531E+01  0.228812E+03  0.150518E+02
  0.151798E+01  0.219881E+03  0.150751E+02
  0.152066E+01  0.214364E+03  0.150619E+02
  0.152333E+01  0.220704E+03  0.150161E+02
  0.152600E+01  0.218834E+03  0.150245E+02
  0.152868E+01  0.227288E+03  0.150784E+02
  0.153135E+01  0.217371E+03  0.150453E+02
  0.153403E+01  0.226500E+03  0.150035E+02
  0.153670E+01  0.218467E+03  0.149914E+02
  0.153937E+01  0.211905E+03  0.149961E+02
  0.154205E+01  0.204200E+03  0.150033E+02
  0.154472E+01  0.214551E+03  0.150208E+02
  0.154740E+01  0.206807E+03  0.149864E+02
  0.155007E+01  0.203019E+03  0.149482E+02
  0.155274E+01  0.212648E+03  0.149355E+02
  0.155542E+01  0.206540E+03  0.149907E+02
  0.155809E+01  0.220636E+03  0.150079E+02
  0.156076E+01  0.217884E+03  0.149897E+02
  0.156344E+01  0.210948E+03  0.149923E+02
  0.156611E+01  0.209702E+03  0.149740E+02
  0.156879E+01  0.195008E+03  0.149456E+02
  0.157146E+01  0.198466E+03  0.149610E+02
  0.157413E+01  0.214598E+03  0.149742E+02
  0.157681E+01  0.208484E+03  0.149783E+02
  0.157948E+01  0.199272E+03  0.149339E+02
  0.158215E+01  0.200704E+03  0.149700E+02
  0.158483E+01  0.201503E+03  0.150026E+02
  0.158750E+01  0.204413E+03  0.149692E+02
  0.159018E+01  0.201462E+03  0.149723E+02
  0.159285E+01  0.187735E+03  0.149253E+02
  0.159552E+01  0.188866E+03  0.148845E+02
  0.159820E+01  0.193824E+03  0.149054E+02
  0.160087E+01  0.192772E+03  0.149280E+02
  0.160354E+01  0.199475E+03  0.149230E+02
  0.160622E+01  0.193960E+03  0.149105E+02
  0.160889E+01  0.189872E+03  0.149199E+02
  0.161156E+01  0.173254E+03  0.148783E+02
  0.161424E+01  0.179521E+03  0.148688E+02
  0.161691E+01  0.178873E+03  0.148883E+02
  0.161959E+01  0.187020E+03  0.148868E+02
  0.162226E+01  0.184984E+03  0.148809E+02
  0.162493E+01  0.190400E+03  0.148675E+02
  0.162761E+01  0.189255E+03  0.148952E+02
  0.163028E+01  0.180901E+03  0.148878E+02
  0.163295E+01  0.179148E+03  0.148896E+02
  0.163563E+01  0.170327E+03  0.148369E+02
  0.163830E+01  0.176524E+03  0.148427E+02
  0.164097E+01  0.181341E+03  0.148722E+02
  0.164365E+01  0.169078E+03  0.148567E+02
  0.164632E+01  0.160560E+03  0.148642E+02
  0.164899E+01  0.163428E+03  0.148928E+02
  0.165167E+01  0.171866E+03  0.149026E+02
  0.165434E+01  0.179758E+03  0.148782E+02
  0.165702E+01  0.171389E+03  0.148417E+02
  0.165969E+01  0.166212E+03  0.148595E+02
  0.166236E+01  0.158524E+03  0.147988E+02
  0.166504E+01  0.163954E+03  0.148044E+02
  0.166771E+01  0.165136E+03  0.148515E+02
  0.167038E+01  0.157842E+03  0.148176E+02
  0.167306E+01  0.156314E+03  0.148182E+02
  0.167573E+01  0.167626E+03  0.147975E+02
  0.167840E+01  0.158368E+03  0.148239E+02
  0.168108E+01  0.148556E+03  0.148583E+02
  0.168375E+01  0.158867E+03  0.148333E+02
  0.168642E+01  0.149623E+03  0.147866E+02
  0.168910E+01  0.159788E+03  0.148040E+02
  0.169177E+01  0.160569E+03  0.148316E+02
  0.169444E+01  0.156263E+03  0.147802E+02
  0.169712E+01  0.140608E+03  0.147564E+02
  0.169979E+01  0.158204E+03  0.148231E+02
  0.170247E+01  0.159019E+03  0.147825E+02
  0.170514E+01  0.172648E+03  0.147704E+02
  0.170781E+01  0.154749E+03  0.147819E+02
  0.171049E+01  0.147222E+03  0.147885E+02
  0.171316E+01  0.156567E+03  0.147876E+02
  0.171583E+01  0.150631E+03  0.148032E+02
  0.171851E+01  0.143501E+03  0.147897E+02
  0.172118E+01  0.139483E+03  0.147930E+02
  0.172385E+01  0.138432E+03  0.147252E+02
  0.172653E+01  0.151826E+03  0.147324E+02
  0.172920E+01  0.149667E+03  0.147825E+02
  0.173187E+01  0.137278E+03  0.147662E+02
  0.173455E+01  0.133913E+03  0.147960E+02
  0.173722E+01  0.135304E+03  0.147569E+02
  0.173989E+01  0.141148E+03  0.147583E+02
  0.174257E+01  0.147552E+03  0.147594E+02
  0.174524E+01  0.132700E+03  0.147139E+02
  0.174791E+01  0.133450E+03  0.147199E+02
  0.175059E+01  0.138035E+03  0.147098E+02
  0.175326E+01  0.141614E+03  0.146845E+02
  0.175593E+01  0.144552E+03  0.147156E+02
  0.175861E+01  0.148700E+03  0.147527E+02
  0.176128E+01  0.130469E+03  0.146871E+02
  0.176395E+01  0.128195E+03  0.147485E+02
  0.176663E+01  0.128860E+03  0.147316E+02
  0.176930E+01  0.130993E+03  0.147181E+02
  0.177197E+01  0.141797E+03  0.147245E+02
  0.177465E+01  0.138700E+03  0.146777E+02
  0.177732E+01  0.132421E+03  0.147027E+02
  0.177999E+01  0.126586E+03  0.147330E+02
  0.178267E+01  0.124686E+03  0.146740E+02
  0.178534E+01  0.126158E+03  0.146931E+02
  0.178801E+01  0.128821E+03  0.146751E+02
  0.179069E+01  0.129365E+03  0.146841E+02
  0.179336E+01  0.121809E+03  0.147277E+02
  0.179603E+01  0.126081E+03  0.146672E+02
  0.179871E+01  0.130878E+03  0.146759E+02
  0.180138E+01  0.132709E+03  0.146490E+02
  0.180405E+01  0.118141E+03  0.146432E+02
  0.180673E+01  0.121373E+03  0.146557E+02
  0.180940E+01  0.121999E+03  0.146712E+02
  0.181207E+01  0.121565E+03  0.146788E+02
  0.181474E+01  0.123414E+03  0.146546E+02
  0.181742E+01  0.115740E+03  0.146526E+02
  0.182009E+01  0.117107E+03  0.146443E+02
  0.182276E+01  0.127679E+03  0.146228E+02
  0.182544E+01  0.124778E+03  0.146154E+02
  0.182811E+01  0.114420E+03  0.146406E+02
  0.183078E+01  0.111421E+03  0.146163E+02
  0.183346E+01  0.123899E+03  0.146515E+02
  0.183613E+01  0.127238E+03  0.146566E+02
  0.183880E+01  0.116366E+03  0.146127E+02
  0.184148E+01  0.109054E+03  0.146078E+02
  0.184415E+01  0.115271E+03  0.146096E+02
  0.184682E+01  0.121458E+03  0.146159E+02
  0.184950E+01  0.104717E+03  0.146167E+02
  0.185217E+01  0.111167E+03  0.145946E+02
  0.185484E+01  0.122793E+03  0.145922E+02
  0.185752E+01  0.107306E+03  0.145609E+02
  0.186019E+01  0.104350E+03  0.145562E+02
  0.186286E+01  0.955316E+02  0.146257E+02
  0.186553E+01  0.113698E+03  0.145728E+02
  0.186821E+01  0.119296E+03  0.145838E+02
  0.187088E+01  0.108397E+03  0.145778E+02
  0.187355E+01  0.100785E+03  0.146027E+02
  0.187623E+01  0.102103E+03  0.146084E+02
  0.187890E+01  0.105882E+03  0.145977E+02
  0.188157E+01  0.102345E+03  0.145607E+02
  0.188425E+01  0.106025E+03  0.145660E+02
  0.188692E+01  0.953696E+02  0.145414E+02
  0.188959E+01  0.994296E+02  0.145786E+02
  0.189226E+01  0.971088E+02  0.145666E+02
  0.189494E+01  0.921308E+02  0.145267E+02
  0.189761E+01  0.929072E+02  0.145278E+02
  0.190028E+01  0.102245E+03  0.145647E+02
  0.190296E+01  0.992924E+02  0.145945E+02
  0.190563E+01  0.867576E+02  0.145864E+02
  0.190830E+01  0.921932E+02  0.145413E+02
  0.191098E+01  0.914480E+02  0.145412E+02
  0.191365E+01  0.998784E+02  0.145646E+02
  0.191632E+01  0.967424E+02  0.145475E+02
  0.191899E+01  0.105817E+03  0.145371E+02
  0.192167E+01  0.941724E+02  0.145293E+02
  0.192434E+01  0.942784E+02  0.145464E+02
  0.192701E+01  0.913632E+02  0.145350E+02
  0.192969E+01  0.837232E+02  0.144911E+02
  0.193236E+01  0.971312E+02  0.145081E+02
  0.193503E+01  0.889256E+02  0.145214E+02
  0.193770E+01  0.808908E+02  0.145327E+02
  0.194038E+01  0.850664E+02  0.144978E+02
  0.194305E+01  0.800568E+02  0.145098E+02
  0.194572E+01  0.919372E+02  0.145121E+02
  0.194840E+01  0.876376E+02  0.144903E+02
  0.195107E+01  0.100623E+03  0.145050E+02
  0.195374E+01  0.957912E+02  0.145040E+02
  0.195641E+01  0.102829E+03  0.144600E+02
  0.195909E+01  0.894196E+02  0.144916E+02
  0.196176E+01  0.808368E+02  0.144906E+02
  0.196443E+01  0.880508E+02  0.144689E+02
  0.196711E+01  0.869472E+02  0.145360E+02
  0.196978E+01  0.821912E+02  0.144902E+02
  0.197245E+01  0.728224E+02  0.144654E+02
  0.197512E+01  0.811056E+02  0.144412E+02
  0.197780E+01  0.823948E+02  0.144685E+02
  0.198047E+01  0.789908E+02  0.144928E+02
  0.198314E+01  0.832780E+02  0.144496E+02
  0.198582E+01  0.820888E+02  0.144803E+02
  0.198849E+01  0.785036E+02  0.145104E+02
  0.199116E+01  0.850704E+02  0.144793E+02
  0.199383E+01  0.856920E+02  0.144374E+02
  0.199651E+01  0.791256E+02  0.144886E+02
  0.199918E+01  0.918656E+02  0.145043E+02
  0.200185E+01  0.918084E+02  0.144376E+02
  0.200452E+01  0.821756E+02  0.144587E+02
  0.200720E+01  0.697688E+02  0.144223E+02
  0.200987E+01  0.797148E+02  0.144344E+02
  0.201254E+01  0.805992E+02  0.144287E+02
  0.201522E+01  0.878468E+02  0.144116E+02
  0.201789E+01  0.875000E+02  0.144291E+02
  0.202056E+01  0.855940E+02  0.144489E+02
  0.202323E+01  0.671464E+02  0.144349E+02
  0.202591E+01  0.731008E+02  0.144264E+02
  0.202858E+01  0.715760E+02  0.144303E+02
  0.203125E+01  0.823392E+02  0.144330E+02
  0.203392E+01  0.799752E+02  0.144622E+02
  0.203660E+01  0.686452E+02  0.144521E+02
  0.203927E+01  0.815952E+02  0.144328E+02
  0.204194E+01  0.831944E+02  0.144393E+02
  0.204461E+01  0.734672E+02  0.144418E+02
  0.204729E+01  0.764492E+02  0.144236E+02
  0.204996E+01  0.757772E+02  0.143892E+02
  0.205263E+01  0.690464E+02  0.144168E+02
  0.205531E+01  0.668324E+02  0.143941E+02
  0.205798E+01  0.802240E+02  0.144170E+02
  0.206065E+01  0.835488E+02  0.143836E+02
  0.206332E+01  0.754768E+02  0.144281E+02
  0.206600E+01  0.824304E+02  0.143525E+02
  0.206867E+01  0.803712E+02  0.143211E+02
  0.207134E+01  0.714024E+02  0.143520E+02
  0.207401E+01  0.785096E+02  0.144164E+02
  0.207669E+01  0.724156E+02  0.144040E+02
  0.207936E+01  0.683236E+02  0.143720E+02
  0.208203E+01  0.726184E+02  0.143736E+02
  0.208470E+01  0.808772E+02  0.143895E+02
  0.208738E+01  0.827868E+02  0.143760E+02
  0.209005E+01  0.750996E+02  0.143295E+02
  0.209272E+01  0.771648E+02  0.143370E+02
  0.209539E+01  0.796436E+02  0.143585E+02
  0.209807E+01  0.765744E+02  0.143602E+02
  0.210074E+01  0.669060E+02  0.143308E+02
  0.210341E+01  0.574348E+02  0.143590E+02
  0.210608E+01  0.652504E+02  0.143684E+02
  0.210876E+01  0.623760E+02  0.143521E+02
  0.211143E+01  0.616064E+02  0.143328E+02
  0.211410E+01  0.649124E+02  0.143236E+02
  0.211677E+01  0.770512E+02  0.143705E+02
  0.211944E+01  0.692832E+02  0.143661E+02
  0.212212E+01  0.736644E+02  0.143643E+02
  0.212479E+01  0.730776E+02  0.143476E+02
  0.212746E+01  0.747672E+02  0.143570E+02
  0.213013E+01  0.637180E+02  0.143301E+02
  0.213281E+01  0.733804E+02  0.143082E+02
  0.213548E+01  0.770732E+02  0.143372E+02
  0.213815E+01  0.786048E+02  0.143593E+02
  0.214082E+01  0.688560E+02  0.142999E+02
  0.214350E+01  0.663712E+02  0.143388E+02
  0.214617E+01  0.674804E+02  0.143172E+02
  0.214884E+01  0.613320E+02  0.143227E+02
  0.215151E+01  0.635632E+02  0.143511E+02
  0.215419E+01  0.605744E+02  0.142914E+02
  0.215686E+01  0.619740E+02  0.142800E+02
  0.215953E+01  0.577708E+02  0.143052E+02
  0.216220E+01  0.663172E+02  0.143249E+02
  0.216487E+01  0.620980E+02  0.143347E+02
  0.216755E+01  0.629020E+02  0.143115E+02
  0.217022E+01  0.739196E+02  0.143065E+02
  0.217289E+01  0.676744E+02  0.142973E+02
  0.217556E+01  0.618512E+02  0.142992E+02
  0.217824E+01  0.678296E+02  0.142617E+02
  0.218091E+01  0.686128E+02  0.142766E+02
  0.218358E+01  0.670372E+02  0.143030E+02
  0.218625E+01  0.743908E+02  0.142809E+02
  0.218892E+01  0.722688E+02  0.142675E+02
  0.219160E+01  0.531288E+02  0.142732E+02
  0.219427E+01  0.652172E+02  0.142858E+02
  0.219694E+01  0.512964E+02  0.142275E+02
  0.219961E+01  0.493644E+02  0.142022E+02
  0.220229E+01  0.570228E+02  0.142573E+02
  0.220496E+01  0.708936E+02  0.142838E+02
  0.220763E+01  0.654404E+02  0.142498E+02
  0.221030E+01  0.720712E+02  0.142463E+02
  0.221297E+01  0.657784E+02  0.142263E+02
  0.221565E+01  0.580900E+02  0.142561E+02
  0.221832E+01  0.515388E+02  0.142366E+02
  0.222099E+01  0.602208E+02  0.142221E+02
  0.222366E+01  0.616128E+02  0.142434E+02
  0.222633E+01  0.581708E+02  0.142388E+02
  0.222901E+01  0.533740E+02  0.142249E+02
  0.223168E+01  0.650408E+02  0.141711E+02
  0.223435E+01  0.644724E+02  0.142268E+02
  0.223702E+01  0.638608E+02  0.142371E+02
  0.223970E+01  0.568344E+02  0.142419E+02
  0.224237E+01  0.684088E+02  0.142126E+02
  0.224504E+01  0.579620E+02  0.141869E+02
  0.224771E+01  0.530680E+02  0.141816E+02
  0.225038E+01  0.474716E+02  0.141868E+02
  0.225306E+01  0.616048E+02  0.142075E+02
  0.225573E+01  0.593072E+02  0.142129E+02
  0.225840E+01  0.501684E+02  0.142117E+02
  0.226107E+01  0.522552E+02  0.142013E+02
  0.226374E+01  0.457996E+02  0.141724E+02
  0.226642E+01  0.457504E+02  0.142150E+02
  0.226909E+01  0.567828E+02  0.141811E+02
  0.227176E+01  0.559116E+02  0.142008E+02
  0.227443E+01  0.596384E+02  0.142008E+02
  0.227710E+01  0.566444E+02  0.141965E+02
  0.227978E+01  0.651952E+02  0.142120E+02
  0.228245E+01  0.624552E+02  0.141747E+02
  0.228512E+01  0.657064E+02  0.141465E+02
  0.228779E+01  0.684016E+02  0.141338E+02
  0.229046E+01  0.523472E+02  0.141641E+02
  0.229313E+01  0.609756E+02  0.141830E+02
  0.229581E+01  0.581764E+02  0.141625E+02
  0.229848E+01  0.591136E+02  0.141834E+02
  0.230115E+01  0.455768E+02  0.141755E+02
  0.230382E+01  0.455588E+02  0.141834E+02
  0.230649E+01  0.638392E+02  0.141912E+02
  0.230917E+01  0.587360E+02  0.141796E+02
  0.231184E+01  0.549440E+02  0.142107E+02
  0.231451E+01  0.602764E+02  0.141572E+02
  0.231718E+01  0.645584E+02  0.141535E+02
  0.231985E+01  0.655344E+02  0.141553E+02
  0.232252E+01  0.676900E+02  0.141259E+02
  0.232520E+01  0.596176E+02  0.141800E+02
  0.232787E+01  0.544996E+02  0.141352E+02
  0.233054E+01  0.495560E+02  0.141435E+02
  0.233321E+01  0.401816E+02  0.141577E+02
  0.233588E+01  0.460908E+02  0.141631E+02
  0.233856E+01  0.564384E+02  0.141374E+02
  0.234123E+01  0.604036E+02  0.141499E+02
  0.234390E+01  0.556708E+02  0.141156E+02
  0.234657E+01  0.523196E+02  0.141324E+02
  0.234924E+01  0.518868E+02  0.141488E+02
  0.235191E+01  0.478620E+02  0.141307E+02
  0.235459E+01  0.581852E+02  0.141409E+02
  0.235726E+01  0.567292E+02  0.141203E+02
  0.235993E+01  0.487864E+02  0.141035E+02
  0.236260E+01  0.411912E+02  0.141282E+02
  0.236527E+01  0.555612E+02  0.141198E+02
  0.236794E+01  0.487608E+02  0.141085E+02
  0.237062E+01  0.478168E+02  0.141340E+02
  0.237329E+01  0.528716E+02  0.141164E+02
  0.237596E+01  0.449832E+02  0.140500E+02
  0.237863E+01  0.332672E+02  0.141013E+02
  0.238130E+01  0.450336E+02  0.140842E+02
  0.238397E+01  0.664112E+02  0.140938E+02
  0.238665E+01  0.538316E+02  0.141005E+02
  0.238932E+01  0.489920E+02  0.140848E+02
  0.239199E+01  0.520460E+02  0.141055E+02
  0.239466E+01  0.527768E+02  0.141003E+02
  0.239733E+01  0.540664E+02  0.140813E+02
  0.240000E+01  0.509064E+02  0.141114E+02
  0.240268E+01  0.408676E+02  0.141024E+02
  0.240535E+01  0.456964E+02  0.140744E+02
  0.240802E+01  0.612952E+02  0.140944E+02
  0.241069E+01  0.518832E+02  0.140593E+02
  0.241336E+01  0.625616E+02  0.140429E+02
  0.241603E+01  0.496072E+02  0.140602E+02
  0.241870E+01  0.389760E+02  0.140691E+02
  0.242138E+01  0.447836E+02  0.140660E+02
  0.242405E+01  0.505108E+02  0.140481E+02
  0.242672E+01  0.534168E+02  0.140611E+02
  0.242939E+01  0.578196E+02  0.140536E+02
  0.243206E+01  0.525964E+02  0.140847E+02
  0.243473E+01  0.590796E+02  0.140695E+02
  0.243740E+01  0.576960E+02  0.141270E+02
  0.244008E+01  0.525432E+02  0.140832E+02
  0.244275E+01  0.507896E+02  0.140324E+02
  0.244542E+01  0.524696E+02  0.140440E+02
  0.244809E+01  0.503700E+02  0.140709E+02
  0.245076E+01  0.444140E+02  0.140417E+02
  0.245343E+01  0.431612E+02  0.140376E+02
  0.245610E+01  0.469348E+02  0.140526E+02
  0.245878E+01  0.487152E+02  0.140680E+02
  0.246145E+01  0.539224E+02  0.140358E+02
  0.246412E+01  0.578160E+02  0.140119E+02
  0.246679E+01  0.492508E+02  0.140401E+02
  0.246946E+01  0.436284E+02  0.140121E+02
  0.247213E+01  0.484996E+02  0.140330E+02
  0.247480E+01  0.572856E+02  0.140185E+02
  0.247748E+01  0.451720E+02  0.140401E+02
  0.248015E+01  0.425712E+02  0.140426E+02
  0.248282E+01  0.463140E+02  0.140348E+02
  0.248549E+01  0.377484E+02  0.140022E+02
  0.248816E+01  0.504688E+02  0.140247E+02
  0.249083E+01  0.520944E+02  0.140203E+02
  0.249350E+01  0.401580E+02  0.140433E+02
  0.249617E+01  0.410880E+02  0.140309E+02
  0.249885E+01  0.503044E+02  0.139962E+02
  0.250152E+01  0.542088E+02  0.139926E+02
  0.250419E+01  0.459824E+02  0.140029E+02
  0.250686E+01  0.443392E+02  0.139838E+02
  0.250953E+01  0.519468E+02  0.139780E+02
  0.251220E+01  0.560596E+02  0.139650E+02
  0.251487E+01  0.448696E+02  0.139959E+02
  0.251754E+01  0.485344E+02  0.140151E+02
  0.252022E+01  0.463752E+02  0.139951E+02
  0.252289E+01  0.501064E+02  0.140308E+02
  0.252556E+01  0.390520E+02  0.140109E+02
  0.252823E+01  0.456476E+02  0.139693E+02
  0.253090E+01  0.518184E+02  0.139866E+02
  0.253357E+01  0.544580E+02  0.140108E+02
  0.253624E+01  0.536616E+02  0.139993E+02
  0.253891E+01  0.435200E+02  0.139700E+02
  0.254158E+01  0.459052E+02  0.139649E+02
  0.254426E+01  0.475408E+02  0.139809E+02
  0.254693E+01  0.513536E+02  0.139853E+02
  0.254960E+01  0.405956E+02  0.139434E+02
  0.255227E+01  0.484972E+02  0.139466E+02
  0.255494E+01  0.493900E+02  0.139900E+02
  0.255761E+01  0.557988E+02  0.139531E+02
  0.256028E+01  0.425512E+02  0.139762E+02
  0.256295E+01  0.384580E+02  0.139720E+02
  0.256562E+01  0.505700E+02  0.139633E+02
  0.256830E+01  0.468032E+02  0.139682E+02
  0.257097E+01  0.339220E+02  0.139551E+02
  0.257364E+01  0.420924E+02  0.139456E+02
  0.257631E+01  0.503880E+02  0.139882E+02
  0.257898E+01  0.418456E+02  0.139635E+02
  0.258165E+01  0.505312E+02  0.139670E+02
  0.258432E+01  0.464660E+02  0.139624E+02
  0.258699E+01  0.426212E+02  0.139381E+02
  0.258966E+01  0.398316E+02  0.139535E+02
  0.259233E+01  0.455408E+02  0.139584E+02
  0.259500E+01  0.424632E+02  0.139107E+02
  0.259768E+01  0.520252E+02  0.139340E+02
  0.260035E+01  0.421200E+02  0.139285E+02
  0.260302E+01  0.509404E+02  0.139275E+02
  0.260569E+01  0.497692E+02  0.139433E+02
  0.260836E+01  0.503480E+02  0.139663E+02
  0.261103E+01  0.484320E+02  0.139258E+02
  0.261370E+01  0.447400E+02  0.139246E+02
  0.261637E+01  0.346580E+02  0.139345E+02
  0.261904E+01  0.482016E+02  0.139467E+02
  0.262171E+01  0.471088E+02  0.139204E+02
  0.262438E+01  0.414640E+02  0.139077E+02
  0.262706E+01  0.389824E+02  0.139147E+02
  0.262973E+01  0.404536E+02  0.139457E+02
  0.263240E+01  0.480536E+02  0.139428E+02
  0.263507E+01  0.432580E+02  0.139245E+02
  0.263774E+01  0.429064E+02  0.139106E+02
  0.264041E+01  0.559184E+02  0.139317E+02
  0.264308E+01  0.588172E+02  0.139367E+02
  0.264575E+01  0.526644E+02  0.139340E+02
  0.264842E+01  0.438996E+02  0.139103E+02
  0.265109E+01  0.463092E+02  0.139092E+02
  0.265376E+01  0.566776E+02  0.139122E+02
  0.265643E+01  0.543668E+02  0.139183E+02
  0.265910E+01  0.384460E+02  0.139231E+02
  0.266177E+01  0.534000E+02  0.139391E+02
  0.266445E+01  0.447640E+02  0.139098E+02
  0.266712E+01  0.500276E+02  0.139003E+02
  0.266979E+01  0.511300E+02  0.138769E+02
  0.267246E+01  0.564460E+02  0.138907E+02
  0.267513E+01  0.483408E+02  0.138823E+02
  0.267780E+01  0.462132E+02  0.138781E+02
  0.268047E+01  0.393712E+02  0.139023E+02
  0.268314E+01  0.414652E+02  0.138907E+02
  0.268581E+01  0.555688E+02  0.139106E+02
  0.268848E+01  0.574416E+02  0.138970E+02
  0.269115E+01  0.562520E+02  0.138982E+02
  0.269382E+01  0.523704E+02  0.139141E+02
  0.269649E+01  0.612472E+02  0.138646E+02
  0.269916E+01  0.558184E+02  0.138834E+02
  0.270183E+01  0.478364E+02  0.138799E+02
  0.270450E+01  0.557652E+02  0.138977E+02
  0.270718E+01  0.620324E+02  0.138896E+02
  0.270985E+01  0.522476E+02  0.138684E+02
  0.271252E+01  0.567188E+02  0.138516E+02
  0.271519E+01  0.658160E+02  0.138896E+02
  0.271786E+01  0.560544E+02  0.138239E+02
  0.272053E+01  0.525812E+02  0.138677E+02
  0.272320E+01  0.604060E+02  0.138743E+02
  0.272587E+01  0.530236E+02  0.138696E+02
  0.272854E+01  0.515380E+02  0.138562E+02
  0.273121E+01  0.438004E+02  0.138380E+02
  0.273388E+01  0.455896E+02  0.138514E+02
  0.273655E+01  0.496824E+02  0.138577E+02
  0.273922E+01  0.529416E+02  0.138518E+02
  0.274189E+01  0.561788E+02  0.138406E+02
  0.274456E+01  0.545092E+02  0.138355E+02
  0.274723E+01  0.492096E+02  0.138862E+02
  0.274990E+01  0.580636E+02  0.138315E+02
  0.275257E+01  0.579888E+02  0.138814E+02
  0.275524E+01  0.557676E+02  0.138776E+02
  0.275791E+01  0.569972E+02  0.138516E+02
  0.276058E+01  0.549932E+02  0.138632E+02
  0.276325E+01  0.584904E+02  0.138434E+02
  0.276592E+01  0.684156E+02  0.138296E+02
  0.276859E+01  0.657108E+02  0.138607E+02
  0.277127E+01  0.644084E+02  0.138259E+02
  0.277394E+01  0.606140E+02  0.138331E+02
  0.277661E+01  0.480676E+02  0.138619E+02
  0.277928E+01  0.469296E+02  0.138688E+02
  0.278195E+01  0.596212E+02  0.137884E+02
  0.278462E+01  0.536376E+02  0.138120E+02
  0.278729E+01  0.609868E+02  0.138376E+02
  0.278996E+01  0.503044E+02  0.138429E+02
  0.279263E+01  0.482632E+02  0.138381E+02
  0.279530E+01  0.503964E+02  0.138277E+02
  0.279797E+01  0.454480E+02  0.138239E+02
  0.280064E+01  0.549284E+02  0.138263E+02
  0.280331E+01  0.585428E+02  0.138231E+02
  0.280598E+01  0.460452E+02  0.138180E+02
  0.280865E+01  0.566536E+02  0.137698E+02
  0.281132E+01  0.648440E+02  0.137948E+02
  0.281399E+01  0.711960E+02  0.138202E+02
  0.281666E+01  0.599720E+02  0.137946E+02
  0.281933E+01  0.441880E+02  0.137978E+02
  0.282200E+01  0.567308E+02  0.138263E+02
  0.282467E+01  0.515536E+02  0.138114E+02
  0.282734E+01  0.572636E+02  0.138203E+02
  0.283001E+01  0.640528E+02  0.137964E+02
  0.283268E+01  0.635592E+02  0.138056E+02
  0.283535E+01  0.627100E+02  0.137884E+02
  0.283802E+01  0.582080E+02  0.138000E+02
  0.284069E+01  0.611000E+02  0.138189E+02
  0.284336E+01  0.648380E+02  0.138085E+02
  0.284603E+01  0.640360E+02  0.138264E+02
  0.284870E+01  0.649640E+02  0.138141E+02
  0.285137E+01  0.630684E+02  0.137946E+02
  0.285404E+01  0.557012E+02  0.138151E+02
  0.285671E+01  0.609660E+02  0.137993E+02
  0.285938E+01  0.594268E+02  0.138022E+02
  0.286205E+01  0.583756E+02  0.137845E+02
  0.286472E+01  0.570232E+02  0.138037E+02
  0.286739E+01  0.601248E+02  0.137969E+02
  0.287006E+01  0.654252E+02  0.137828E+02
  0.287273E+01  0.656352E+02  0.137812E+02
  0.287540E+01  0.619984E+02  0.138021E+02
  0.287807E+01  0.563912E+02  0.137828E+02
  0.288074E+01  0.544908E+02  0.137998E+02
  0.288341E+01  0.696100E+02  0.137669E+02
  0.288608E+01  0.674056E+02  0.137730E+02
  0.288875E+01  0.579660E+02  0.137766E+02
  0.289142E+01  0.605608E+02  0.137817E+02
  0.289409E+01  0.645168E+02  0.137787E+02
  0.289676E+01  0.452024E+02  0.137770E+02
  0.289943E+01  0.520208E+02  0.137954E+02
  0.290210E+01  0.629028E+02  0.137828E+02
  0.290477E+01  0.540416E+02  0.137657E+02
  0.290744E+01  0.654288E+02  0.137803E+02
  0.291011E+01  0.645296E+02  0.137652E+02
  0.291278E+01  0.641896E+02  0.137687E+02
  0.291545E+01  0.674076E+02  0.137607E+02
  0.291812E+01  0.648524E+02  0.137628E+02
  0.292079E+01  0.626056E+02  0.137550E+02
  0.292346E+01  0.621608E+02  0.137544E+02
  0.292613E+01  0.621388E+02  0.137351E+02
  0.292880E+01  0.635180E+02  0.137566E+02
  0.293146E+01  0.587428E+02  0.137396E+02
  0.293413E+01  0.632828E+02  0.137664E+02
  0.293680E+01  0.635136E+02  0.137792E+02
  0.293947E+01  0.655652E+02  0.137577E+02
  0.294214E+01  0.545712E+02  0.137640E+02
  0.294481E+01  0.672612E+02  0.137556E+02
  0.294748E+01  0.626236E+02  0.137598E+02
  0.295015E+01  0.597552E+02  0.138000E+02
  0.295282E+01  0.563604E+02  0.137826E+02
  0.295549E+01  0.618588E+02  0.137592E+02
  0.295816E+01  0.599048E+02  0.137468E+02
  0.296083E+01  0.614632E+02  0.137234E+02
  0.296350E+01  0.786792E+02  0.137305E+02
  0.296617E+01  0.676512E+02  0.137380E+02
  0.296884E+01  0.619180E+02  0.137410E+02
  0.297151E+01  0.573944E+02  0.137393E+02
  0.297418E+01  0.620244E+02  0.137260E+02
  0.297685E+01  0.623720E+02  0.137305E+02
  0.297952E+01  0.743328E+02  0.137452E+02
  0.298219E+01  0.574956E+02  0.137249E+02
  0.298486E+01  0.609004E+02  0.137262E+02
  0.298753E+01  0.571944E+02  0.136995E+02
  0.299020E+01  0.545108E+02  0.137253E+02
  0.299287E+01  0.619292E+02  0.137296E+02
  0.299553E+01  0.560964E+02  0.137147E+02
  0.299820E+01  0.622292E+02  0.137330E+02
  0.300087E+01  0.737596E+02  0.137232E+02
  0.300354E+01  0.664708E+02  0.137281E+02
  0.300621E+01  0.679252E+02  0.137485E+02
  0.300888E+01  0.600700E+02  0.137155E+02
  0.301155E+01  0.619124E+02  0.137016E+02
  0.301422E+01  0.732904E+02  0.137194E+02
  0.301689E+01  0.714152E+02  0.137263E+02
  0.301956E+01  0.653264E+02  0.136977E+02
  0.302223E+01  0.641428E+02  0.136780E+02
  0.302490E+01  0.623280E+02  0.137098E+02
  0.302757E+01  0.581188E+02  0.137258E+02
  0.303024E+01  0.579088E+02  0.137134E+02
  0.303291E+01  0.622672E+02  0.136982E+02
  0.303557E+01  0.649884E+02  0.136718E+02
  0.303824E+01  0.623988E+02  0.136609E+02
  0.304091E+01  0.716964E+02  0.136909E+02
  0.304358E+01  0.643956E+02  0.136671E+02
  0.304625E+01  0.616716E+02  0.136918E+02
  0.304892E+01  0.586680E+02  0.136675E+02
  0.305159E+01  0.669128E+02  0.136778E+02
  0.305426E+01  0.623248E+02  0.136508E+02
  0.305693E+01  0.665584E+02  0.136619E+02
  0.305960E+01  0.672776E+02  0.136662E+02
  0.306227E+01  0.632252E+02  0.136751E+02
  0.306494E+01  0.581336E+02  0.136576E+02
  0.306761E+01  0.665992E+02  0.136670E+02
  0.307027E+01  0.712100E+02  0.136691E+02
  0.307294E+01  0.587932E+02  0.136560E+02
  0.307561E+01  0.627192E+02  0.136375E+02
  0.307828E+01  0.704636E+02  0.136431E+02
  0.308095E+01  0.563616E+02  0.136216E+02
  0.308362E+01  0.662816E+02  0.136406E+02
  0.308629E+01  0.542392E+02  0.136531E+02
  0.308896E+01  0.645852E+02  0.136549E+02
  0.309163E+01  0.589508E+02  0.136437E+02
  0.309430E+01  0.689276E+02  0.136497E+02
  0.309697E+01  0.667856E+02  0.136117E+02
  0.309963E+01  0.626496E+02  0.136300E+02
  0.310230E+01  0.563964E+02  0.136506E+02
  0.310497E+01  0.614940E+02  0.136311E+02
  0.310764E+01  0.623520E+02  0.135999E+02
  0.311031E+01  0.630412E+02  0.136281E+02
  0.311298E+01  0.588268E+02  0.136529E+02
  0.311565E+01  0.552040E+02  0.136139E+02
  0.311832E+01  0.620080E+02  0.136060E+02
  0.312099E+01  0.627936E+02  0.136364E+02
  0.312366E+01  0.594432E+02  0.136658E+02
  0.312632E+01  0.614912E+02  0.136193E+02
  0.312899E+01  0.618572E+02  0.136155E+02
  0.313166E+01  0.627320E+02  0.136005E+02
  0.313433E+01  0.525784E+02  0.136124E+02
  0.313700E+01  0.706684E+02  0.136288E+02
  0.313967E+01  0.655312E+02  0.135957E+02
  0.314234E+01  0.654144E+02  0.135888E+02
  0.314501E+01  0.585236E+02  0.136013E+02
  0.314768E+01  0.570804E+02  0.136016E+02
  0.315034E+01  0.583260E+02  0.135751E+02
  0.315301E+01  0.649992E+02  0.135947E+02
  0.315568E+01  0.612968E+02  0.135765E+02
  0.315835E+01  0.603052E+02  0.135582E+02
  0.316102E+01  0.605980E+02  0.135605E+02
  0.316369E+01  0.511988E+02  0.136038E+02
  0.316636E+01  0.539808E+02  0.135706E+02
  0.316903E+01  0.649468E+02  0.135697E+02
  0.317169E+01  0.581748E+02  0.136010E+02
  0.317436E+01  0.554272E+02  0.135771E+02
  0.317703E+01  0.612216E+02  0.135746E+02
  0.317970E+01  0.584000E+02  0.135762E+02
  0.318237E+01  0.610784E+02  0.135609E+02
  0.318504E+01  0.600748E+02  0.135746E+02
  0.318771E+01  0.584508E+02  0.135749E+02
  0.319037E+01  0.533604E+02  0.135673E+02
  0.319304E+01  0.544352E+02  0.135590E+02
  0.319571E+01  0.501636E+02  0.135808E+02
  0.319838E+01  0.581060E+02  0.135578E+02
  0.320105E+01  0.627656E+02  0.135405E+02
  0.320372E+01  0.682852E+02  0.135690E+02
  0.320639E+01  0.687204E+02  0.135588E+02
  0.320906E+01  0.579272E+02  0.135749E+02
  0.321172E+01  0.469608E+02  0.135525E+02
  0.321439E+01  0.532588E+02  0.135423E+02
  0.321706E+01  0.608668E+02  0.135322E+02
  0.321973E+01  0.552424E+02  0.135360E+02
  0.322240E+01  0.589516E+02  0.135605E+02
  0.322507E+01  0.563956E+02  0.135240E+02
  0.322773E+01  0.558520E+02  0.135376E+02
  0.323040E+01  0.472524E+02  0.135447E+02
  0.323307E+01  0.553032E+02  0.134979E+02
  0.323574E+01  0.501472E+02  0.135198E+02
  0.323841E+01  0.479872E+02  0.135236E+02
  0.324108E+01  0.523916E+02  0.135198E+02
  0.324375E+01  0.507028E+02  0.135404E+02
  0.324641E+01  0.503032E+02  0.135289E+02
  0.324908E+01  0.565648E+02  0.135518E+02
  0.325175E+01  0.501756E+02  0.135326E+02
  0.325442E+01  0.533732E+02  0.135250E+02
  0.325709E+01  0.616104E+02  0.135396E+02
  0.325976E+01  0.547284E+02  0.135490E+02
  0.326242E+01  0.571376E+02  0.135539E+02
  0.326509E+01  0.568804E+02  0.135238E+02
  0.326776E+01  0.552536E+02  0.135264E+02
  0.327043E+01  0.589424E+02  0.135535E+02
  0.327310E+01  0.459644E+02  0.135094E+02
  0.327577E+01  0.499448E+02  0.134808E+02
  0.327843E+01  0.497088E+02  0.134949E+02
  0.328110E+01  0.463812E+02  0.135156E+02
  0.328377E+01  0.491744E+02  0.135196E+02
  0.328644E+01  0.415524E+02  0.134763E+02
  0.328911E+01  0.391752E+02  0.134735E+02
  0.329178E+01  0.509584E+02  0.134789E+02
  0.329444E+01  0.475916E+02  0.134923E+02
  0.329711E+01  0.484640E+02  0.134958E+02
  0.329978E+01  0.529520E+02  0.134693E+02
  0.330245E+01  0.581724E+02  0.134587E+02
  0.330512E+01  0.605496E+02  0.134390E+02
  0.330778E+01  0.612516E+02  0.134781E+02
  0.331045E+01  0.338784E+02  0.134824E+02
  0.331312E+01  0.405216E+02  0.134455E+02
  0.331579E+01  0.450936E+02  0.134606E+02
  0.331846E+01  0.465564E+02  0.134436E+02
  0.332113E+01  0.505332E+02  0.134523E+02
  0.332379E+01  0.499840E+02  0.134523E+02
  0.332646E+01  0.553708E+02  0.134568E+02
  0.332913E+01  0.443308E+02  0.134556E+02
  0.333180E+01  0.466588E+02  0.134339E+02
  0.333447E+01  0.511876E+02  0.134370E+02
  0.333713E+01  0.423788E+02  0.134488E+02
  0.333980E+01  0.440260E+02  0.134271E+02
  0.334247E+01  0.508048E+02  0.134357E+02
  0.334514E+01  0.540340E+02  0.134262E+02
  0.334781E+01  0.591436E+02  0.134540E+02
  0.335047E+01  0.561920E+02  0.134739E+02
  0.335314E+01  0.464084E+02  0.134149E+02
  0.335581E+01  0.439348E+02  0.134057E+02
  0.335848E+01  0.512684E+02  0.134115E+02
  0.336114E+01  0.456068E+02  0.134385E+02
  0.336381E+01  0.515064E+02  0.134238E+02
  0.336648E+01  0.427384E+02  0.134397E+02
  0.336915E+01  0.438392E+02  0.134618E+02
  0.337182E+01  0.493360E+02  0.134238E+02
  0.337448E+01  0.545000E+02  0.134417E+02
  0.337715E+01  0.485124E+02  0.134458E+02
  0.337982E+01  0.538644E+02  0.134546E+02
  0.338249E+01  0.543172E+02  0.134307E+02
  0.338516E+01  0.388708E+02  0.134409E+02
  0.338782E+01  0.525308E+02  0.134575E+02
  0.339049E+01  0.492308E+02  0.134441E+02
  0.339316E+01  0.340340E+02  0.134650E+02
  0.339583E+01  0.464480E+02  0.134623E+02
  0.339849E+01  0.430052E+02  0.134186E+02
  0.340116E+01  0.471732E+02  0.134372E+02
  0.340383E+01  0.532044E+02  0.134203E+02
  0.340650E+01  0.563124E+02  0.134240E+02
  0.340917E+01  0.495928E+02  0.134234E+02
  0.341183E+01  0.398264E+02  0.133889E+02
  0.341450E+01  0.404488E+02  0.133981E+02
  0.341717E+01  0.422248E+02  0.134086E+02
  0.341984E+01  0.361716E+02  0.133912E+02
  0.342250E+01  0.356100E+02  0.133980E+02
  0.342517E+01  0.474488E+02  0.134447E+02
  0.342784E+01  0.452260E+02  0.134184E+02
  0.343051E+01  0.380464E+02  0.134344E+02
  0.343317E+01  0.417092E+02  0.134280E+02
  0.343584E+01  0.390700E+02  0.134108E+02
  0.343851E+01  0.295964E+02  0.134372E+02
  0.344118E+01  0.425832E+02  0.134253E+02
  0.344384E+01  0.468168E+02  0.134674E+02
  0.344651E+01  0.396168E+02  0.134971E+02
  0.344918E+01  0.472372E+02  0.134926E+02
  0.345185E+01  0.411732E+02  0.134950E+02
  0.345451E+01  0.362940E+02  0.135314E+02
  0.345718E+01  0.502048E+02  0.135249E+02
  0.345985E+01  0.293948E+02  0.135176E+02
  0.346252E+01  0.344644E+02  0.135624E+02
  0.346518E+01  0.336676E+02  0.134964E+02
  0.346785E+01  0.305348E+02  0.135153E+02
  0.347052E+01  0.239188E+02  0.135529E+02
  0.347319E+01  0.360856E+02  0.135391E+02
  0.347585E+01  0.344660E+02  0.135072E+02
  0.347852E+01  0.414332E+02  0.134442E+02
  0.348119E+01  0.271580E+02  0.134410E+02
  0.348386E+01  0.310468E+02  0.134566E+02
  0.348652E+01  0.530672E+02  0.134652E+02
  0.348919E+01  0.516612E+02  0.135057E+02
  0.349186E+01  0.430672E+02  0.135366E+02
  0.349453E+01  0.441356E+02  0.135035E+02
  0.349719E+01  0.267892E+02  0.134994E+02
  0.349986E+01  0.448252E+02  0.135084E+02
  0.350253E+01  0.379304E+02  0.135082E+02
  0.350519E+01  0.387084E+02  0.135031E+02
  0.350786E+01  0.359564E+02  0.135225E+02
  0.351053E+01  0.422172E+02  0.135587E+02
  0.351320E+01  0.361716E+02  0.135171E+02
  0.351586E+01  0.369816E+02  0.135121E+02
  0.351853E+01  0.369896E+02  0.134754E+02
  0.352120E+01  0.364584E+02  0.134661E+02
  0.352387E+01  0.480024E+02  0.134881E+02
  0.352653E+01  0.452788E+02  0.134948E+02
  0.352920E+01  0.324744E+02  0.135074E+02
  0.353187E+01  0.594280E+02  0.134820E+02
  0.353453E+01  0.362860E+02  0.135161E+02
  0.353720E+01  0.345192E+02  0.135097E+02
  0.353987E+01  0.211440E+02  0.134782E+02
  0.354254E+01  0.396216E+02  0.134822E+02
  0.354520E+01  0.450572E+02  0.134703E+02
  0.354787E+01  0.436536E+02  0.135360E+02
  0.355054E+01  0.403292E+02  0.135073E+02
  0.355320E+01  0.379912E+02  0.134915E+02
  0.355587E+01  0.425816E+02  0.135399E+02
  0.355854E+01  0.336128E+02  0.134972E+02
  0.356120E+01  0.279264E+02  0.135046E+02
  0.356387E+01  0.324548E+02  0.134649E+02
  0.356654E+01  0.329664E+02  0.134777E+02
  0.356921E+01  0.289980E+02  0.135078E+02
  0.357187E+01  0.357240E+02  0.134596E+02
  0.357454E+01  0.384536E+02  0.134624E+02
  0.357721E+01  0.408080E+02  0.134844E+02
  0.357987E+01  0.385984E+02  0.134545E+02
  0.358254E+01  0.505452E+02  0.134835E+02
  0.358521E+01  0.435732E+02  0.134940E+02
  0.358787E+01  0.509456E+02  0.134713E+02
  0.359054E+01  0.427664E+02  0.134690E+02
  0.359321E+01  0.493024E+02  0.134475E+02
  0.359587E+01  0.428184E+02  0.134338E+02
  0.359854E+01  0.478340E+02  0.134672E+02
  0.360121E+01  0.552344E+02  0.134564E+02
  0.360387E+01  0.410724E+02  0.134493E+02
  0.360654E+01  0.469136E+02  0.134829E+02
  0.360921E+01  0.515076E+02  0.134779E+02
  0.361187E+01  0.454716E+02  0.134461E+02
  0.361454E+01  0.363200E+02  0.134003E+02
  0.361721E+01  0.508684E+02  0.134421E+02
  0.361987E+01  0.493032E+02  0.134750E+02
  0.362254E+01  0.473280E+02  0.134229E+02
  0.362521E+01  0.435520E+02  0.134486E+02
  0.362788E+01  0.451948E+02  0.134029E+02
  0.363054E+01  0.471424E+02  0.134461E+02
  0.363321E+01  0.699180E+02  0.134484E+02
  0.363587E+01  0.378916E+02  0.134477E+02
  0.363854E+01  0.488284E+02  0.134001E+02
  0.364121E+01  0.421648E+02  0.134213E+02
  0.364387E+01  0.452288E+02  0.133955E+02
  0.364654E+01  0.436320E+02  0.134477E+02
  0.364921E+01  0.485972E+02  0.134455E+02
  0.365187E+01  0.447012E+02  0.134329E+02
  0.365454E+01  0.416816E+02  0.134367E+02
  0.365721E+01  0.374296E+02  0.134214E+02
  0.365987E+01  0.376376E+02  0.134189E+02
  0.366254E+01  0.568272E+02  0.134384E+02
  0.366521E+01  0.515788E+02  0.134536E+02
  0.366787E+01  0.417060E+02  0.133976E+02
  0.367054E+01  0.520148E+02  0.133558E+02
  0.367321E+01  0.579200E+02  0.134462E+02
  0.367587E+01  0.374996E+02  0.134291E+02
  0.367854E+01  0.660656E+02  0.134549E+02
  0.368121E+01  0.489228E+02  0.133995E+02
  0.368387E+01  0.400956E+02  0.133168E+02
  0.368654E+01  0.465020E+02  0.134022E+02
  0.368921E+01  0.430828E+02  0.134016E+02
  0.369187E+01  0.599980E+02  0.134188E+02
  0.369454E+01  0.464332E+02  0.134355E+02
  0.369720E+01  0.466384E+02  0.133624E+02
  0.369987E+01  0.420360E+02  0.134066E+02
  0.370254E+01  0.473564E+02  0.134091E+02
  0.370520E+01  0.471416E+02  0.133785E+02
  0.370787E+01  0.445312E+02  0.133575E+02
  0.371054E+01  0.404036E+02  0.134028E+02
  0.371320E+01  0.495748E+02  0.133887E+02
  0.371587E+01  0.419060E+02  0.133488E+02
  0.371853E+01  0.506620E+02  0.133456E+02
  0.372120E+01  0.690112E+02  0.133926E+02
  0.372387E+01  0.530248E+02  0.134243E+02
  0.372653E+01  0.421648E+02  0.133791E+02
  0.372920E+01  0.428128E+02  0.133481E+02
  0.373187E+01  0.332980E+02  0.133405E+02
  0.373453E+01  0.504176E+02  0.133351E+02
  0.373720E+01  0.459208E+02  0.133228E+02
  0.373986E+01  0.640864E+02  0.134001E+02
  0.374253E+01  0.696908E+02  0.134409E+02
  0.374520E+01  0.489556E+02  0.134088E+02
  0.374786E+01  0.350760E+02  0.133498E+02
  0.375053E+01  0.374464E+02  0.133689E+02
  0.375319E+01  0.366012E+02  0.133619E+02
  0.375586E+01  0.453460E+02  0.134115E+02
  0.375853E+01  0.445096E+02  0.133478E+02
  0.376119E+01  0.481164E+02  0.133660E+02
  0.376386E+01  0.424764E+02  0.133564E+02
  0.376653E+01  0.526560E+02  0.133843E+02
  0.376919E+01  0.319296E+02  0.133375E+02
  0.377186E+01  0.536600E+02  0.133301E+02
  0.377452E+01  0.576260E+02  0.133732E+02
  0.377719E+01  0.309212E+02  0.133304E+02
  0.377985E+01  0.414696E+02  0.133728E+02
  0.378252E+01  0.437316E+02  0.133655E+02
  0.378519E+01  0.543100E+02  0.133173E+02
  0.378785E+01  0.500548E+02  0.133612E+02
  0.379052E+01  0.455876E+02  0.133741E+02
  0.379318E+01  0.599964E+02  0.133872E+02
  0.379585E+01  0.403800E+02  0.134068E+02
  0.379852E+01  0.394408E+02  0.134157E+02
  0.380118E+01  0.537048E+02  0.133193E+02
  0.380385E+01  0.504060E+02  0.133397E+02
  0.380651E+01  0.465416E+02  0.133478E+02
  0.380918E+01  0.487640E+02  0.133257E+02
  0.381184E+01  0.358100E+02  0.133408E+02
  0.381451E+01  0.491928E+02  0.133057E+02
  0.381718E+01  0.381588E+02  0.133080E+02
  0.381984E+01  0.569984E+02  0.134170E+02
  0.382251E+01  0.565932E+02  0.133279E+02
  0.382517E+01  0.542664E+02  0.133558E+02
  0.382784E+01  0.537040E+02  0.133235E+02
  0.383051E+01  0.412076E+02  0.133098E+02
  0.383317E+01  0.414516E+02  0.133349E+02
  0.383584E+01  0.524820E+02  0.133598E+02
  0.383850E+01  0.459560E+02  0.133669E+02
  0.384117E+01  0.576612E+02  0.133254E+02
  0.384383E+01  0.668056E+02  0.133950E+02
  0.384650E+01  0.682852E+02  0.133139E+02
  0.384916E+01  0.443212E+02  0.133024E+02
  0.385183E+01  0.588544E+02  0.133412E+02
  0.385450E+01  0.587132E+02  0.133229E+02
  0.385716E+01  0.544996E+02  0.133016E+02
  0.385983E+01  0.641388E+02  0.133565E+02
  0.386249E+01  0.526684E+02  0.133322E+02
  0.386516E+01  0.580308E+02  0.133480E+02
  0.386782E+01  0.510900E+02  0.133133E+02
  0.387049E+01  0.374000E+02  0.133778E+02
  0.387315E+01  0.463512E+02  0.133346E+02
  0.387582E+01  0.484532E+02  0.133618E+02
  0.387849E+01  0.577104E+02  0.133461E+02
  0.388115E+01  0.662588E+02  0.133412E+02
  0.388382E+01  0.704368E+02  0.133059E+02
  0.388648E+01  0.475240E+02  0.133138E+02
  0.388915E+01  0.626800E+02  0.133018E+02
  0.389181E+01  0.478580E+02  0.133336E+02
  0.389448E+01  0.636216E+02  0.133153E+02
  0.389714E+01  0.556968E+02  0.132870E+02
  0.389981E+01  0.457928E+02  0.133089E+02
  0.390247E+01  0.479816E+02  0.133284E+02
  0.390514E+01  0.478656E+02  0.132736E+02
  0.390780E+01  0.542648E+02  0.132369E+02
  0.391047E+01  0.524024E+02  0.132488E+02
  0.391313E+01  0.559672E+02  0.133118E+02
  0.391580E+01  0.580720E+02  0.133201E+02
  0.391847E+01  0.440068E+02  0.133235E+02
  0.392113E+01  0.499612E+02  0.133586E+02
  0.392380E+01  0.506900E+02  0.133318E+02
  0.392646E+01  0.582724E+02  0.133299E+02
  0.392913E+01  0.561816E+02  0.132898E+02
  0.393179E+01  0.499708E+02  0.132424E+02
  0.393446E+01  0.353312E+02  0.132501E+02
  0.393712E+01  0.352288E+02  0.133408E+02
  0.393979E+01  0.324376E+02  0.132858E+02
  0.394245E+01  0.251292E+02  0.133172E+02
  0.394512E+01  0.596616E+02  0.132900E+02
  0.394778E+01  0.573508E+02  0.132798E+02
  0.395045E+01  0.655424E+02  0.132474E+02
  0.395311E+01  0.370468E+02  0.132652E+02
  0.395578E+01  0.569240E+02  0.132237E+02
  0.395844E+01  0.405444E+02  0.132486E+02
  0.396111E+01  0.596996E+02  0.132467E+02
  0.396377E+01  0.636892E+02  0.132767E+02
  0.396644E+01  0.493856E+02  0.132917E+02
  0.396910E+01  0.300628E+02  0.132805E+02
  0.397177E+01  0.575344E+02  0.132699E+02
  0.397443E+01  0.466936E+02  0.133575E+02
  0.397710E+01  0.412700E+02  0.132967E+02
  0.397976E+01  0.642576E+02  0.133239E+02
  0.398243E+01  0.626280E+02  0.132659E+02
  0.398509E+01  0.469224E+02  0.132176E+02
  0.398776E+01  0.512852E+02  0.132325E+02
  0.399042E+01  0.508364E+02  0.132365E+02
  0.399309E+01  0.466260E+02  0.132157E+02
  0.399575E+01  0.541476E+02  0.132456E+02
  0.399842E+01  0.534408E+02  0.132667E+02
  0.400108E+01  0.419332E+02  0.132032E+02
  0.400375E+01  0.463008E+02  0.132268E+02
  0.400641E+01  0.615084E+02  0.132500E+02
  0.400908E+01  0.457964E+02  0.132545E+02
  0.401174E+01  0.401620E+02  0.132545E+02
  0.401440E+01  0.468408E+02  0.133173E+02
  0.401707E+01  0.429940E+02  0.132631E+02
  0.401973E+01  0.451384E+02  0.132726E+02
  0.402240E+01  0.552844E+02  0.132458E+02
  0.402506E+01  0.510388E+02  0.132202E+02
  0.402773E+01  0.484620E+02  0.131916E+02
  0.403039E+01  0.433680E+02  0.131507E+02
  0.403306E+01  0.558572E+02  0.132156E+02
  0.403572E+01  0.631196E+02  0.132358E+02
  0.403839E+01  0.372252E+02  0.131056E+02
  0.404105E+01  0.391264E+02  0.132102E+02
  0.404372E+01  0.418476E+02  0.132131E+02
  0.404638E+01  0.297512E+02  0.131650E+02
  0.404905E+01  0.596264E+02  0.132071E+02
  0.405171E+01  0.713776E+02  0.132719E+02
  0.405437E+01  0.672472E+02  0.132129E+02
  0.405704E+01  0.600012E+02  0.131885E+02
  0.405970E+01  0.718072E+02  0.132578E+02
  0.406237E+01  0.745612E+02  0.132358E+02
  0.406503E+01  0.652432E+02  0.131634E+02
  0.406770E+01  0.658848E+02  0.131840E+02
  0.407036E+01  0.569392E+02  0.131602E+02
  0.407303E+01  0.588268E+02  0.131775E+02
  0.407569E+01  0.674856E+02  0.131825E+02
  0.407835E+01  0.573000E+02  0.131371E+02
  0.408102E+01  0.508488E+02  0.131849E+02
  0.408368E+01  0.535680E+02  0.131702E+02
  0.408635E+01  0.477372E+02  0.131334E+02
  0.408901E+01  0.390808E+02  0.132066E+02
  0.409168E+01  0.478560E+02  0.132145E+02
  0.409434E+01  0.499608E+02  0.131864E+02
  0.409700E+01  0.455532E+02  0.131656E+02
  0.409967E+01  0.487756E+02  0.131798E+02
  0.410233E+01  0.436764E+02  0.131752E+02
  0.410500E+01  0.812400E+02  0.131737E+02
  0.410766E+01  0.645788E+02  0.131153E+02
  0.411033E+01  0.586172E+02  0.131551E+02
  0.411299E+01  0.570244E+02  0.131995E+02
  0.411565E+01  0.701092E+02  0.131130E+02
  0.411832E+01  0.469792E+02  0.131330E+02
  0.412098E+01  0.678596E+02  0.132370E+02
  0.412365E+01  0.524052E+02  0.131807E+02
  0.412631E+01  0.398252E+02  0.131366E+02
  0.412897E+01  0.378716E+02  0.131571E+02
  0.413164E+01  0.535956E+02  0.131259E+02
  0.413430E+01  0.526896E+02  0.131663E+02
  0.413697E+01  0.573840E+02  0.131473E+02
  0.413963E+01  0.468712E+02  0.131300E+02
  0.414230E+01  0.456332E+02  0.132056E+02
  0.414496E+01  0.549216E+02  0.131490E+02
  0.414762E+01  0.637704E+02  0.131454E+02
  0.415029E+01  0.632896E+02  0.131546E+02
  0.415295E+01  0.500540E+02  0.130843E+02
  0.415562E+01  0.551180E+02  0.131165E+02
  0.415828E+01  0.536728E+02  0.131914E+02
  0.416094E+01  0.548736E+02  0.130953E+02
  0.416361E+01  0.467740E+02  0.131173E+02
  0.416627E+01  0.572536E+02  0.131315E+02
  0.416894E+01  0.677832E+02  0.131507E+02
  0.417160E+01  0.501096E+02  0.130939E+02
  0.417426E+01  0.636644E+02  0.131129E+02
  0.417693E+01  0.418468E+02  0.131494E+02
  0.417959E+01  0.558032E+02  0.131619E+02
  0.418225E+01  0.516312E+02  0.131277E+02
  0.418492E+01  0.528496E+02  0.131060E+02
  0.418758E+01  0.392204E+02  0.131491E+02
  0.419025E+01  0.537108E+02  0.130953E+02
  0.419291E+01  0.774348E+02  0.131293E+02
  0.419557E+01  0.737212E+02  0.131643E+02
  0.419824E+01  0.672676E+02  0.131255E+02
  0.420090E+01  0.610876E+02  0.130630E+02
  0.420356E+01  0.610840E+02  0.130613E+02
  0.420623E+01  0.630832E+02  0.130676E+02
  0.420889E+01  0.718692E+02  0.130552E+02
  0.421156E+01  0.966420E+02  0.132202E+02
  0.421422E+01  0.588820E+02  0.131317E+02
  0.421688E+01  0.533960E+02  0.131462E+02
  0.421955E+01  0.575108E+02  0.131939E+02
  0.422221E+01  0.595828E+02  0.131573E+02
  0.422487E+01  0.276400E+02  0.130744E+02
  0.422754E+01  0.687988E+02  0.130793E+02
  0.423020E+01  0.754792E+02  0.130976E+02
  0.423286E+01  0.611300E+02  0.131154E+02
  0.423553E+01  0.567200E+02  0.131735E+02
  0.423819E+01  0.401636E+02  0.132053E+02
  0.424085E+01  0.862592E+02  0.131802E+02
  0.424352E+01  0.583908E+02  0.131997E+02
  0.424618E+01  0.351708E+02  0.130760E+02
  0.424885E+01  0.821596E+02  0.130241E+02
  0.425151E+01  0.634860E+02  0.130335E+02
  0.425417E+01  0.400256E+02  0.131551E+02
  0.425684E+01  0.441644E+02  0.131127E+02
  0.425950E+01 -0.359400E+01  0.130476E+02
  0.426216E+01  0.221540E+02  0.130161E+02
  0.426483E+01  0.687248E+02  0.131801E+02
  0.426749E+01  0.507520E+02  0.130734E+02
  0.427015E+01  0.700856E+02  0.131559E+02
  0.427282E+01  0.550656E+02  0.130896E+02
  0.427548E+01  0.137936E+02  0.128154E+02
  0.427814E+01  0.492999E+03  0.148275E+02
----------C:\Documents and Settings\Pucci\Desktop\raggix\static\St_37_01_ok\alfa_20_000_ave.dat-----------------------------
#F                                                                              
# Sample c= 12.50 mg/ml                                                         
#S 1 Scan File                                                                  
# Image =  1                                                                    
# Dim_1 =  1906                                                                 
# Dummy = -1.000000e+00                                                         
# DDummy =  1.000000e-01                                                        
# SampleDistance =  1.675000e+00                                                
# WaveLength =  9.310000e-11                                                    
# Title = DiodeCurr=2.33897e-06,  MachCurr=153.64 mA, Concentration=12.5, Commen
# History-1 = saxs_mac -var +pass -omod n -odum -1 -otit "DiodeCurr=2.35082e-06,
# History-2 = saxs_add -omod n /data/visitor/mx789/id14eh3/Alfa/processing/alfa_
# History-3 = saxs_angle -omod n -rsys normal -da 360_deg -odim = 1 /data/visito
# History-4 = saxs_mac -omod n -var -add 20 -ofac 1.0/20 /data/visitor/mx789/id1
# History-5 = saxs_curves -scf 2_pi -ext .dat -spc "  " -prm "Sample c= 12.50 mg
#                                                                               
#                                                                               
#                                                                               
#                                                                               
#                                                                               
#                                                                               
#                                                                               
#                                                                               
#                                                                               
#                                                                               
#                                                                               
#L q*nm  I_DiodeCurr=2.33897e-06,  sqrt(|I|)                                    
#N 3                                                                            
----------C:\Documents and Settings\Pucci\Desktop\raggix\buf_37_1_ok\buf_001_ave.dat-----------------------------
#F                                                                              
# Sample c=  0.00 mg/ml                                                         
#S 1 Scan File                                                                  
# Image =  1                                                                    
# Dim_1 =  1906                                                                 
# Dummy = -1.000000e+00                                                         
# DDummy =  1.000000e-01                                                        
# SampleDistance =  1.675000e+00                                                
# WaveLength =  9.310000e-11                                                    
# Title = DiodeCurr=5.59705e-06,  MachCurr=152.823 mA, Concentration=0, Comments
# History-1 = saxs_mac -var +pass -omod n -odum -1 -otit "DiodeCurr=5.64663e-06,
# History-2 = saxs_add -omod n /data/visitor/mx789/id14eh3/Alfa/processing/buf_0
# History-3 = saxs_angle -omod n -rsys normal -da 360_deg -odim = 1 /data/visito
# History-4 = saxs_mac -omod n -var -add 10 -ofac 1.0/10 /data/visitor/mx789/id1
# History-5 = saxs_curves -scf 2_pi -ext .dat -spc "  " -prm "Sample c=  0.00 mg
#                                                                               
#                                                                               
#                                                                               
#                                                                               
#                                                                               
#                                                                               
#                                                                               
#                                                                               
#                                                                               
#                                                                               
#                                                                               
#L q*nm  I_DiodeCurr=5.59705e-06,  sqrt(|I|)                                    
#N 3                                                                            
