#q [nm^{-1}]	 Intensity [a.u.]
0.0020640600	0.00000000000
0.0041281100	0.00000000000
0.0061921700	0.00000000000
0.0082562200	0.00000000000
0.0103203000	0.00000000000
0.0123843000	0.00000000000
0.0144484000	0.00000000000
0.0165124000	0.00000000000
0.0185765000	0.00000000000
0.0206406000	0.00000000000
0.0227046000	0.00000000000
0.0247687000	0.00000000000
0.0268327000	0.00000000000
0.0288968000	0.00000000000
0.0309608000	0.00000000000
0.0330249000	0.00000000000
0.0350889000	0.00000000000
0.0371530000	0.00000000000
0.0392170000	0.00000000000
0.0412811000	0.00000280800
0.0433452000	0.00000367010
0.0454092000	0.00000415460
0.0474733000	0.00000314670
0.0495373000	0.00000351180
0.0516014000	0.00000315790
0.0536654000	0.00000383690
0.0557295000	0.00000413240
0.0577935000	0.00000393180
0.0598576000	0.00000284010
0.0619216000	0.00000389830
0.0639857000	0.00000342310
0.0660497000	0.00000363860
0.0681138000	0.00000401100
0.0701779000	0.00000340900
0.0722419000	0.00000343100
0.0743060000	0.00000362670
0.0763700000	0.00000340560
0.0784341000	0.00000349500
0.0804981000	0.00000327610
0.0825622000	0.00000320530
0.0846262000	0.00000333930
0.0866903000	0.00000371190
0.0887543000	0.00000342290
0.0908184000	0.00000369940
0.0928824000	0.00000355240
0.0949465000	0.00000344450
0.0970105000	0.00000350730
0.0990746000	0.00000337320
0.1011390000	0.00000365590
0.1032030000	0.00000342900
0.1052670000	0.00000329540
0.1073310000	0.00000321820
0.1093950000	0.00000345031
0.1114590000	0.00000324327
0.1135230000	0.00000340339
0.1155870000	0.00000336114
0.1176510000	0.00000343802
0.1197150000	0.00000317494
0.1217790000	0.00000342863
0.1238430000	0.00000336338
0.1259070000	0.00000333572
0.1279710000	0.00000341356
0.1300350000	0.00000333963
0.1320990000	0.00000352099
0.1341630000	0.00000366005
0.1362270000	0.00000337579
0.1382910000	0.00000346896
0.1403560000	0.00000345712
0.1424200000	0.00000357202
0.1444840000	0.00000341361
0.1465480000	0.00000341411
0.1486120000	0.00000336687
0.1506760000	0.00000332293
0.1527400000	0.00000328011
0.1548040000	0.00000327191
0.1568680000	0.00000337253
0.1589320000	0.00000339919
0.1609960000	0.00000341761
0.1630600000	0.00000336308
0.1651240000	0.00000342242
0.1671880000	0.00000335990
0.1692520000	0.00000342867
0.1713160000	0.00000326914
0.1733800000	0.00000336022
0.1754440000	0.00000333821
0.1775080000	0.00000340326
0.1795720000	0.00000343937
0.1816360000	0.00000333897
0.1837000000	0.00000334905
0.1857640000	0.00000330368
0.1878280000	0.00000339324
0.1898920000	0.00000332212
0.1919560000	0.00000329269
0.1940210000	0.00000328860
0.1960850000	0.00000342066
0.1981490000	0.00000327317
0.2002130000	0.00000334192
0.2022770000	0.00000342471
0.2043410000	0.00000333043
0.2064050000	0.00000330674
0.2084690000	0.00000344857
0.2105330000	0.00000325143
0.2125970000	0.00000324052
0.2146610000	0.00000339601
0.2167250000	0.00000333609
0.2187890000	0.00000321995
0.2208530000	0.00000325608
0.2229170000	0.00000331137
0.2249810000	0.00000334287
0.2270450000	0.00000323359
0.2291090000	0.00000327851
0.2311730000	0.00000329724
0.2332370000	0.00000323136
0.2353010000	0.00000327659
0.2373650000	0.00000325182
0.2394290000	0.00000325212
0.2414930000	0.00000334051
0.2435570000	0.00000325475
0.2456210000	0.00000327560
0.2476850000	0.00000332020
0.2497490000	0.00000333385
0.2518130000	0.00000328770
0.2538770000	0.00000326065
0.2559410000	0.00000329204
0.2580050000	0.00000325969
0.2600690000	0.00000322928
0.2621330000	0.00000332049
0.2641970000	0.00000324147
0.2662610000	0.00000328497
0.2683250000	0.00000317048
0.2703890000	0.00000330479
0.2724530000	0.00000324769
0.2745170000	0.00000321790
0.2765810000	0.00000322980
0.2786450000	0.00000321272
0.2807090000	0.00000326254
0.2827730000	0.00000323090
0.2848370000	0.00000315896
0.2869010000	0.00000321147
0.2889650000	0.00000323936
0.2910290000	0.00000318869
0.2930930000	0.00000323197
0.2951570000	0.00000316754
0.2972210000	0.00000315351
0.2992850000	0.00000321118
0.3013500000	0.00000317546
0.3034140000	0.00000321244
0.3054780000	0.00000321360
0.3075420000	0.00000312393
0.3096060000	0.00000322400
0.3116700000	0.00000314130
0.3137340000	0.00000319795
0.3157970000	0.00000315040
0.3178610000	0.00000313493
0.3199250000	0.00000320616
0.3219890000	0.00000313404
0.3240530000	0.00000317525
0.3261170000	0.00000320957
0.3281810000	0.00000316238
0.3302450000	0.00000317176
0.3323090000	0.00000312548
0.3343730000	0.00000314161
0.3364370000	0.00000311782
0.3385010000	0.00000311260
0.3405650000	0.00000314559
0.3426290000	0.00000309844
0.3446930000	0.00000313445
0.3467570000	0.00000314002
0.3488210000	0.00000310442
0.3508850000	0.00000312086
0.3529490000	0.00000311641
0.3550130000	0.00000305837
0.3570770000	0.00000310610
0.3591410000	0.00000305850
0.3612050000	0.00000314611
0.3632690000	0.00000315388
0.3653330000	0.00000305973
0.3673970000	0.00000309257
0.3694610000	0.00000303148
0.3715250000	0.00000306325
0.3735890000	0.00000306347
0.3756530000	0.00000302875
0.3777170000	0.00000305894
0.3797810000	0.00000301162
0.3818450000	0.00000302370
0.3839090000	0.00000301526
0.3859730000	0.00000304737
0.3880370000	0.00000301105
0.3901010000	0.00000296235
0.3921650000	0.00000301182
0.3942290000	0.00000295317
0.3962930000	0.00000302561
0.3983570000	0.00000299827
0.4004210000	0.00000301459
0.4024850000	0.00000305936
0.4045490000	0.00000305292
0.4066130000	0.00000295064
0.4086770000	0.00000302316
0.4107400000	0.00000296544
0.4128040000	0.00000298744
0.4148680000	0.00000304692
0.4169320000	0.00000296364
0.4189960000	0.00000299522
0.4210600000	0.00000294785
0.4231240000	0.00000298954
0.4251880000	0.00000295321
0.4272520000	0.00000297342
0.4293160000	0.00000294709
0.4313800000	0.00000292356
0.4334440000	0.00000298148
0.4355080000	0.00000297746
0.4375720000	0.00000300887
0.4396360000	0.00000289256
0.4417000000	0.00000299861
0.4437640000	0.00000295623
0.4458280000	0.00000292574
0.4478920000	0.00000298990
0.4499550000	0.00000292384
0.4520190000	0.00000289915
0.4540830000	0.00000290522
0.4561470000	0.00000290018
0.4582110000	0.00000287494
0.4602750000	0.00000297040
0.4623390000	0.00000290317
0.4644030000	0.00000288307
0.4664670000	0.00000291384
0.4685310000	0.00000289421
0.4705950000	0.00000284654
0.4726590000	0.00000291382
0.4747230000	0.00000290125
0.4767870000	0.00000288627
0.4788500000	0.00000291163
0.4809140000	0.00000286821
0.4829780000	0.00000285257
0.4850420000	0.00000282147
0.4871060000	0.00000281302
0.4891700000	0.00000284433
0.4912340000	0.00000282642
0.4932980000	0.00000282023
0.4953620000	0.00000283214
0.4974260000	0.00000282478
0.4994900000	0.00000282459
0.5015530000	0.00000281575
0.5036170000	0.00000285103
0.5056810000	0.00000286183
0.5077450000	0.00000282448
0.5098090000	0.00000280110
0.5118730000	0.00000276991
0.5139370000	0.00000277132
0.5160010000	0.00000271526
0.5180650000	0.00000277656
0.5201290000	0.00000276841
0.5221930000	0.00000283614
0.5242560000	0.00000273693
0.5263200000	0.00000278908
0.5283840000	0.00000271923
0.5304480000	0.00000281395
0.5325120000	0.00000280029
0.5345760000	0.00000277571
0.5366400000	0.00000284572
0.5387040000	0.00000286993
0.5407680000	0.00000275865
0.5428310000	0.00000279028
0.5448950000	0.00000278903
0.5469590000	0.00000278917
0.5490230000	0.00000271848
0.5510870000	0.00000272846
0.5531510000	0.00000265901
0.5552150000	0.00000265517
0.5572790000	0.00000271880
0.5593420000	0.00000269756
0.5614060000	0.00000261911
0.5634700000	0.00000271166
0.5655340000	0.00000258547
0.5675980000	0.00000259602
0.5696620000	0.00000264259
0.5717260000	0.00000266394
0.5737890000	0.00000267783
0.5758530000	0.00000252310
0.5779170000	0.00000261357
0.5799810000	0.00000265284
0.5820450000	0.00000262531
0.5841090000	0.00000269832
0.5861730000	0.00000262223
0.5882360000	0.00000255690
0.5903000000	0.00000254303
0.5923640000	0.00000265804
0.5944280000	0.00000262915
0.5964920000	0.00000264672
0.5985560000	0.00000259436
0.6006200000	0.00000254299
0.6026830000	0.00000263810
0.6047470000	0.00000256332
0.6068110000	0.00000260323
0.6088750000	0.00000254344
0.6109390000	0.00000259040
0.6130030000	0.00000253329
0.6150660000	0.00000250612
0.6171300000	0.00000254934
0.6191940000	0.00000256189
0.6212580000	0.00000258320
0.6233220000	0.00000253342
0.6253860000	0.00000262460
0.6274490000	0.00000263560
0.6295130000	0.00000243086
0.6315770000	0.00000254199
0.6336410000	0.00000248221
0.6357050000	0.00000260505
0.6377690000	0.00000253992
0.6398320000	0.00000251642
0.6418960000	0.00000254423
0.6439600000	0.00000251656
0.6460240000	0.00000258421
0.6480880000	0.00000240144
0.6501510000	0.00000243369
0.6522150000	0.00000248354
0.6542790000	0.00000243251
0.6563430000	0.00000250081
0.6584070000	0.00000244663
0.6604700000	0.00000245767
0.6625340000	0.00000248478
0.6645980000	0.00000248734
0.6666620000	0.00000240334
0.6687260000	0.00000243180
0.6707890000	0.00000235924
0.6728530000	0.00000243438
0.6749170000	0.00000246600
0.6769810000	0.00000237754
0.6790450000	0.00000236420
0.6811080000	0.00000237232
0.6831720000	0.00000236495
0.6852360000	0.00000233794
0.6873000000	0.00000234198
0.6893630000	0.00000239854
0.6914270000	0.00000239035
0.6934910000	0.00000239584
0.6955550000	0.00000238673
0.6976190000	0.00000237855
0.6996820000	0.00000234330
0.7017460000	0.00000235367
0.7038100000	0.00000237961
0.7058740000	0.00000229492
0.7079370000	0.00000223951
0.7100010000	0.00000234886
0.7120650000	0.00000236500
0.7141290000	0.00000230089
0.7161920000	0.00000225169
0.7182560000	0.00000234015
0.7203200000	0.00000223777
0.7223840000	0.00000233563
0.7244470000	0.00000220926
0.7265110000	0.00000230345
0.7285750000	0.00000225211
0.7306390000	0.00000228112
0.7327020000	0.00000217671
0.7347660000	0.00000226905
0.7368300000	0.00000229320
0.7388940000	0.00000230893
0.7409570000	0.00000229966
0.7430210000	0.00000225224
0.7450850000	0.00000223007
0.7471480000	0.00000220866
0.7492120000	0.00000225805
0.7512760000	0.00000216308
0.7533400000	0.00000222173
0.7554030000	0.00000220141
0.7574670000	0.00000224528
0.7595310000	0.00000221557
0.7615950000	0.00000223234
0.7636580000	0.00000215791
0.7657220000	0.00000219535
0.7677860000	0.00000219901
0.7698490000	0.00000223432
0.7719130000	0.00000212058
0.7739770000	0.00000222149
0.7760400000	0.00000222881
0.7781040000	0.00000209629
0.7801680000	0.00000218623
0.7822320000	0.00000214369
0.7842950000	0.00000215168
0.7863590000	0.00000215921
0.7884230000	0.00000215888
0.7904860000	0.00000216061
0.7925500000	0.00000215407
0.7946140000	0.00000212277
0.7966770000	0.00000210214
0.7987410000	0.00000207339
0.8008050000	0.00000201738
0.8028680000	0.00000208975
0.8049320000	0.00000208580
0.8069960000	0.00000212650
0.8090590000	0.00000207405
0.8111230000	0.00000208531
0.8131870000	0.00000206892
0.8152500000	0.00000204697
0.8173140000	0.00000198453
0.8193780000	0.00000209328
0.8214410000	0.00000205366
0.8235050000	0.00000204893
0.8255690000	0.00000213873
0.8276320000	0.00000207941
0.8296960000	0.00000210679
0.8317600000	0.00000200886
0.8338230000	0.00000205456
0.8358870000	0.00000202958
0.8379510000	0.00000201689
0.8400140000	0.00000199787
0.8420780000	0.00000201147
0.8441420000	0.00000200189
0.8462050000	0.00000191010
0.8482690000	0.00000202253
0.8503320000	0.00000204225
0.8523960000	0.00000197731
0.8544600000	0.00000195129
0.8565230000	0.00000190291
0.8585870000	0.00000198753
0.8606510000	0.00000198737
0.8627140000	0.00000200531
0.8647780000	0.00000203361
0.8668410000	0.00000198429
0.8689050000	0.00000197777
0.8709690000	0.00000191010
0.8730320000	0.00000191376
0.8750960000	0.00000196635
0.8771590000	0.00000192316
0.8792230000	0.00000194744
0.8812870000	0.00000183336
0.8833500000	0.00000190769
0.8854140000	0.00000191090
0.8874770000	0.00000188922
0.8895410000	0.00000188767
0.8916050000	0.00000195549
0.8936680000	0.00000187236
0.8957320000	0.00000185008
0.8977950000	0.00000187166
0.8998590000	0.00000191110
0.9019230000	0.00000182812
0.9039860000	0.00000185883
0.9060500000	0.00000184462
0.9081130000	0.00000186500
0.9101770000	0.00000189304
0.9122400000	0.00000184161
0.9143040000	0.00000182378
0.9163680000	0.00000184357
0.9184310000	0.00000178855
0.9204950000	0.00000181660
0.9225580000	0.00000176169
0.9246220000	0.00000174829
0.9266850000	0.00000180879
0.9287490000	0.00000184598
0.9308120000	0.00000179653
0.9328760000	0.00000177364
0.9349400000	0.00000181899
0.9370030000	0.00000178076
0.9390670000	0.00000175948
0.9411300000	0.00000179350
0.9431940000	0.00000178845
0.9452570000	0.00000179598
0.9473210000	0.00000181747
0.9493840000	0.00000174560
0.9514480000	0.00000173103
0.9535110000	0.00000177071
0.9555750000	0.00000179013
0.9576380000	0.00000171118
0.9597020000	0.00000173614
0.9617650000	0.00000172476
0.9638290000	0.00000170090
0.9658920000	0.00000173395
0.9679560000	0.00000178756
0.9700190000	0.00000170732
0.9720830000	0.00000168375
0.9741460000	0.00000169937
0.9762100000	0.00000171851
0.9782730000	0.00000168834
0.9803370000	0.00000169865
0.9824000000	0.00000163288
0.9844640000	0.00000168893
0.9865270000	0.00000166073
0.9885910000	0.00000169671
0.9906540000	0.00000169200
0.9927180000	0.00000164467
0.9947810000	0.00000157677
0.9968450000	0.00000161321
0.9989080000	0.00000158234
1.0009700000	0.00000155552
1.0030400000	0.00000165656
1.0051000000	0.00000167582
1.0071600000	0.00000166849
1.0092300000	0.00000165033
1.0112900000	0.00000162725
1.0133500000	0.00000156538
1.0154200000	0.00000156797
1.0174800000	0.00000155791
1.0195400000	0.00000158713
1.0216100000	0.00000154946
1.0236700000	0.00000157553
1.0257300000	0.00000163271
1.0278000000	0.00000157489
1.0298600000	0.00000168410
1.0319200000	0.00000154045
1.0339900000	0.00000152054
1.0360500000	0.00000155457
1.0381100000	0.00000156184
1.0401800000	0.00000154509
1.0422400000	0.00000150101
1.0443000000	0.00000152911
1.0463700000	0.00000155159
1.0484300000	0.00000148391
1.0504900000	0.00000158279
1.0525600000	0.00000149296
1.0546200000	0.00000149365
1.0566800000	0.00000149816
1.0587500000	0.00000158316
1.0608100000	0.00000144816
1.0628700000	0.00000150765
1.0649400000	0.00000143758
1.0670000000	0.00000150346
1.0690600000	0.00000149693
1.0711300000	0.00000146585
1.0731900000	0.00000147886
1.0752500000	0.00000145499
1.0773200000	0.00000148778
1.0793800000	0.00000144366
1.0814400000	0.00000147044
1.0835100000	0.00000144608
1.0855700000	0.00000145302
1.0876400000	0.00000142523
1.0897000000	0.00000141906
1.0917600000	0.00000139023
1.0938300000	0.00000137344
1.0958900000	0.00000144334
1.0979500000	0.00000138778
1.1000200000	0.00000136048
1.1020800000	0.00000137258
1.1041400000	0.00000139661
1.1062100000	0.00000141936
1.1082700000	0.00000134942
1.1103300000	0.00000133621
1.1124000000	0.00000139338
1.1144600000	0.00000138916
1.1165200000	0.00000133498
1.1185900000	0.00000131959
1.1206500000	0.00000133292
1.1227100000	0.00000139643
1.1247800000	0.00000133224
1.1268400000	0.00000136111
1.1289000000	0.00000133498
1.1309600000	0.00000132403
1.1330300000	0.00000131299
1.1350900000	0.00000129558
1.1371500000	0.00000135440
1.1392200000	0.00000138096
1.1412800000	0.00000135073
1.1433400000	0.00000130827
1.1454100000	0.00000131542
1.1474700000	0.00000126041
1.1495300000	0.00000132382
1.1516000000	0.00000132923
1.1536600000	0.00000127611
1.1557200000	0.00000127504
1.1577900000	0.00000124242
1.1598500000	0.00000122642
1.1619100000	0.00000123362
1.1639800000	0.00000124801
1.1660400000	0.00000128228
1.1681000000	0.00000125961
1.1701700000	0.00000116238
1.1722300000	0.00000125831
1.1742900000	0.00000126002
1.1763600000	0.00000121796
1.1784200000	0.00000124291
1.1804800000	0.00000119941
1.1825500000	0.00000120910
1.1846100000	0.00000117980
1.1866700000	0.00000127152
1.1887400000	0.00000129901
1.1908000000	0.00000118775
1.1928600000	0.00000124017
1.1949300000	0.00000118875
1.1969900000	0.00000120305
1.1990500000	0.00000120184
1.2011200000	0.00000118470
1.2031800000	0.00000120779
1.2052400000	0.00000110846
1.2073100000	0.00000119249
1.2093700000	0.00000116165
1.2114300000	0.00000113913
1.2134900000	0.00000110827
1.2155600000	0.00000112048
1.2176200000	0.00000112985
1.2196800000	0.00000116337
1.2217500000	0.00000118219
1.2238100000	0.00000112362
1.2258700000	0.00000110419
1.2279400000	0.00000112155
1.2300000000	0.00000114174
1.2320600000	0.00000114777
1.2341300000	0.00000114183
1.2361900000	0.00000112691
1.2382500000	0.00000108552
1.2403200000	0.00000114501
1.2423800000	0.00000112104
1.2444400000	0.00000112217
1.2465100000	0.00000108262
1.2485700000	0.00000107934
1.2506300000	0.00000106674
1.2526900000	0.00000108072
1.2547600000	0.00000110171
1.2568200000	0.00000105775
1.2588800000	0.00000109327
1.2609500000	0.00000104278
1.2630100000	0.00000106095
1.2650700000	0.00000105012
1.2671400000	0.00000105514
1.2692000000	0.00000106109
1.2712600000	0.00000106658
1.2733300000	0.00000102729
1.2753900000	0.00000107508
1.2774500000	0.00000099655
1.2795200000	0.00000105534
1.2815800000	0.00000101056
1.2836400000	0.00000102975
1.2857000000	0.00000102253
1.2877700000	0.00000104123
1.2898300000	0.00000099351
1.2918900000	0.00000099027
1.2939600000	0.00000099196
1.2960200000	0.00000101898
1.2980800000	0.00000098164
1.3001500000	0.00000098695
1.3022100000	0.00000099879
1.3042700000	0.00000093859
1.3063400000	0.00000097528
1.3084000000	0.00000093511
1.3104600000	0.00000096464
1.3125200000	0.00000094035
1.3145900000	0.00000093123
1.3166500000	0.00000093998
1.3187100000	0.00000095513
1.3207800000	0.00000090337
1.3228400000	0.00000091190
1.3249000000	0.00000090413
1.3269700000	0.00000093421
1.3290300000	0.00000094384
1.3310900000	0.00000092692
1.3331500000	0.00000093702
1.3352200000	0.00000091254
1.3372800000	0.00000090286
1.3393400000	0.00000090466
1.3414100000	0.00000091438
1.3434700000	0.00000088205
1.3455300000	0.00000092709
1.3476000000	0.00000089018
1.3496600000	0.00000092739
1.3517200000	0.00000092308
1.3537800000	0.00000092320
1.3558500000	0.00000084187
1.3579100000	0.00000089425
1.3599700000	0.00000088883
1.3620400000	0.00000090109
1.3641000000	0.00000087600
1.3661600000	0.00000088022
1.3682300000	0.00000088457
1.3702900000	0.00000080387
1.3723500000	0.00000083596
1.3744100000	0.00000084997
1.3764800000	0.00000083048
1.3785400000	0.00000085757
1.3806000000	0.00000087871
1.3826700000	0.00000087662
1.3847300000	0.00000082412
1.3867900000	0.00000084464
1.3888500000	0.00000081729
1.3909200000	0.00000087180
1.3929800000	0.00000075027
1.3950400000	0.00000085291
1.3971100000	0.00000086931
1.3991700000	0.00000081416
1.4012300000	0.00000080800
1.4033000000	0.00000081093
1.4053600000	0.00000085404
1.4074200000	0.00000083822
1.4094800000	0.00000079186
1.4115500000	0.00000074364
1.4136100000	0.00000075457
1.4156700000	0.00000075509
1.4177400000	0.00000077006
1.4198000000	0.00000073581
1.4218600000	0.00000082881
1.4239200000	0.00000079873
1.4259900000	0.00000080989
1.4280500000	0.00000075886
1.4301100000	0.00000075168
1.4321800000	0.00000068118
1.4342400000	0.00000072487
1.4363000000	0.00000074016
1.4383600000	0.00000078389
1.4404300000	0.00000076643
1.4424900000	0.00000071255
1.4445500000	0.00000076735
1.4466200000	0.00000073718
1.4486800000	0.00000077123
1.4507400000	0.00000073728
1.4528000000	0.00000069589
1.4548700000	0.00000074546
1.4569300000	0.00000071751
1.4589900000	0.00000071046
1.4610500000	0.00000070054
1.4631200000	0.00000074732
1.4651800000	0.00000070245
1.4672400000	0.00000071931
1.4693100000	0.00000067785
1.4713700000	0.00000073716
1.4734300000	0.00000066856
1.4754900000	0.00000067792
1.4775600000	0.00000070377
1.4796200000	0.00000070969
1.4816800000	0.00000070786
1.4837500000	0.00000066675
1.4858100000	0.00000066401
1.4878700000	0.00000074047
1.4899300000	0.00000065037
1.4920000000	0.00000064666
1.4940600000	0.00000063305
1.4961200000	0.00000062642
1.4981800000	0.00000065855
1.5002500000	0.00000065685
1.5023100000	0.00000064666
1.5043700000	0.00000064654
1.5064400000	0.00000059017
1.5085000000	0.00000068050
1.5105600000	0.00000062738
1.5126200000	0.00000065672
1.5146900000	0.00000065636
1.5167500000	0.00000062670
1.5188100000	0.00000064134
1.5208700000	0.00000060786
1.5229400000	0.00000059724
1.5250000000	0.00000064759
1.5270600000	0.00000061581
1.5291300000	0.00000064740
1.5311900000	0.00000060952
1.5332500000	0.00000064555
1.5353100000	0.00000054740
1.5373800000	0.00000057214
1.5394400000	0.00000059117
1.5415000000	0.00000061095
1.5435600000	0.00000058263
1.5456300000	0.00000054641
1.5476900000	0.00000060359
1.5497500000	0.00000061921
1.5518100000	0.00000058870
1.5538800000	0.00000058420
1.5559400000	0.00000061247
1.5580000000	0.00000059265
1.5600700000	0.00000053014
1.5621300000	0.00000052714
1.5641900000	0.00000058799
1.5662500000	0.00000059961
1.5683200000	0.00000053269
1.5703800000	0.00000056835
1.5724400000	0.00000052167
1.5745000000	0.00000052217
1.5765700000	0.00000052162
1.5786300000	0.00000053941
1.5806900000	0.00000052626
1.5827500000	0.00000051094
1.5848200000	0.00000048911
1.5868800000	0.00000054523
1.5889400000	0.00000055660
1.5910000000	0.00000054843
1.5930700000	0.00000052082
1.5951300000	0.00000053630
1.5971900000	0.00000052021
1.5992500000	0.00000052314
1.6013200000	0.00000048284
1.6033800000	0.00000048632
1.6054400000	0.00000053428
1.6075000000	0.00000055160
1.6095700000	0.00000053962
1.6116300000	0.00000052737
1.6136900000	0.00000049095
1.6157500000	0.00000047802
1.6178200000	0.00000055983
1.6198800000	0.00000050967
1.6219400000	0.00000044800
1.6240000000	0.00000050000
1.6260700000	0.00000046279
1.6281300000	0.00000047709
1.6301900000	0.00000048496
1.6322500000	0.00000046033
1.6343200000	0.00000048435
1.6363800000	0.00000048485
1.6384400000	0.00000048784
1.6405000000	0.00000050837
1.6425700000	0.00000045527
1.6446300000	0.00000050492
1.6466900000	0.00000046823
1.6487500000	0.00000050981
1.6508200000	0.00000045983
1.6528800000	0.00000047123
1.6549400000	0.00000044889
1.6570000000	0.00000049242
1.6590700000	0.00000048995
1.6611300000	0.00000044049
1.6631900000	0.00000044284
1.6652500000	0.00000048743
1.6673200000	0.00000045300
1.6693800000	0.00000045090
1.6714400000	0.00000047324
1.6735000000	0.00000045181
1.6755700000	0.00000044615
1.6776300000	0.00000042622
1.6796900000	0.00000041139
1.6817500000	0.00000042536
1.6838200000	0.00000042087
1.6858800000	0.00000037783
1.6879400000	0.00000042006
1.6900000000	0.00000043124
1.6920700000	0.00000038653
1.6941300000	0.00000041009
1.6961900000	0.00000044651
1.6982500000	0.00000039262
1.7003100000	0.00000041562
1.7023800000	0.00000040505
1.7044400000	0.00000043442
1.7065000000	0.00000038428
1.7085600000	0.00000041910
1.7106300000	0.00000038103
1.7126900000	0.00000040887
1.7147500000	0.00000038086
1.7168100000	0.00000039599
1.7188800000	0.00000033055
1.7209400000	0.00000037510
1.7230000000	0.00000036149
1.7250600000	0.00000034667
1.7271200000	0.00000036581
1.7291900000	0.00000039873
1.7312500000	0.00000035283
1.7333100000	0.00000038583
1.7353700000	0.00000034280
1.7374400000	0.00000039564
1.7395000000	0.00000036618
1.7415600000	0.00000034711
1.7436200000	0.00000035529
1.7456900000	0.00000036690
1.7477500000	0.00000038665
1.7498100000	0.00000038192
1.7518700000	0.00000034205
1.7539300000	0.00000036473
1.7560000000	0.00000035063
1.7580600000	0.00000034423
1.7601200000	0.00000032320
1.7621800000	0.00000034171
1.7642500000	0.00000036482
1.7663100000	0.00000036920
1.7683700000	0.00000035127
1.7704300000	0.00000029669
1.7724900000	0.00000031618
1.7745600000	0.00000036574
1.7766200000	0.00000032879
1.7786800000	0.00000035343
1.7807400000	0.00000034863
1.7828100000	0.00000034786
1.7848700000	0.00000030095
1.7869300000	0.00000034630
1.7889900000	0.00000030952
1.7910500000	0.00000028515
1.7931200000	0.00000031707
1.7951800000	0.00000035731
1.7972400000	0.00000037017
1.7993000000	0.00000032064
1.8013600000	0.00000032555
1.8034300000	0.00000030241
1.8054900000	0.00000034284
1.8075500000	0.00000028980
1.8096100000	0.00000030477
1.8116800000	0.00000030620
1.8137400000	0.00000029760
1.8158000000	0.00000029732
1.8178600000	0.00000032281
1.8199200000	0.00000030309
1.8219900000	0.00000031885
1.8240500000	0.00000026738
1.8261100000	0.00000035915
1.8281700000	0.00000030964
1.8302300000	0.00000022839
1.8323000000	0.00000034499
1.8343600000	0.00000025795
1.8364200000	0.00000024627
1.8384800000	0.00000025524
1.8405400000	0.00000029364
1.8426100000	0.00000030733
1.8446700000	0.00000026175
1.8467300000	0.00000027904
1.8487900000	0.00000025657
1.8508600000	0.00000031406
1.8529200000	0.00000029508
1.8549800000	0.00000033816
1.8570400000	0.00000029978
1.8591000000	0.00000027368
1.8611700000	0.00000027434
1.8632300000	0.00000026972
1.8652900000	0.00000029590
1.8673500000	0.00000028648
1.8694100000	0.00000022121
1.8714800000	0.00000026534
1.8735400000	0.00000029530
1.8756000000	0.00000025122
1.8776600000	0.00000029233
1.8797200000	0.00000028013
1.8817900000	0.00000024117
1.8838500000	0.00000023446
1.8859100000	0.00000024777
1.8879700000	0.00000026986
1.8900300000	0.00000020461
1.8921000000	0.00000023420
1.8941600000	0.00000022047
1.8962200000	0.00000018655
1.8982800000	0.00000024800
1.9003400000	0.00000026919
1.9024000000	0.00000018103
1.9044700000	0.00000026764
1.9065300000	0.00000025977
1.9085900000	0.00000019495
1.9106500000	0.00000025224
1.9127100000	0.00000026061
1.9147800000	0.00000023458
1.9168400000	0.00000020997
1.9189000000	0.00000018086
1.9209600000	0.00000023075
1.9230200000	0.00000023364
1.9250900000	0.00000022517
1.9271500000	0.00000019468
1.9292100000	0.00000024760
1.9312700000	0.00000023145
1.9333300000	0.00000020885
1.9354000000	0.00000024033
1.9374600000	0.00000023537
1.9395200000	0.00000021212
1.9415800000	0.00000026355
1.9436400000	0.00000019192
1.9457000000	0.00000019207
1.9477700000	0.00000023296
1.9498300000	0.00000019934
1.9518900000	0.00000018151
1.9539500000	0.00000022389
1.9560100000	0.00000017883
1.9580800000	0.00000021631
1.9601400000	0.00000023720
1.9622000000	0.00000018672
1.9642600000	0.00000020141
1.9663200000	0.00000019278
1.9683800000	0.00000017146
1.9704500000	0.00000014140
1.9725100000	0.00000018944
1.9745700000	0.00000016642
1.9766300000	0.00000019298
1.9786900000	0.00000014611
1.9807500000	0.00000012308
1.9828200000	0.00000021789
1.9848800000	0.00000022183
1.9869400000	0.00000014540
1.9890000000	0.00000019910
1.9910600000	0.00000018076
1.9931300000	0.00000019398
1.9951900000	0.00000019829
1.9972500000	0.00000014283
1.9993100000	0.00000015889
2.0013700000	0.00000018577
2.0034300000	0.00000018082
2.0055000000	0.00000017302
2.0075600000	0.00000018908
2.0096200000	0.00000019672
2.0116800000	0.00000017551
2.0137400000	0.00000017322
2.0158000000	0.00000016375
2.0178700000	0.00000018890
2.0199300000	0.00000016714
2.0219900000	0.00000017209
2.0240500000	0.00000019822
2.0261100000	0.00000015473
2.0281700000	0.00000018666
2.0302400000	0.00000017886
2.0323000000	0.00000017709
2.0343600000	0.00000015284
2.0364200000	0.00000012155
2.0384800000	0.00000018293
2.0405400000	0.00000014716
2.0426000000	0.00000013401
2.0446700000	0.00000016316
2.0467300000	0.00000019835
2.0487900000	0.00000014730
2.0508500000	0.00000016403
2.0529100000	0.00000016340
2.0549700000	0.00000015371
2.0570400000	0.00000012599
2.0591000000	0.00000015569
2.0611600000	0.00000015955
2.0632200000	0.00000013997
2.0652800000	0.00000009051
2.0673400000	0.00000014039
2.0694100000	0.00000017627
2.0714700000	0.00000011836
2.0735300000	0.00000014317
2.0755900000	0.00000015383
2.0776500000	0.00000020934
2.0797100000	0.00000016167
2.0817700000	0.00000015246
2.0838400000	0.00000013389
2.0859000000	0.00000016167
2.0879600000	0.00000012748
2.0900200000	0.00000015553
2.0920800000	0.00000014657
2.0941400000	0.00000017864
2.0962000000	0.00000011734
2.0982700000	0.00000015621
2.1003300000	0.00000014060
2.1023900000	0.00000012889
2.1044500000	0.00000012932
2.1065100000	0.00000016261
2.1085700000	0.00000016713
2.1106400000	0.00000012883
2.1127000000	0.00000011824
2.1147600000	0.00000015369
2.1168200000	0.00000014449
2.1188800000	0.00000015458
2.1209400000	0.00000011729
2.1230000000	0.00000015839
2.1250700000	0.00000011012
2.1271300000	0.00000012159
2.1291900000	0.00000014326
2.1312500000	0.00000010983
2.1333100000	0.00000008224
2.1353700000	0.00000008898
2.1374300000	0.00000012618
2.1394900000	0.00000011892
2.1415600000	0.00000013499
2.1436200000	0.00000014722
2.1456800000	0.00000016076
2.1477400000	0.00000011660
2.1498000000	0.00000013733
2.1518600000	0.00000011936
2.1539200000	0.00000014757
2.1559900000	0.00000011133
2.1580500000	0.00000012272
2.1601100000	0.00000008641
2.1621700000	0.00000009213
2.1642300000	0.00000013362
2.1662900000	0.00000010200
2.1683500000	0.00000011203
2.1704100000	0.00000011938
2.1724800000	0.00000014326
2.1745400000	0.00000010181
2.1766000000	0.00000010336
2.1786600000	0.00000006967
2.1807200000	0.00000013656
2.1827800000	0.00000010832
2.1848400000	0.00000008539
2.1869000000	0.00000012045
2.1889700000	0.00000012492
2.1910300000	0.00000010745
2.1930900000	0.00000009863
2.1951500000	0.00000008810
2.1972100000	0.00000011834
2.1992700000	0.00000012521
2.2013300000	0.00000006918
2.2033900000	0.00000012811
2.2054600000	0.00000016590
2.2075200000	0.00000009250
2.2095800000	0.00000007616
2.2116400000	0.00000015633
2.2137000000	0.00000010388
2.2157600000	0.00000010650
2.2178200000	0.00000008667
2.2198800000	0.00000011122
2.2219500000	0.00000008635
2.2240100000	0.00000011367
2.2260700000	0.00000006214
2.2281300000	0.00000008745
2.2301900000	0.00000012186
2.2322500000	0.00000007924
2.2343100000	0.00000012248
2.2363700000	0.00000010515
2.2384300000	0.00000004901
2.2405000000	0.00000009791
2.2425600000	0.00000010751
2.2446200000	0.00000005777
2.2466800000	0.00000010844
2.2487400000	0.00000005872
2.2508000000	0.00000004769
2.2528600000	0.00000008808
2.2549200000	0.00000007181
2.2569800000	0.00000008270
2.2590400000	0.00000008384
2.2611100000	0.00000008486
2.2631700000	0.00000007097
2.2652300000	0.00000009936
2.2672900000	0.00000010263
2.2693500000	0.00000006463
2.2714100000	0.00000008865
2.2734700000	0.00000008620
2.2755300000	0.00000007186
2.2775900000	0.00000007790
2.2796600000	0.00000006684
2.2817200000	0.00000007241
2.2837800000	0.00000002255
2.2858400000	0.00000007287
2.2879000000	0.00000010479
2.2899600000	0.00000003871
2.2920200000	0.00000012355
2.2940800000	0.00000008319
2.2961400000	0.00000010810
2.2982000000	0.00000011473
2.3002600000	0.00000007671
2.3023300000	0.00000010329
2.3043900000	0.00000008161
2.3064500000	0.00000015383
2.3085100000	0.00000008842
2.3105700000	0.00000012524
2.3126300000	0.00000009568
2.3146900000	0.00000009626
2.3167500000	0.00000010568
2.3188100000	0.00000010975
2.3208700000	0.00000007197
2.3229400000	0.00000008933
2.3250000000	0.00000015130
2.3270600000	0.00000009247
2.3291200000	0.00000004523
2.3311800000	0.00000005823
2.3332400000	0.00000007294
2.3353000000	0.00000009162
2.3373600000	0.00000009757
2.3394200000	0.00000014845
2.3414800000	0.00000004302
2.3435400000	0.00000004983
2.3456000000	0.00000008496
2.3476700000	0.00000004892
2.3497300000	0.00000006369
2.3517900000	0.00000004120
2.3538500000	0.00000006135
2.3559100000	0.00000003954
2.3579700000	0.00000007489
2.3600300000	0.00000004519
2.3620900000	0.00000002940
2.3641500000	0.00000003868
2.3662100000	0.00000006415
2.3682700000	0.00000005935
2.3703300000	0.00000009657
2.3723900000	0.00000007001
2.3744600000	0.00000002978
2.3765200000	0.00000003965
2.3785800000	0.00000005447
2.3806400000	0.00000003565
2.3827000000	0.00000008010
2.3847600000	0.00000010726
2.3868200000	0.00000005685
2.3888800000	0.00000005359
2.3909400000	0.00000007278
2.3930000000	0.00000004132
2.3950600000	0.00000007274
2.3971200000	0.00000005364
2.3991800000	0.00000009063
2.4012400000	0.00000004204
2.4033100000	0.00000008999
2.4053700000	0.00000002626
2.4074300000	0.00000005368
2.4094900000	0.00000007801
2.4115500000	0.00000006963
2.4136100000	0.00000006865
2.4156700000	0.00000009282
2.4177300000	0.00000005415
2.4197900000	0.00000009329
2.4218500000	0.00000008182
2.4239100000	0.00000010423
2.4259700000	0.00000002214
2.4280300000	0.00000007581
2.4300900000	0.00000004853
2.4321500000	0.00000005778
2.4342100000	0.00000005756
2.4362700000	0.00000012935
2.4383400000	0.00000011669
2.4404000000	0.00000001779
2.4424600000	0.00000007013
2.4445200000	0.00000005901
2.4465800000	0.00000005416
2.4486400000	0.00000007559
2.4507000000	0.00000007915
2.4527600000	0.00000005543
2.4548200000	0.00000002555
2.4568800000	0.00000006069
2.4589400000	0.00000003701
2.4610000000	0.00000003961
2.4630600000	0.00000001966
2.4651200000	0.00000008296
2.4671800000	0.00000004977
2.4692400000	0.00000002208
2.4713000000	0.00000004289
2.4733600000	0.00000006226
2.4754200000	0.00000002224
2.4774900000	0.00000003726
2.4795500000	0.00000006725
2.4816100000	0.00000000989
2.4836700000	0.00000004835
2.4857300000	0.00000005747
2.4877900000	0.00000010729
2.4898500000	0.00000003521
2.4919100000	0.00000005093
2.4939700000	0.00000003970
2.4960300000	0.00000004769
2.4980900000	0.00000008136
2.5001500000	0.00000005801
2.5022100000	0.00000008136
2.5042700000	0.00000002438
2.5063300000	0.00000006635
2.5083900000	0.00000007812
2.5104500000	0.00000003350
2.5125100000	0.00000003020
2.5145700000	0.00000006738
2.5166300000	0.00000007232
2.5186900000	0.00000007006
2.5207500000	0.00000005481
2.5228100000	0.00000006092
2.5248700000	0.00000005543
2.5269300000	0.00000009098
2.5289900000	0.00000006233
2.5310500000	0.00000010035
2.5331100000	0.00000004606
2.5351800000	0.00000009830
2.5372400000	0.00000001405
2.5393000000	0.00000008252
2.5413600000	0.00000005713
2.5434200000	0.00000005923
2.5454800000	0.00000001591
2.5475400000	0.00000006707
2.5496000000	0.00000006459
2.5516600000	0.00000005348
2.5537200000	0.00000010398
2.5557800000	0.00000004494
2.5578400000	0.00000007671
2.5599000000	0.00000003806
2.5619600000	0.00000009454
2.5640200000	0.00000009717
2.5660800000	0.00000000043
2.5681400000	0.00000010878
2.5702000000	0.00000001182
2.5722600000	0.00000005514
2.5743200000	0.00000006878
2.5763800000	0.00000006506
2.5784400000	0.00000005171
2.5805000000	0.00000004382
2.5825600000	0.00000004611
2.5846200000	0.00000009583
2.5866800000	0.00000000773
2.5887400000	0.00000005269
2.5908000000	0.00000002009
2.5928600000	0.00000002301
2.5949200000	0.00000004513
2.5969800000	0.00000002276
2.5990400000	0.00000005881
2.6011000000	0.00000009197
2.6031600000	0.00000001764
2.6052200000	0.00000004409
2.6072800000	0.00000001992
2.6093400000	0.00000008755
2.6114000000	0.00000004812
2.6134600000	0.00000006335
2.6155200000	0.00000006117
2.6175800000	0.00000007621
2.6196400000	0.00000004352
2.6217000000	0.00000004701
2.6237600000	0.00000008024
2.6258200000	0.00000005354
2.6278800000	0.00000001711
2.6299400000	0.00000003442
2.6320000000	0.00000007017
2.6340600000	0.00000005689
2.6361200000	0.00000005105
2.6381800000	0.00000001406
2.6402400000	0.00000006320
2.6423000000	0.00000003559
2.6443600000	0.00000008406
2.6464200000	0.00000005489
2.6484800000	0.00000003401
2.6505400000	0.00000003623
2.6526000000	0.00000005188
2.6546600000	0.00000003060
2.6567200000	0.00000004531
2.6587800000	0.00000003439
2.6608400000	0.00000002544
2.6629000000	0.00000005511
2.6649600000	0.00000000756
2.6670200000	0.00000001937
2.6690800000	0.00000008499
2.6711400000	0.00000002695
2.6732000000	0.00000003560
2.6752600000	0.00000010521
2.6773200000	0.00000003971
2.6793800000	0.00000005121
2.6814400000	0.00000006251
2.6835000000	0.00000004989
2.6855600000	0.00000001638
2.6876200000	-0.00000001587
2.6896800000	0.00000007805
2.6917400000	0.00000009222
2.6938000000	0.00000002752
2.6958600000	0.00000004207
2.6979200000	0.00000005741
2.6999800000	0.00000004637
2.7020400000	0.00000003655
2.7041000000	0.00000003549
2.7061600000	0.00000004155
2.7082200000	0.00000005018
2.7102800000	0.00000004155
2.7123400000	0.00000003151
2.7144000000	0.00000003901
2.7164600000	0.00000004583
2.7185200000	0.00000003086
2.7205700000	0.00000004095
2.7226300000	0.00000005033
2.7246900000	0.00000005375
2.7267500000	0.00000002944
2.7288100000	0.00000006688
2.7308700000	0.00000002865
2.7329300000	0.00000000973
2.7349900000	0.00000010076
2.7370500000	0.00000003059
2.7391100000	0.00000006986
2.7411700000	0.00000005542
2.7432300000	0.00000003583
2.7452900000	0.00000004747
2.7473500000	0.00000005383
2.7494100000	0.00000005917
2.7514700000	0.00000006304
2.7535300000	0.00000002339
2.7555900000	0.00000006136
2.7576500000	0.00000003697
2.7597100000	0.00000001270
2.7617700000	0.00000008692
2.7638300000	0.00000005519
2.7658900000	0.00000003921
2.7679500000	0.00000004289
2.7700100000	0.00000005455
2.7720700000	0.00000000836
2.7741200000	0.00000006294
2.7761800000	0.00000007612
2.7782400000	0.00000002725
2.7803000000	0.00000008432
2.7823600000	0.00000008844
2.7844200000	0.00000005364
2.7864800000	0.00000002464
2.7885400000	0.00000002197
2.7906000000	0.00000002815
2.7926600000	0.00000001188
2.7947200000	0.00000009527
2.7967800000	0.00000010402
2.7988400000	0.00000006757
2.8009000000	0.00000003548
2.8029600000	0.00000004807
2.8050200000	0.00000007181
2.8070800000	0.00000007763
2.8091400000	0.00000004909
2.8112000000	0.00000006536
2.8132500000	0.00000010917
2.8153100000	0.00000009182
2.8173700000	0.00000006640
2.8194300000	0.00000000457
2.8214900000	0.00000005560
2.8235500000	0.00000005999
2.8256100000	0.00000005059
2.8276700000	0.00006992300
2.8297300000	0.00000000758
2.8317900000	0.00000003367
2.8338500000	0.00000004180
2.8359100000	0.00000002813
2.8379700000	0.00000006898
2.8400300000	0.00000005157
2.8420900000	0.00000003602
2.8441500000	0.00000009504
2.8462000000	0.00000004364
2.8482600000	0.00000008568
2.8503200000	0.00000003817
2.8523800000	0.00000001433
2.8544400000	0.00000002784
2.8565000000	0.00000001683
2.8585600000	0.00000008347
2.8606200000	0.00000007191
2.8626800000	0.00000006243
2.8647400000	-0.00000001228
2.8668000000	0.00000007096
2.8688600000	0.00000006583
2.8709200000	0.00000005826
2.8729700000	0.00000001645
2.8750300000	0.00000008532
2.8770900000	0.00000001493
2.8791500000	0.00000005822
2.8812100000	0.00000008577
2.8832700000	0.00000006329
2.8853300000	0.00000005662
2.8873900000	0.00000007827
2.8894500000	0.00000008581
2.8915100000	0.00000002397
2.8935700000	0.00000007734
2.8956300000	0.00000008909
2.8976800000	0.00000002978
2.8997400000	0.00000004938
2.9018000000	0.00000010320
2.9038600000	0.00000008645
2.9059200000	0.00000004880
2.9079800000	0.00000007304
2.9100400000	0.00000006846
2.9121000000	0.00000005409
2.9141600000	0.00000006591
2.9162200000	0.00000004171
2.9182800000	0.00000006794
2.9203300000	0.00000008243
2.9223900000	-0.00000000054
2.9244500000	0.00000006972
2.9265100000	0.00000003457
2.9285700000	0.00000006473
2.9306300000	0.00000008791
2.9326900000	0.00000005368
2.9347500000	0.00000004286
2.9368100000	0.00000004754
2.9388700000	0.00000002163
2.9409200000	0.00000008176
2.9429800000	0.00000004593
2.9450400000	0.00000000103
2.9471000000	0.00000006403
2.9491600000	0.00000000445
2.9512200000	0.00000004455
2.9532800000	0.00000006310
2.9553400000	0.00000007395
2.9574000000	0.00000004460
2.9594500000	0.00000009904
2.9615100000	0.00000003559
2.9635700000	0.00000005096
2.9656300000	0.00000006832
2.9676900000	0.00000005347
2.9697500000	0.00000006344
2.9718100000	0.00000003206
2.9738700000	0.00000004437
2.9759300000	0.00000002568
2.9779800000	0.00000011640
2.9800400000	0.00000005081
2.9821000000	0.00000006163
2.9841600000	0.00000007877
2.9862200000	0.00000006418
2.9882800000	0.00000004303
2.9903400000	0.00000009289
2.9924000000	0.00000000300
2.9944600000	0.00000000746
2.9965100000	0.00000000948
2.9985700000	0.00000007214
3.0006300000	0.00000000332
3.0026900000	0.00000006909
3.0047500000	-0.00000000819
3.0068100000	0.00000007636
3.0088700000	0.00000004882
3.0109300000	0.00000004809
3.0129800000	-0.00000006824
3.0150400000	-0.00000001518
3.0171000000	-0.00000008129
3.0191600000	0.00000000000
3.0212200000	0.00000000000
3.0232800000	0.00000000000
3.0253400000	0.00000000000
3.0273900000	0.00000000000
3.0294500000	0.00000000000
3.0315100000	0.00000000000
3.0335700000	0.00000000000
3.0356300000	0.00000000000
3.0376900000	0.00000000000
3.0397500000	0.00000000000
3.0418100000	0.00000000000
3.0438600000	0.00000000000
3.0459200000	0.00000000000
3.0479800000	0.00000000000
3.0500400000	0.00000000000
3.0521000000	0.00000000000
3.0541600000	0.00000000000
3.0562200000	0.00000000000
3.0582700000	0.00000000000
3.0603300000	0.00000000000
3.0623900000	0.00000000000
3.0644500000	0.00000000000
3.0665100000	0.00000000000
3.0685700000	0.00000000000
3.0706300000	0.00000000000
3.0726800000	0.00000000000
3.0747400000	0.00000000000
3.0768000000	0.00000000000
3.0788600000	0.00000000000
3.0809200000	0.00000000000
3.0829800000	0.00000000000
3.0850300000	0.00000000000
3.0870900000	0.00000000000
3.0891500000	0.00000000000
3.0912100000	0.00000000000
3.0932700000	0.00000000000
3.0953300000	0.00000000000
3.0973900000	0.00000000000
3.0994400000	0.00000000000
3.1015000000	0.00000000000
3.1035600000	0.00000000000
3.1056200000	0.00000000000
3.1076800000	0.00000000000
3.1097400000	0.00000000000
3.1117900000	0.00000000000
3.1138500000	0.00000000000
3.1159100000	0.00000000000
3.1179700000	0.00000000000
3.1200300000	0.00000000000
3.1220900000	0.00000000000
3.1241400000	0.00000000000
3.1262000000	0.00000000000
3.1282600000	0.00000000000
3.1303200000	0.00000000000
3.1323800000	0.00000000000
3.1344400000	0.00000000000
3.1364900000	0.00000000000
3.1385500000	0.00000000000
3.1406100000	0.00000000000
3.1426700000	0.00000000000
3.1447300000	0.00000000000
3.1467900000	0.00000000000
3.1488400000	0.00000000000
3.1509000000	0.00000000000
3.1529600000	0.00000000000
3.1550200000	0.00000000000
3.1570800000	0.00000000000
3.1591300000	0.00000000000
3.1611900000	0.00000000000
3.1632500000	0.00000000000
3.1653100000	0.00000000000
3.1673700000	0.00000000000
3.1694300000	0.00000000000
3.1714800000	0.00000000000
3.1735400000	0.00000000000
3.1756000000	0.00000000000
3.1776600000	0.00000000000
3.1797200000	0.00000000000
3.1817700000	0.00000000000
3.1838300000	0.00000000000
3.1858900000	0.00000000000
3.1879500000	0.00000000000
3.1900100000	0.00000000000
3.1920600000	0.00000000000
3.1941200000	0.00000000000
3.1961800000	0.00000000000
3.1982400000	0.00000000000
3.2003000000	0.00037026000
3.2023500000	0.00000000000
3.2044100000	0.00000000000
3.2064700000	0.00000000000
3.2085300000	0.00000000000
3.2105900000	0.00000000000
3.2126400000	0.00000000000
3.2147000000	0.00000000000
3.2167600000	0.00000000000
3.2188200000	0.00000000000
3.2208800000	0.00000000000
3.2229300000	0.00000000000
3.2249900000	0.00000000000
3.2270500000	0.00000000000
3.2291100000	0.00000000000
3.2311700000	0.00000000000
3.2332200000	0.00000000000
3.2352800000	0.00000000000
3.2373400000	0.00000000000
3.2394000000	0.00000000000
3.2414600000	0.00000000000
3.2435100000	0.00000000000
3.2455700000	0.00000000000
3.2476300000	0.00000000000
3.2496900000	0.00000000000
3.2517500000	0.00000000000
3.2538000000	0.00000000000
3.2558600000	0.00000000000
3.2579200000	0.00000000000
3.2599800000	-0.00000104421
3.2620300000	0.00000000000
3.2640900000	0.00000000000
3.2661500000	0.00000000000
3.2682100000	0.00000000000
3.2702700000	0.00000000000
3.2723200000	0.00000000000
3.2743800000	0.00000000000
3.2764400000	0.00000000000
3.2785000000	0.00000000000
3.2805500000	0.00000000000
3.2826100000	0.00000000000
3.2846700000	0.00000000000
3.2867300000	0.00000000000
3.2887900000	0.00000000000
3.2908400000	0.00000000000
3.2929000000	0.00000000000
3.2949600000	0.00000000000
3.2970200000	0.00000000000
3.2990700000	0.00000000000
3.3011300000	0.00000000000
3.3031900000	0.00000000000
3.3052500000	0.00000000000
3.3073000000	0.00000000000
3.3093600000	0.00000000000
3.3114200000	0.00000000000
3.3134800000	0.00000000000
3.3155300000	0.00000000000
3.3175900000	0.00000000000
3.3196500000	0.00000000000
3.3217100000	0.00000000000
3.3237600000	0.00000000000
3.3258200000	0.00000000000
3.3278800000	0.00000000000
3.3299400000	0.00000000000
3.3320000000	0.00000000000
3.3340500000	0.00000000000
3.3361100000	0.00000000000
3.3381700000	0.00000000000
3.3402300000	0.00000000000
3.3422800000	0.00000000000
3.3443400000	0.00000000000
3.3464000000	0.00000000000
3.3484600000	0.00000000000
3.3505100000	0.00000000000
3.3525700000	0.00000187930
3.3546300000	0.00000000000
3.3566800000	0.00000000000
3.3587400000	0.00000000000
3.3608000000	0.00000000000
3.3628600000	0.00000000000
3.3649100000	0.00000000000
3.3669700000	0.00000000000
3.3690300000	0.00000000000
3.3710900000	0.00000000000
3.3731400000	0.00000000000
3.3752000000	0.00000000000
3.3772600000	0.00000000000
3.3793200000	0.00000000000
3.3813700000	0.00000000000
3.3834300000	0.00000000000
3.3854900000	0.00000000000
3.3875500000	0.00000000000
3.3896000000	0.00000000000
3.3916600000	0.00000000000
3.3937200000	0.00000000000
3.3957700000	0.00000000000
3.3978300000	0.00000000000
3.3998900000	0.00000000000
3.4019500000	0.00000000000
3.4040000000	0.00000000000
3.4060600000	0.00000000000
3.4081200000	0.00000000000
3.4101800000	0.00000000000
3.4122300000	0.00000000000
3.4142900000	0.00000000000
3.4163500000	0.00000000000
3.4184000000	0.00000000000
3.4204600000	0.00000000000
3.4225200000	0.00000000000
3.4245800000	0.00000000000
3.4266300000	0.00000000000
3.4286900000	0.00000000000
3.4307500000	0.00000000000
3.4328000000	0.00000000000
3.4348600000	0.00000000000
3.4369200000	0.00000000000
3.4389800000	0.00000000000
3.4410300000	0.00000000000
3.4430900000	0.00000000000
3.4451500000	0.00000000000
3.4472000000	0.00000000000
3.4492600000	0.00000000000
3.4513200000	0.00000000000
3.4533800000	0.00000000000
3.4554300000	0.00000000000
3.4574900000	0.00000000000
3.4595500000	0.00000000000
3.4616000000	0.00000000000
3.4636600000	0.00000000000
3.4657200000	0.00000000000
3.4677700000	0.00000000000
3.4698300000	0.00000000000
3.4718900000	0.00000000000
3.4739500000	0.00000000000
3.4760000000	0.00000000000
3.4780600000	0.00000000000
3.4801200000	0.00000000000
3.4821700000	0.00000000000
3.4842300000	0.00000000000
3.4862900000	0.00000000000
3.4883400000	0.00000000000
3.4904000000	0.00000000000
3.4924600000	0.00000000000
3.4945100000	0.00000000000
3.4965700000	0.00000000000
3.4986300000	0.00000000000
3.5006900000	0.00000000000
3.5027400000	0.00000000000
