qcap_avg_bsub	rcap_avg_bsub	scap_avg_bsub
0	NAN	NAN
0.000519894	NAN	NAN
0.00103979	NAN	NAN
0.00155968	NAN	NAN
0.00207958	NAN	NAN
0.00259947	NAN	NAN
0.00311936	NAN	NAN
0.00363926	NAN	NAN
0.00415915	NAN	NAN
0.00467905	NAN	NAN
0.00519894	NAN	NAN
0.00571883	NAN	NAN
0.00623873	NAN	NAN
0.00675862	NAN	NAN
0.00727851	NAN	NAN
0.00779841	0.202957447608381	5.46091185150309e-05
0.0083183	0.200318702009595	4.93740017013223e-05
0.00883819	0.188408107394249	4.23946372875881e-05
0.00935809	0.175439797591751	3.94964315220565e-05
0.00987798	0.162329497121537	3.7485573956643e-05
0.0103979	0.150533663100937	3.51235161774801e-05
0.0109178	0.138178516416834	3.08442016320544e-05
0.0114377	0.12651661890875	3.03577348068722e-05
0.0119575	0.115258324634916	2.96451699923854e-05
0.0124774	0.104855563715142	2.74042679306638e-05
0.0129973	0.0943406706695522	2.43356745830649e-05
0.0135172	0.0843374202601802	2.24913954298613e-05
0.0140371	0.0756440705632825	2.19170611954613e-05
0.014557	0.0677633767874934	2.05157321505481e-05
0.0150769	0.0601752315182248	1.79645938613657e-05
0.0155968	0.052923987444396	1.7099238638655e-05
0.0161167	0.0460986237143987	1.52913055114618e-05
0.0166366	0.0399130347174123	1.45153380352366e-05
0.0171565	0.0342944276590503	1.34247126142236e-05
0.0176763	0.0292217700990023	1.1865735750218e-05
0.0181962	0.0247132951928601	1.16012021761691e-05
0.0187161	0.0207348135858188	1.03298498594631e-05
0.019236	0.0173503068700099	9.72255388331194e-06
0.0197559	0.0142264927889399	8.50846650128976e-06
0.0202758	0.0115885360141517	8.05495941058378e-06
0.0207957	0.00950487563747853	7.81623860098636e-06
0.0213156	0.007724372143354	6.83188344574343e-06
0.0218355	0.00632938846464435	6.54284493903267e-06
0.0223553	0.00524196239359231	5.98276844868708e-06
0.0228752	0.0044718196232836	5.9133415566823e-06
0.0233951	0.00397960204500096	5.77347558745389e-06
0.023915	0.00372473247408286	5.43449238795404e-06
0.0244349	0.00367409975099016	5.43567948381576e-06
0.0249548	0.00377708057720444	5.23435610320259e-06
0.0254746	0.0040346370242625	5.33141411821065e-06
0.0259945	0.00440898858544299	5.1223841313115e-06
0.0265144	0.00484697163008682	5.31046762149478e-06
0.0270343	0.00533254073616401	5.4868904304109e-06
0.0275542	0.0058557018920938	5.30852215105416e-06
0.0280741	0.00637276380436228	5.56707292922127e-06
0.0285939	0.00689669018185748	5.26876223240359e-06
0.0291138	0.00739493619714388	5.5723805832702e-06
0.0296337	0.00781251899966792	5.51748849171258e-06
0.0301536	0.00818981996191006	5.54509619951956e-06
0.0306735	0.00853383843199374	5.56410115722244e-06
0.0311933	0.00879993812470968	5.43917982592158e-06
0.0317132	0.00897936492455401	5.47742938145e-06
0.0322331	0.00907890426344745	5.45823246956082e-06
0.032753	0.00915383055314303	5.40941516848641e-06
0.0332729	0.00913295897087605	5.4829407031104e-06
0.0337927	0.00900544919017237	5.16997830262799e-06
0.0343126	0.00882687750924443	5.33611829134325e-06
0.0348325	0.00859119578264287	5.13834920513137e-06
0.0353524	0.00830922189729033	4.9287823085727e-06
0.0358722	0.007970213530729	5.06691499192593e-06
0.0363921	0.00759756738606002	4.80843542459154e-06
0.036912	0.00720547698056173	4.84773471002175e-06
0.0374319	0.00676048303763523	4.48680882490023e-06
0.0379517	0.0063014473956447	4.47808571137532e-06
0.0384716	0.00584126046555883	4.40422223120353e-06
0.0389915	0.00536421325371409	4.24865126486715e-06
0.0395113	0.00489857834125218	4.14117359565388e-06
0.0400312	0.00444505468577148	3.98672858054369e-06
0.0405511	0.00401877768629863	3.98376721443708e-06
0.0410709	0.00360390429522828	3.81817996109459e-06
0.0415908	0.00320820009841005	3.65338740952052e-06
0.0421107	0.00284634036301239	3.64868014464729e-06
0.0426305	0.00251847682370352	3.4540521412544e-06
0.0431504	0.00224576570615778	3.500567500969e-06
0.0436703	0.00199923589617156	3.34250069308649e-06
0.0441901	0.00178409395148425	3.25783720831413e-06
0.04471	0.00161176216837028	3.22931314837214e-06
0.0452299	0.00146639910658521	3.17656228131556e-06
0.0457497	0.00136089360961273	3.23813197362094e-06
0.0462696	0.00128814464236071	3.00765782353261e-06
0.0467894	0.00124951963724333	3.12385644797096e-06
0.0473093	0.00123268526778327	3.05140968879494e-06
0.0478292	0.00123118924603671	3.0400871175334e-06
0.048349	0.00124609112139303	3.03490589704863e-06
0.0488689	0.00129401507240411	2.97881011546015e-06
0.0493887	0.00135495865478082	3.05824828747724e-06
0.0499086	0.00141976470605789	3.01847767304876e-06
0.0504284	0.00148277169512286	2.95982800566245e-06
0.0509483	0.00154499673829775	3.02665311485815e-06
0.0514681	0.0016129117808298	2.94947960375929e-06
0.051988	0.00169021245991502	3.0513825131604e-06
0.0525078	0.00176285823567052	2.92581375414805e-06
0.0530277	0.00181304196659347	2.98157660237366e-06
0.0535475	0.00185576378288832	3.04088441570465e-06
0.0540674	0.00190390025887895	2.92968682486811e-06
0.0545872	0.00193403469536844	2.99937343677858e-06
0.0551071	0.00194953460922009	2.88758524905675e-06
0.0556269	0.00196206878998863	2.93775155559868e-06
0.0561468	0.00195006216510886	2.95363560077101e-06
0.0566666	0.00192787342336979	2.90683489388175e-06
0.0571865	0.00189713121078314	2.89222733485775e-06
0.0577063	0.00184755121950822	2.81659581852733e-06
0.0582261	0.00180010789465335	2.84392041686745e-06
0.058746	0.00174486715031045	2.80581555206188e-06
0.0592658	0.00167536009014715	2.73280464983882e-06
0.0597857	0.00160098531547836	2.76579725406756e-06
0.0603055	0.0015301176172319	2.76114395743421e-06
0.0608253	0.00145612713693465	2.70668647595413e-06
0.0613452	0.00136727021130637	2.66249503535964e-06
0.061865	0.00128443859071667	2.64021923411489e-06
0.0623848	0.00120111021967253	2.63297488270331e-06
0.0629047	0.00112370761844137	2.64718188153208e-06
0.0634245	0.00104829511696859	2.56781394677167e-06
0.0639443	0.000973064930121723	2.47100595476534e-06
0.0644642	0.00091055467023755	2.57331218242157e-06
0.064984	0.000855467376356453	2.46924892295532e-06
0.0655038	0.000806357412545691	2.54310298262594e-06
0.0660236	0.000753374751478885	2.43756814968407e-06
0.0665435	0.000705411709731686	2.41676663193567e-06
0.0670633	0.000665568370388551	2.46643995352547e-06
0.0675831	0.000634835885589566	2.38285110983807e-06
0.0681029	0.000607474683985448	2.42447163100643e-06
0.0686228	0.000588198399757999	2.3419362575651e-06
0.0691426	0.000577074549681875	2.36844753607811e-06
0.0696624	0.000570599740371164	2.42575603908496e-06
0.0701822	0.000567671631205303	2.31118525970778e-06
0.070702	0.000559062641705729	2.3484946156947e-06
0.0712218	0.000561395984182326	2.32130319268873e-06
0.0717417	0.000563978961622715	2.33268823045843e-06
0.0722615	0.000568090856036751	2.34995091815061e-06
0.0727813	0.000569707273992079	2.27069234996743e-06
0.0733011	0.000569774863243113	2.3235370465302e-06
0.0738209	0.000576847352646606	2.28926857646909e-06
0.0743407	0.0005836110349479	2.2849947605743e-06
0.0748605	0.000589886315438655	2.2719618077831e-06
0.0753803	0.000585543429021076	2.24578995332921e-06
0.0759001	0.00058642512620796	2.2764692302077e-06
0.0764199	0.000582791956582318	2.2709298085769e-06
0.0769397	0.000581746470626529	2.21971249757719e-06
0.0774595	0.000576149586394157	2.22862417760082e-06
0.0779793	0.00056423602131349	2.22258198937147e-06
0.0784991	0.000555568092211277	2.25427650618599e-06
0.0790189	0.000543953671852444	2.18370736294015e-06
0.0795387	0.000530038063088185	2.21274811529542e-06
0.0800585	0.000509814654866465	2.15125554743561e-06
0.0805783	0.000497788893500772	2.19378038598617e-06
0.0810981	0.00048105433667878	2.1717630792688e-06
0.0816179	0.000460556598025692	2.12174401806548e-06
0.0821377	0.000443999190987546	2.18232346207115e-06
0.0826575	0.000427343627942708	2.13486324639885e-06
0.0831772	0.000400785325940579	2.12747709029307e-06
0.083697	0.000381664372592615	2.0706438981514e-06
0.0842168	0.000369297343377758	2.10105898791077e-06
0.0847366	0.000350207903206326	2.12573688433932e-06
0.0852564	0.000329884713568458	2.07757694333348e-06
0.0857761	0.000322141983066849	2.08179246824874e-06
0.0862959	0.000312319145544252	2.03252514842315e-06
0.0868157	0.000296086505357235	2.08234121059854e-06
0.0873355	0.000283701077963492	2.084252318919e-06
0.0878552	0.000273715767451789	2.0143349708381e-06
0.088375	0.000270221894632323	2.03061929284798e-06
0.0888948	0.000262752818111328	2.0262062820324e-06
0.0894146	0.000260221689370381	2.03945608354283e-06
0.0899343	0.000258717558507831	1.99403871719632e-06
0.0904541	0.000254071256220409	1.99648475464707e-06
0.0909739	0.0002522809934291	2.02416392979311e-06
0.0914936	0.000254401559660043	1.99246394675284e-06
0.0920134	0.00025466807502931	2.01759579178767e-06
0.0925331	0.000258709997344521	1.95777825126066e-06
0.0930529	0.000259695334953984	1.97179261445941e-06
0.0935726	0.000258884707658528	1.99772973967198e-06
0.0940924	0.000261252410781833	1.96545375752953e-06
0.0946122	0.000262466680031188	1.94444860734315e-06
0.0951319	0.000265823475728078	1.93787266036458e-06
0.0956517	0.000268404506150104	1.98918670870961e-06
0.0961714	0.000269662220883326	1.94352402352573e-06
0.0966912	0.000268748704798698	1.91752243774459e-06
0.0972109	0.000264318850012788	1.94182093312906e-06
0.0977306	0.000265503258449945	1.92931161908039e-06
0.0982504	0.000259092824756507	1.94308756123003e-06
0.0987701	0.000252545618182066	1.92324142984546e-06
0.0992899	0.00024981457962207	1.89394462035669e-06
0.0998096	0.000245709929927137	1.93492186182847e-06
0.100329	0.000235571108762815	1.87574158680177e-06
0.100849	0.000236598244363905	1.91494796892467e-06
0.101369	0.000232615521145475	1.87430438658865e-06
0.101889	0.000228079541221246	1.87314522350634e-06
0.102408	0.000221134615195745	1.88976218168959e-06
0.102928	0.000215037399753157	1.86103609077509e-06
0.103448	0.000204536189381052	1.88139457112518e-06
0.103967	0.000197274123994964	1.83233673976582e-06
0.104487	0.000186992294495028	1.87634850280958e-06
0.105007	0.000185612944576857	1.87160033703053e-06
0.105527	0.00018027387290751	1.80670104453258e-06
0.106046	0.000171841854629989	1.84954060751192e-06
0.106566	0.000172338300606378	1.8107369509577e-06
0.107086	0.000166490884653145	1.85086418338308e-06
0.107605	0.000158854606916852	1.82189411738441e-06
0.108125	0.000161509793952908	1.80592831727717e-06
0.108645	0.000159145186799935	1.81924341213166e-06
0.109165	0.000159281032443055	1.81360858234428e-06
0.109684	0.000157346719055348	1.78878170352746e-06
0.110204	0.00016054015729441	1.79663967988735e-06
0.110724	0.000161366528353125	1.79126538916169e-06
0.111243	0.00016193410226737	1.79140904926383e-06
0.111763	0.000159867875904705	1.80434436495975e-06
0.112283	0.000164969052974819	1.76442536334793e-06
0.112802	0.000163139643976109	1.7707650457007e-06
0.113322	0.00016118263798398	1.78414716535217e-06
0.113842	0.000163345705994265	1.76621648369617e-06
0.114362	0.000167336732612292	1.76522392338951e-06
0.114881	0.000170648222974397	1.75888968945854e-06
0.115401	0.000178264896013451	1.74118204829698e-06
0.115921	0.000176975799969552	1.77113494267387e-06
0.11644	0.000180035801660651	1.73593925317012e-06
0.11696	0.000175844706761715	1.75904559091407e-06
0.11748	0.000178285241741541	1.7414855295898e-06
0.117999	0.000179978679415302	1.74513645438698e-06
0.118519	0.000186964247863805	1.72325393796646e-06
0.119039	0.000186778848138137	1.69913527243307e-06
0.119558	0.000184380720308901	1.75590359251805e-06
0.120078	0.000179649957807511	1.73158615575979e-06
0.120598	0.000174617550525297	1.72554921151611e-06
0.121117	0.000175706605878722	1.71328904229478e-06
0.121637	0.000175944374878979	1.68952797116446e-06
0.122157	0.000169580761463144	1.72816045798205e-06
0.122676	0.000167631041401803	1.70506607034252e-06
0.123196	0.000164071379681228	1.6813963314395e-06
0.123716	0.000159177006032761	1.72092035396114e-06
0.124235	0.000155587662363858	1.67262479647975e-06
0.124755	0.000149328474125969	1.71400229225246e-06
0.125275	0.000144910078438015	1.6541548593001e-06
0.125794	0.000140520161463188	1.66457034600291e-06
0.126314	0.000137874467056519	1.68287588140182e-06
0.126833	0.000135550653670054	1.66057843613994e-06
0.127353	0.000125443039623493	1.69390251647904e-06
0.127873	0.000122738122584442	1.62628875947674e-06
0.128392	0.000121541754559692	1.66292057122581e-06
0.128912	0.000114900464404866	1.67114073021609e-06
0.129432	0.00010859840062874	1.65164342077674e-06
0.129951	0.00011044923922411	1.65785396529424e-06
0.130471	0.000108443534615951	1.63190083988461e-06
0.130991	0.000106455843113713	1.64293760407905e-06
0.13151	0.000107161091374506	1.63587258182097e-06
0.13203	0.000108404406223376	1.62375742589831e-06
0.132549	0.000107468130690238	1.61926618382582e-06
0.133069	0.000104271025578503	1.63307536458518e-06
0.133589	0.000104875246326123	1.63527706656326e-06
0.134108	0.000108761223281239	1.60177475411336e-06
0.134628	0.000110970793046515	1.62052475287758e-06
0.135147	0.000112722470988293	1.61065134246183e-06
0.135667	0.000113792906104146	1.6104006989925e-06
0.136187	0.000113421288233294	1.60931321103493e-06
0.136706	0.000112519899635307	1.60313182413486e-06
0.137226	0.0001156166545167	1.61141458355165e-06
0.137745	0.000119931028463547	1.58128733224633e-06
0.138265	0.000126558370513182	1.59873584266186e-06
0.138785	0.000124635665319798	1.60169347539861e-06
0.139304	0.000130293906813672	1.57837561201212e-06
0.139824	0.000136855535772568	1.59607915864571e-06
0.140343	0.000138775572062081	1.59033460633495e-06
0.140863	0.000141039970751516	1.57212973198789e-06
0.141383	0.000139678444852256	1.57313991332406e-06
0.141902	0.00014520218991973	1.58219776671381e-06
0.142422	0.000146829428436218	1.59149890674262e-06
0.142941	0.000152005634766813	1.55461891608659e-06
0.143461	0.000151761294861609	1.5745461933191e-06
0.14398	0.00015004187173072	1.55812423752459e-06
0.1445	0.000156947284088437	1.56852836371899e-06
0.14502	0.000157787077773141	1.56298568265903e-06
0.145539	0.000157169913457571	1.54770061826023e-06
0.146059	0.000158785984614668	1.56511613328491e-06
0.146578	0.000156724503087571	1.55079236968699e-06
0.147098	0.000155253118848702	1.5530552830782e-06
0.147617	0.00015868206990575	1.53264902459497e-06
0.148137	0.00015944166145425	1.53985886388111e-06
0.148656	0.00015591604696328	1.55543045945918e-06
0.149176	0.000153747681748197	1.5322437315213e-06
0.149696	0.000149582014082845	1.53704091789847e-06
0.150215	0.000149958467500192	1.52480189805019e-06
0.150735	0.000148009078501117	1.51288788502148e-06
0.151254	0.000148927421257322	1.55829121618325e-06
0.151774	0.000147012476945137	1.49364456221229e-06
0.152293	0.000144037965090677	1.52223906764699e-06
0.152813	0.000139947907830178	1.51710556679952e-06
0.153332	0.000134149967784089	1.52111249045689e-06
0.153852	0.00013168829584147	1.5017243048742e-06
0.154371	0.000131371214484944	1.49882097035516e-06
0.154891	0.000127013957152537	1.52232303542854e-06
0.15541	0.000122914042358474	1.50615682841719e-06
0.15593	0.000120446550460944	1.50063535033357e-06
0.156449	0.000120100309596381	1.49847065078417e-06
0.156969	0.00011920469174322	1.47299789912067e-06
0.157488	0.000119469506727494	1.50531347367692e-06
0.158008	0.000117235290376122	1.49343687431577e-06
0.158527	0.000116271419776185	1.46710437668249e-06
0.159047	0.000114186757499359	1.49160005345849e-06
0.159566	0.000114059477675687	1.47477344399311e-06
0.160086	0.000111280674217945	1.49149493257224e-06
0.160605	0.000110739592720171	1.44221788141918e-06
0.161125	0.000108302740877536	1.48098080629139e-06
0.161644	0.000112043093703894	1.46715066132991e-06
0.162164	0.000107249010176455	1.47607498014057e-06
0.162683	0.000105119751977684	1.46437149621762e-06
0.163203	0.000104661350453698	1.44121643906842e-06
0.163722	0.000103454796318721	1.45978525861021e-06
0.164242	9.95644804680732e-05	1.46270862912477e-06
0.164761	9.51559994595852e-05	1.45203863213025e-06
0.165281	9.65058956842572e-05	1.44384038587975e-06
0.1658	9.89603706949853e-05	1.45284777207198e-06
0.166319	9.74975422770501e-05	1.45448692564931e-06
0.166839	9.37964780507426e-05	1.44360687149722e-06
0.167358	9.46594426694247e-05	1.42901660008465e-06
0.167878	9.09701046609382e-05	1.43454767633771e-06
0.168397	8.77637829657264e-05	1.45065392356059e-06
0.168917	8.23175481387251e-05	1.42772814761268e-06
0.169436	8.22853437854887e-05	1.42690887442143e-06
0.169956	7.85255516603026e-05	1.41893113561376e-06
0.170475	8.0627104859039e-05	1.41859946136829e-06
0.170994	8.24699585670779e-05	1.43490561907654e-06
0.171514	7.4416244550892e-05	1.41681701372029e-06
0.172033	7.25349390435113e-05	1.42881958580369e-06
0.172553	7.05162573713274e-05	1.42482373882748e-06
0.173072	6.9097855851561e-05	1.39024275914164e-06
0.173592	6.5245906021435e-05	1.41793893264651e-06
0.174111	6.39964723507711e-05	1.40265346078225e-06
0.17463	6.2301483299473e-05	1.41252302941688e-06
0.17515	5.82032772708473e-05	1.41831123107094e-06
0.175669	5.6597158772102e-05	1.3755748440452e-06
0.176189	5.65715270457521e-05	1.40176334068022e-06
0.176708	5.17954971855112e-05	1.38254498877779e-06
0.177227	4.86421792544442e-05	1.39881162945839e-06
0.177747	4.64043606809158e-05	1.40377787426833e-06
0.178266	4.68322972163901e-05	1.36651922209041e-06
0.178786	4.60519736260466e-05	1.40347121323643e-06
0.179305	4.47648459367853e-05	1.36930647032233e-06
0.179824	4.64867114087111e-05	1.38953929575176e-06
0.180344	4.75349249325571e-05	1.37588516882545e-06
0.180863	4.25824625012396e-05	1.37972337962281e-06
0.181383	4.2954955208665e-05	1.38760577826518e-06
0.181902	4.69868039677682e-05	1.36495322212962e-06
0.182421	4.78509724080964e-05	1.36357048799101e-06
0.182941	4.69519403765335e-05	1.36544676876473e-06
0.18346	3.91690669953924e-05	1.36297441782831e-06
0.183979	3.89130340738186e-05	1.37829595544557e-06
0.184499	3.66474019934102e-05	1.34984512057669e-06
0.185018	4.25542157348547e-05	1.37280118013008e-06
0.185537	4.1227336507025e-05	1.34391054319295e-06
0.186057	4.53304328528216e-05	1.36428897034187e-06
0.186576	4.29468128576244e-05	1.36565993316546e-06
0.187095	3.94449379004568e-05	1.3395613649694e-06
0.187615	4.44958528893458e-05	1.36368243727669e-06
0.188134	4.5408029779525e-05	1.34098402553362e-06
0.188653	4.67478742480524e-05	1.36062644070236e-06
0.189173	4.74060963533492e-05	1.33227827844614e-06
0.189692	4.52156992297777e-05	1.33911416030839e-06
0.190211	4.33273163366517e-05	1.34063268569235e-06
0.190731	4.75461551327004e-05	1.34480648290419e-06
0.19125	4.69885439308431e-05	1.33708997711763e-06
0.191769	4.1803758556573e-05	1.3275799560627e-06
0.192289	4.40467068758956e-05	1.3359718946996e-06
0.192808	4.33584934747533e-05	1.33827910000074e-06
0.193327	4.43859295139973e-05	1.33333465344579e-06
0.193847	4.46775442024068e-05	1.32974809083796e-06
0.194366	4.46939438830077e-05	1.31328952579277e-06
0.194885	4.51742955785454e-05	1.33271727462603e-06
0.195405	4.64146370346274e-05	1.32866553490633e-06
0.195924	4.21430431832958e-05	1.31374010683315e-06
0.196443	4.28987701208364e-05	1.32613757634063e-06
0.196962	4.47086725292869e-05	1.31299420140602e-06
0.197482	4.54137012763374e-05	1.33069897944487e-06
0.198001	4.27114082793081e-05	1.30294723805118e-06
0.19852	4.12151571716755e-05	1.30891699124181e-06
0.199039	4.58609516411574e-05	1.31350234286258e-06
0.199559	3.88433488464352e-05	1.30936685965909e-06
0.200078	4.11688123268289e-05	1.30964038224847e-06
0.200597	4.17682221151839e-05	1.29556987325801e-06
0.201117	4.02649099742573e-05	1.3133958458448e-06
0.201636	4.00322920604307e-05	1.29999851238916e-06
0.202155	3.52122210296542e-05	1.2965259167014e-06
0.202674	3.53945572775546e-05	1.30392304898713e-06
0.203194	3.55463633321068e-05	1.28868357791035e-06
0.203713	3.61963328643215e-05	1.30757267498121e-06
0.204232	3.71017159829215e-05	1.2895550628655e-06
0.204751	3.54426732799558e-05	1.28023758410267e-06
0.20527	3.78936808988666e-05	1.30363395350315e-06
0.20579	3.883084294336e-05	1.28525340843113e-06
0.206309	3.61245980665191e-05	1.30294256503766e-06
0.206828	3.69876203570093e-05	1.26754528678242e-06
0.207347	3.86991703548315e-05	1.2867663102283e-06
0.207867	3.92719697322643e-05	1.28720542985197e-06
0.208386	3.98687231193187e-05	1.27102097649501e-06
0.208905	3.75162742336454e-05	1.28931780416251e-06
0.209424	3.53934611687561e-05	1.27072647245355e-06
0.209943	3.49739182117156e-05	1.28513459695575e-06
0.210463	3.78531273454027e-05	1.28119060780574e-06
0.210982	3.79173672018303e-05	1.26303837730167e-06
0.211501	3.84315401911225e-05	1.28392609557643e-06
0.21202	3.91598606536317e-05	1.26296288682557e-06
0.212539	4.23424996714797e-05	1.28085477163925e-06
0.213058	4.26972548922752e-05	1.26559159176496e-06
0.213578	4.28215214166952e-05	1.25787268316958e-06
0.214097	4.17029260235862e-05	1.26615112554293e-06
0.214616	4.02164422348113e-05	1.26522678948346e-06
0.215135	4.27686775987615e-05	1.26708588158119e-06
0.215654	4.17715632098669e-05	1.24556465854239e-06
0.216173	4.35121651625272e-05	1.26744072061257e-06
0.216693	4.21808650890635e-05	1.26419212707875e-06
0.217212	3.84156857513147e-05	1.2674949937829e-06
0.217731	4.30871510040064e-05	1.24540979234278e-06
0.21825	4.42047335049058e-05	1.24892074305325e-06
0.218769	4.43833669262297e-05	1.25025276495343e-06
0.219288	4.36466294311078e-05	1.24381364239177e-06
0.219807	4.15638154538016e-05	1.25100755254024e-06
0.220327	4.09695614541591e-05	1.24515246049318e-06
0.220846	4.12641637951257e-05	1.24120078732982e-06
0.221365	3.76880626987985e-05	1.24884976112534e-06
0.221884	4.11480030613448e-05	1.23459365438578e-06
0.222403	3.9693758469834e-05	1.23804449813528e-06
0.222922	4.06188404094153e-05	1.2415023435183e-06
0.223441	4.04412208828847e-05	1.24650785759147e-06
0.22396	3.75052239272385e-05	1.24240046562553e-06
0.22448	3.40030586235679e-05	1.21571850258773e-06
0.224999	3.6239513620023e-05	1.23740958713249e-06
0.225518	3.95227895961545e-05	1.2238943782724e-06
0.226037	3.70551382748363e-05	1.23804762129595e-06
0.226556	3.62844645280754e-05	1.22908734244242e-06
0.227075	3.50500610693887e-05	1.21908457295557e-06
0.227594	3.39859896952041e-05	1.22685481133923e-06
0.228113	3.79397247669436e-05	1.21392069596023e-06
0.228632	3.34547965636384e-05	1.22383174137289e-06
0.229151	3.36998382380568e-05	1.22148014874645e-06
0.22967	3.33144467702157e-05	1.22099953223208e-06
0.230189	3.17251751804485e-05	1.23040153489289e-06
0.230708	2.99914843423952e-05	1.20036652839437e-06
0.231227	2.87378543327207e-05	1.21755621835849e-06
0.231747	2.66673077719654e-05	1.20875960805181e-06
0.232266	2.89533885586811e-05	1.21275417878507e-06
0.232785	2.83736549872673e-05	1.22900219400019e-06
0.233304	2.97388935734388e-05	1.19141575934735e-06
0.233823	3.03228874083421e-05	1.20233937645511e-06
0.234342	3.13050448371651e-05	1.20286615074559e-06
0.234861	2.84682445801695e-05	1.20801146445456e-06
0.23538	2.65989181699271e-05	1.20655739114421e-06
0.235899	2.8262325022468e-05	1.19715921843121e-06
0.236418	3.23165580981841e-05	1.20914593728019e-06
0.236937	2.9279027340088e-05	1.18942294306562e-06
0.237456	2.78142583592105e-05	1.19290206944821e-06
0.237975	2.70133877741168e-05	1.19768467846107e-06
0.238494	2.89095335228653e-05	1.19451039841758e-06
0.239013	2.70914788552833e-05	1.20571008613217e-06
0.239532	2.66307780033557e-05	1.18477869967052e-06
0.240051	2.56950952613882e-05	1.19608398507778e-06
0.24057	2.97501307810972e-05	1.18241191754814e-06
0.241089	3.25762281401666e-05	1.18756514226381e-06
0.241608	3.02693071670985e-05	1.18781287888951e-06
0.242127	3.02157946594139e-05	1.17853764835588e-06
0.242646	3.04716498735287e-05	1.19540369248105e-06
0.243165	3.16626820502201e-05	1.18087556728678e-06
0.243684	3.6157625258094e-05	1.18096870695976e-06
0.244202	3.56769250106494e-05	1.17443690551063e-06
0.244721	3.56719071681643e-05	1.17707478466927e-06
0.24524	3.2236901278905e-05	1.18661765538762e-06
0.245759	3.34113395955122e-05	1.18027294557545e-06
0.246278	3.17904810319257e-05	1.16825128805511e-06
0.246797	3.34959775391654e-05	1.16857613336169e-06
0.247316	3.22938641249822e-05	1.18227811903289e-06
0.247835	3.29529576933117e-05	1.18296875830769e-06
0.248354	3.20291286236357e-05	1.16017064903221e-06
0.248873	3.2308054483877e-05	1.17378284608099e-06
0.249392	2.9464406745948e-05	1.16430785364642e-06
0.249911	3.17703977659439e-05	1.16932051867994e-06
0.25043	2.99147830297192e-05	1.16079091024414e-06
0.250949	2.87509025137026e-05	1.16087082502132e-06
0.251467	2.87572333283078e-05	1.17598572057481e-06
0.251986	2.94228485045542e-05	1.15373210356943e-06
0.252505	2.82617220064188e-05	1.1778379488511e-06
0.253024	3.19451442337849e-05	1.151384061884e-06
0.253543	3.31632468685151e-05	1.17052260479262e-06
0.254062	2.93823591901107e-05	1.19096544898962e-06
0.254581	2.51141604171673e-05	1.18169508857009e-06
0.2551	2.41562074051837e-05	1.18534619534478e-06
0.255618	2.44845655463508e-05	1.1799266903902e-06
0.256137	2.72535910585943e-05	1.18026751003481e-06
0.256656	3.15956470013266e-05	1.1934774099868e-06
0.257175	3.12861579087936e-05	1.17150682968907e-06
0.257694	3.32624042611183e-05	1.19969110579431e-06
0.258213	3.27400123722292e-05	1.1791160278475e-06
0.258732	2.62590028660644e-05	1.19257290324526e-06
0.25925	2.58237371162232e-05	1.19172774617205e-06
0.259769	2.79058855521448e-05	1.18114325340579e-06
0.260288	2.48499100416744e-05	1.20217813194321e-06
0.260807	2.41143404879917e-05	1.19004915504246e-06
0.261326	2.41814754722701e-05	1.19884369959763e-06
0.261844	2.29375377490363e-05	1.18449750021473e-06
0.262363	2.40565809435148e-05	1.18724815262192e-06
0.262882	2.87861140048698e-05	1.19665598068845e-06
0.263401	2.33028873297359e-05	1.18812874154168e-06
0.26392	2.07998086790033e-05	1.2131833949508e-06
0.264438	2.47567476440466e-05	1.21523917195666e-06
0.264957	2.72872962340971e-05	1.22311288208626e-06
0.265476	2.75428492631069e-05	1.21692286869087e-06
0.265995	2.6550295628972e-05	1.21705527944067e-06
0.266514	2.68465349851665e-05	1.24202976305201e-06
0.267032	2.66902242543384e-05	1.24367488158265e-06
0.267551	2.3945182443265e-05	1.26300667184307e-06
0.26807	2.54683933994873e-05	1.25674699548898e-06
0.268589	2.46859939914644e-05	1.26783288697133e-06
0.269107	2.7644477925693e-05	1.27982499549131e-06
0.269626	2.88249090183313e-05	1.27689923458168e-06
0.270145	2.68567777103709e-05	1.29383938176358e-06
0.270664	2.61863571583173e-05	1.27745742430684e-06
0.271182	2.67751623280001e-05	1.30567032573475e-06
0.271701	2.67398781406496e-05	1.29633952065502e-06
0.27222	2.62799432492657e-05	1.30971217918103e-06
0.272739	2.24387294347978e-05	1.30373281338734e-06
0.273257	2.64074961135279e-05	1.31543484212774e-06
0.273776	2.33791360021002e-05	1.32464106609383e-06
0.274295	2.10246988111783e-05	1.31995472138498e-06
0.274813	2.56283856003726e-05	1.32559326507286e-06
0.275332	2.58999261761529e-05	1.32870142037377e-06
0.275851	2.73951630273268e-05	1.32046916212205e-06
0.276369	2.73117037250603e-05	1.35782810974796e-06
0.276888	2.74535970250214e-05	1.32383731648729e-06
0.277407	2.55502407653177e-05	1.35748166359556e-06
0.277925	2.41878172410155e-05	1.37490512917125e-06
0.278444	1.96880333960155e-05	1.37179336210282e-06
0.278963	2.60851874178581e-05	1.41472072447791e-06
0.279481	2.45871007767298e-05	1.37227799835296e-06
0.28	2.18319864624809e-05	1.42515100317051e-06
0.280519	2.4395340903401e-05	1.41269801718304e-06
0.281037	3.9915281152759e-05	1.43285251191841e-06
0.281556	0.000361314166322435	1.4725893715085e-06
0.282075	6.99113244529172e-05	1.42931022752551e-06
0.282593	2.52111577021541e-05	1.46235464259728e-06
0.283112	2.31671657538852e-05	1.44277789686565e-06
0.283631	2.22270203832813e-05	1.44216778711447e-06
0.284149	2.21260861130064e-05	1.48542284681124e-06
0.284668	2.33670263404652e-05	1.44218877016732e-06
0.285186	2.33666314174792e-05	1.48922880116696e-06
0.285705	2.67796863600068e-05	1.44989660492355e-06
0.286224	2.75509731427796e-05	1.41820229232465e-06
0.286742	2.28694601046404e-05	1.37992293640988e-06
0.287261	2.28209459516551e-05	1.33282983361141e-06
0.287779	1.82882639091417e-05	1.3398646043566e-06
0.288298	1.22516619462138e-05	1.23293671072595e-06
0.288817	1.29134454104683e-05	1.17386332976785e-06
0.289335	1.20715123031904e-05	1.05495322672721e-06
0.289854	1.06884131173241e-05	9.50745159033184e-07
0.290372	7.00538954401849e-06	9.01787312052866e-07
0.290891	9.65121077517862e-06	8.51274374316008e-07
0.291409	7.28042655874359e-06	7.39154384702145e-07
0.291928	4.47614236748445e-06	4.57040595541396e-07
0.292447	1.71376661938976e-06	3.38555557987515e-07
0.292965	1.9976347717454e-06	3.31367607046551e-07
0.293484	3.82562825497033e-06	3.24609717514145e-07
0.294002	3.00862128009606e-06	3.26700248936071e-07
0.294521	2.0862946458423e-06	3.23114833973115e-07
0.295039	3.60411814850822e-06	3.19720683711211e-07
0.295558	2.2454722099718e-06	3.22372924995721e-07
0.296076	1.68020361353064e-06	3.27738444090768e-07
0.296595	4.80932317882973e-06	3.24085346067922e-07
0.297113	1.8255561868e-06	3.28816996369352e-07
0.297632	2.54409869940285e-06	3.32574197724416e-07
0.29815	2.29468078684068e-06	3.40566827919372e-07
0.298669	8.69961962584319e-06	3.72168145268153e-07
0.299187	1.60745286551586e-05	4.42631030179144e-07
0.299706	2.63732996374751e-05	5.21049390802821e-07
0.300224	1.44431607358619e-05	4.58123506650246e-07
0.300743	6.90428991973103e-06	3.7832870155587e-07
0.301261	4.5825595549495e-06	3.51705925488397e-07
0.30178	2.78649075772983e-06	3.38082446458498e-07
0.302298	2.09959369100681e-06	3.36219287193427e-07
0.302816	2.654281123054e-06	3.39377367769089e-07
0.303335	3.34186496587216e-06	3.34562393542516e-07
0.303853	2.51630387187378e-06	3.40818200793982e-07
0.304372	1.08296756124875e-06	3.38640060449639e-07
0.30489	-1.95795544564287e-09	3.4683638310264e-07
0.305409	2.3913761719528e-06	3.44219507630161e-07
0.305927	1.98542835930907e-06	3.35365641882044e-07
0.306445	9.61476192882577e-07	3.49507070241487e-07
0.306964	1.05284032725018e-06	3.41103290938728e-07
0.307482	1.80065546185708e-06	3.43160703361714e-07
0.308001	1.60363813262121e-06	3.44202398895226e-07
0.308519	6.87481615841909e-07	3.4726059205649e-07
0.309037	3.61866037912839e-06	3.5194034051923e-07
0.309556	2.53668626162807e-06	3.41297713783162e-07
0.310074	1.21068656534883e-06	3.49462850711006e-07
0.310593	1.01636362545117e-06	3.5013106411179e-07
0.311111	1.70863837028314e-06	3.52652379938716e-07
0.311629	1.41450588901382e-06	3.61014787299263e-07
0.312148	8.31576930854618e-07	3.48166754075016e-07
0.312666	3.44295952758321e-06	3.58786948829461e-07
0.313184	4.16965882019823e-06	3.58886019028337e-07
0.313703	1.18687149560369e-06	3.62963505927186e-07
0.314221	2.77875631464502e-06	3.6951136928425e-07
0.314739	2.94855949627814e-06	3.52270199670027e-07
0.315258	2.26075694556356e-06	3.68628755204964e-07
0.315776	2.22055008154604e-06	3.63470229688154e-07
0.316294	3.20411197637876e-06	3.66003087212541e-07
0.316813	1.32173146328462e-06	3.68708385390454e-07
0.317331	1.11636914933899e-06	3.6492853723118e-07
0.317849	2.50625132443086e-06	3.70031934590012e-07
0.318368	1.68293308199033e-06	3.65313744638914e-07
0.318886	1.50988763031739e-06	3.76647984875983e-07
0.319404	3.48673434107932e-06	3.66296178715749e-07
0.319922	5.28448410449457e-07	3.74075840238368e-07
0.320441	1.97038192884668e-06	3.77772906385144e-07
0.320959	6.13908193132348e-07	3.71303808191568e-07
0.321477	1.11927768102641e-06	3.79223219861627e-07
0.321995	4.15613973130016e-07	3.70884574234073e-07
0.322514	-8.47893432063893e-07	3.86462590404478e-07
0.323032	-0.000129762860798986	5.98902472533158e-07
0.32355	-0.000270130788896637	7.71171018228259e-07
0.324068	-0.000193320938956943	6.93644620698399e-07
0.324587	-1.09778860780982e-06	3.81410908299143e-07
0.325105	-8.97517619330558e-07	3.9494722900459e-07
0.325623	2.70248470057163e-06	3.8611242622931e-07
0.326141	1.18135072747652e-06	3.91269363750693e-07
0.32666	-9.70160413014834e-07	4.01176138172907e-07
0.327178	1.8488796946107e-06	3.82134419127469e-07
0.327696	8.29163902489591e-08	4.03480674201448e-07
0.328214	-5.18151277481045e-07	3.96996942064023e-07
0.328732	-4.81924933953407e-07	4.02885411828084e-07
0.32925	2.50078483444842e-06	4.00883440945614e-07
0.329769	2.11995770981246e-06	3.95544710318953e-07
0.330287	-1.40625681074719e-06	4.19103139277788e-07
0.330805	1.0951262095244e-06	3.96880844480989e-07
0.331323	4.9887282944031e-07	4.10237214871315e-07
0.331841	2.83950759435773e-06	4.05917498810899e-07
0.332359	-3.84493574137028e-07	4.04066746319455e-07
0.332878	2.93305114132312e-06	4.28170434614188e-07
0.333396	5.40055274021483e-07	3.99617093821216e-07
0.333914	-3.35742093556435e-07	4.22007082126505e-07
0.334432	7.46788223961256e-07	4.14041626024284e-07
0.33495	8.25482118232543e-07	4.1901218956287e-07
0.335468	9.0643044290702e-09	4.38818552713745e-07
0.335986	1.1736052540708e-07	4.1244423009235e-07
0.336504	1.33940053198025e-06	4.37531839096822e-07
0.337023	-1.54146204107197e-07	4.2526129905524e-07
0.337541	-2.20242599202731e-07	4.38637531626675e-07
0.338059	1.1584646945465e-06	4.41548837595957e-07
0.338577	2.32019309957581e-06	4.34480469734345e-07
0.339095	2.50589014116043e-06	4.52106399324542e-07
0.339613	3.00500728993684e-06	4.32543843568923e-07
0.340131	1.57197362684564e-06	4.51209317276208e-07
0.340649	2.12288138982391e-06	4.49815584511687e-07
0.341167	1.42590708214265e-06	4.46434161826747e-07
0.341685	1.20701565513866e-07	4.74791092658238e-07
0.342203	9.20163084609251e-07	4.35794851137868e-07
0.342721	1.53749864937066e-06	4.66965865295972e-07
0.343239	9.15094070529714e-07	4.5508507522185e-07
0.343757	1.65546283855706e-06	4.73676224419181e-07
0.344275	1.05524800502737e-07	4.72155582082243e-07
0.344793	-2.36860550784885e-06	4.66194556757159e-07
0.345311	4.00013047769522e-06	4.76986159012002e-07
0.345829	1.26883171494933e-07	4.60787627352587e-07
0.346347	2.59808196486651e-06	4.86452817407962e-07
0.346865	4.2883551751974e-06	4.82243200288267e-07
0.347383	2.45819327238389e-06	4.91977546132217e-07
0.347901	-2.36060787357199e-07	5.11102037339408e-07
0.348419	6.99506121236414e-07	4.82093424771125e-07
0.348937	5.04778561671005e-07	5.09108800726758e-07
0.349455	-2.48119264673839e-06	4.89571300025559e-07
0.349973	2.02930554467178e-06	5.13540136973073e-07
0.350491	1.4098012078697e-06	5.32597463965156e-07
0.351009	5.60038783909137e-07	4.97612024983569e-07
0.351527	1.6682385720446e-06	5.44174994375714e-07
0.352045	3.96451303450966e-06	5.12764340951198e-07
0.352563	4.22947814146555e-07	5.35717382968664e-07
0.353081	-4.22344675255355e-07	5.35059360052634e-07
0.353599	-1.95169249150656e-06	5.35085512796613e-07
0.354117	6.74560583697523e-06	5.56673794060597e-07
0.354635	2.65706996646575e-07	5.30466502641942e-07
0.355153	-6.80709497178486e-06	5.8973228967304e-07
0.355671	-1.91644340632752e-06	5.54979028696426e-07
0.356188	2.87236994749277e-06	5.85710556740827e-07
0.356706	2.8901614919193e-06	6.30865397446862e-07
0.357224	4.956368524629e-06	5.66013785868831e-07
0.357742	6.56950190643515e-07	6.49606090003195e-07
0.35826	1.1688465001726e-07	6.18870602895319e-07
0.358778	7.04801891756432e-07	6.55720999507645e-07
0.359296	3.38668175514063e-06	6.26792993095908e-07
0.359814	4.82385017106965e-06	5.94005609913434e-07
0.360331	6.50263162192691e-06	6.56467370044566e-07
0.360849	2.65652898123555e-06	6.19042773808293e-07
0.361367	-2.04117760199973e-06	6.90432451810918e-07
0.361885	-5.66687299735761e-06	6.4338299434551e-07
0.362403	-7.44534919480284e-07	6.71809041629863e-07
0.362921	-7.03100427244195e-07	7.16982612937932e-07
0.363438	-8.60115298126984e-07	6.82789518416738e-07
0.363956	-3.81078405412659e-06	7.56428034102934e-07
0.364474	-3.14448675173482e-06	7.36176958047472e-07
0.364992	-1.48219551352897e-06	7.41833226132116e-07
0.36551	-3.09089136283245e-06	7.78471434935776e-07
0.366027	-1.96440154494815e-06	7.31152570172486e-07
0.366545	3.82463298959463e-07	8.05999830138654e-07
0.367063	1.30458805962393e-08	7.40661247823363e-07
0.367581	-4.38784639420449e-06	8.49462693119456e-07
0.368098	-4.5206331065104e-06	7.85812287435756e-07
0.368616	-4.99008935237422e-06	8.16244154338978e-07
0.369134	-3.51632640015533e-06	8.73649975575051e-07
0.369652	-1.63669949264712e-05	8.29770259446834e-07
0.370169	-1.60281142313778e-05	9.37103085969949e-07
0.370687	1.5363551783966e-06	8.06118605862423e-07
0.371205	-9.49675242320961e-07	8.95468696311402e-07
0.371722	-5.40269961873145e-06	9.25030474680704e-07
0.37224	-3.75037810000169e-07	7.66928228803862e-07
0.372758	-5.32165256258155e-06	1.08714337613893e-06
0.373276	9.25049562978107e-07	9.52609088754357e-07
0.373793	-5.27341240532909e-06	1.11106156877404e-06
0.374311	-1.90584495066413e-06	1.01162803072797e-06
0.374829	2.01213099224288e-07	1.06210966234493e-06
0.375346	-1.39584808368508e-05	1.19375860905793e-06
0.375864	1.38679902334446e-06	9.86853969594311e-07
0.376382	-2.00149073756299e-06	1.08625122446304e-06
0.376899	-1.37514475036325e-06	1.24722713712703e-06
0.377417	-3.44892473778344e-06	1.2392339303869e-06
0.377935	-2.59988055948047e-06	1.40636659400241e-06
0.378452	-3.58124964740131e-06	1.31050074002149e-06
0.37897	-1.72195831628794e-05	1.60280361038252e-06
0.379487	-4.2747340936451e-06	1.87677666994682e-06
0.380005	-3.84427787627579e-06	1.45587865585143e-06
0.380523	-1.53542967679416e-06	1.61950024654978e-06
0.38104	NAN	NAN
0.381558	NAN	NAN
0.382075	NAN	NAN
0.382593	NAN	NAN
0.383111	NAN	NAN
