 Merge of: mcut.dat                                                                                                                                                                                                                                             
mcut.dat      Conc = .10E+01  Mult = .10E+01  N1 =   27  N2 = 1284  SCALE =  1
 0.119172E+00  0.684030E+03  0.237447E+02
 0.121489E+00  0.671843E+03  0.211023E+02
 0.123806E+00  0.668989E+03  0.201250E+02
 0.126123E+00  0.674996E+03  0.189387E+02
 0.128441E+00  0.678969E+03  0.180684E+02
 0.130758E+00  0.679486E+03  0.174051E+02
 0.133075E+00  0.680311E+03  0.166301E+02
 0.135392E+00  0.681782E+03  0.159244E+02
 0.137709E+00  0.675890E+03  0.150677E+02
 0.140026E+00  0.674421E+03  0.143774E+02
 0.142343E+00  0.670491E+03  0.138763E+02
 0.144660E+00  0.658675E+03  0.133762E+02
 0.146977E+00  0.646905E+03  0.128856E+02
 0.149294E+00  0.652329E+03  0.122761E+02
 0.151611E+00  0.660865E+03  0.118741E+02
 0.153928E+00  0.655757E+03  0.114540E+02
 0.156245E+00  0.644964E+03  0.109812E+02
 0.158562E+00  0.639543E+03  0.106211E+02
 0.160879E+00  0.632566E+03  0.102858E+02
 0.163196E+00  0.629089E+03  0.998650E+01
 0.165513E+00  0.628511E+03  0.958989E+01
 0.167830E+00  0.629459E+03  0.926424E+01
 0.170147E+00  0.625924E+03  0.899996E+01
 0.172464E+00  0.628076E+03  0.874089E+01
 0.174781E+00  0.640935E+03  0.850554E+01
 0.177098E+00  0.635944E+03  0.820796E+01
 0.179415E+00  0.621418E+03  0.799361E+01
 0.181732E+00  0.610407E+03  0.776994E+01
 0.184049E+00  0.603932E+03  0.755383E+01
 0.186366E+00  0.597947E+03  0.736314E+01
 0.188683E+00  0.593350E+03  0.715442E+01
 0.191000E+00  0.589581E+03  0.700853E+01
 0.193317E+00  0.582564E+03  0.680928E+01
 0.195634E+00  0.583431E+03  0.662354E+01
 0.197951E+00  0.583374E+03  0.647218E+01
 0.200268E+00  0.578351E+03  0.634100E+01
 0.202585E+00  0.568278E+03  0.624386E+01
 0.204902E+00  0.563283E+03  0.607519E+01
 0.207219E+00  0.561078E+03  0.597026E+01
 0.209536E+00  0.557915E+03  0.586019E+01
 0.211853E+00  0.558297E+03  0.574159E+01
 0.214170E+00  0.556213E+03  0.563508E+01
 0.216487E+00  0.553558E+03  0.548886E+01
 0.218804E+00  0.548686E+03  0.541003E+01
 0.221121E+00  0.543250E+03  0.531847E+01
 0.223438E+00  0.537934E+03  0.522375E+01
 0.225755E+00  0.534075E+03  0.512606E+01
 0.228072E+00  0.531126E+03  0.502307E+01
 0.230389E+00  0.528499E+03  0.497091E+01
 0.232706E+00  0.527284E+03  0.489107E+01
 0.235023E+00  0.524519E+03  0.481031E+01
 0.237341E+00  0.517961E+03  0.472841E+01
 0.239658E+00  0.515356E+03  0.465944E+01
 0.241975E+00  0.514615E+03  0.463499E+01
 0.244292E+00  0.509711E+03  0.454318E+01
 0.246609E+00  0.504289E+03  0.448460E+01
 0.248926E+00  0.499447E+03  0.442233E+01
 0.251243E+00  0.494659E+03  0.434137E+01
 0.253560E+00  0.491382E+03  0.429401E+01
 0.255877E+00  0.488550E+03  0.423452E+01
 0.258194E+00  0.485444E+03  0.419215E+01
 0.260511E+00  0.481894E+03  0.414484E+01
 0.262828E+00  0.479186E+03  0.409759E+01
 0.265145E+00  0.477082E+03  0.403101E+01
 0.267462E+00  0.472772E+03  0.398137E+01
 0.269779E+00  0.467770E+03  0.395858E+01
 0.272096E+00  0.465928E+03  0.391912E+01
 0.274413E+00  0.463686E+03  0.386904E+01
 0.276730E+00  0.460772E+03  0.382388E+01
 0.279047E+00  0.458614E+03  0.378061E+01
 0.281364E+00  0.456438E+03  0.374673E+01
 0.283681E+00  0.453535E+03  0.369141E+01
 0.285998E+00  0.449102E+03  0.366300E+01
 0.288315E+00  0.445183E+03  0.362237E+01
 0.290632E+00  0.441040E+03  0.358519E+01
 0.292949E+00  0.436372E+03  0.353919E+01
 0.295266E+00  0.431808E+03  0.348827E+01
 0.297583E+00  0.427176E+03  0.345803E+01
 0.299900E+00  0.424268E+03  0.341891E+01
 0.302217E+00  0.422218E+03  0.339178E+01
 0.304534E+00  0.420102E+03  0.336331E+01
 0.306851E+00  0.417247E+03  0.332851E+01
 0.309168E+00  0.415190E+03  0.329933E+01
 0.311485E+00  0.408989E+03  0.325421E+01
 0.313802E+00  0.401850E+03  0.321917E+01
 0.316119E+00  0.397457E+03  0.318332E+01
 0.318436E+00  0.395959E+03  0.316538E+01
 0.320753E+00  0.393001E+03  0.314866E+01
 0.323070E+00  0.390062E+03  0.310850E+01
 0.325387E+00  0.388314E+03  0.309541E+01
 0.327704E+00  0.385857E+03  0.306032E+01
 0.330021E+00  0.384590E+03  0.304140E+01
 0.332338E+00  0.380585E+03  0.301322E+01
 0.334655E+00  0.378318E+03  0.298002E+01
 0.336972E+00  0.375095E+03  0.295690E+01
 0.339289E+00  0.370618E+03  0.292544E+01
 0.341606E+00  0.365382E+03  0.291348E+01
 0.343923E+00  0.358375E+03  0.288186E+01
 0.346241E+00  0.352991E+03  0.285160E+01
 0.348558E+00  0.349351E+03  0.283485E+01
 0.350875E+00  0.346149E+03  0.279743E+01
 0.353192E+00  0.342481E+03  0.277835E+01
 0.355509E+00  0.339307E+03  0.275167E+01
 0.357826E+00  0.336293E+03  0.273822E+01
 0.360143E+00  0.334761E+03  0.272658E+01
 0.362460E+00  0.330554E+03  0.269577E+01
 0.364777E+00  0.327156E+03  0.267704E+01
 0.367094E+00  0.325619E+03  0.265122E+01
 0.369411E+00  0.323893E+03  0.262980E+01
 0.371728E+00  0.319689E+03  0.261214E+01
 0.374045E+00  0.314907E+03  0.259104E+01
 0.376362E+00  0.311479E+03  0.258056E+01
 0.378679E+00  0.309794E+03  0.255604E+01
 0.380996E+00  0.307759E+03  0.253723E+01
 0.383313E+00  0.304607E+03  0.251661E+01
 0.385630E+00  0.300072E+03  0.249699E+01
 0.387947E+00  0.296495E+03  0.248145E+01
 0.390264E+00  0.295120E+03  0.246087E+01
 0.392581E+00  0.294331E+03  0.244545E+01
 0.394898E+00  0.291117E+03  0.242831E+01
 0.397215E+00  0.286529E+03  0.241443E+01
 0.399532E+00  0.281674E+03  0.239528E+01
 0.401849E+00  0.278093E+03  0.236975E+01
 0.404166E+00  0.276793E+03  0.236186E+01
 0.406483E+00  0.274658E+03  0.234416E+01
 0.408800E+00  0.271844E+03  0.233129E+01
 0.411117E+00  0.270482E+03  0.231417E+01
 0.413434E+00  0.267612E+03  0.229603E+01
 0.415751E+00  0.262235E+03  0.228233E+01
 0.418068E+00  0.258612E+03  0.226731E+01
 0.420385E+00  0.256532E+03  0.225378E+01
 0.422702E+00  0.254916E+03  0.223506E+01
 0.425019E+00  0.252184E+03  0.221978E+01
 0.427336E+00  0.248131E+03  0.220398E+01
 0.429653E+00  0.244286E+03  0.218829E+01
 0.431970E+00  0.242186E+03  0.217624E+01
 0.434287E+00  0.239606E+03  0.216558E+01
 0.436604E+00  0.236859E+03  0.215456E+01
 0.438921E+00  0.233720E+03  0.213631E+01
 0.441238E+00  0.231243E+03  0.211970E+01
 0.443555E+00  0.228400E+03  0.210913E+01
 0.445872E+00  0.224960E+03  0.208806E+01
 0.448189E+00  0.222627E+03  0.208221E+01
 0.450506E+00  0.220872E+03  0.206305E+01
 0.452823E+00  0.218553E+03  0.205110E+01
 0.455140E+00  0.215294E+03  0.203873E+01
 0.457458E+00  0.213357E+03  0.202458E+01
 0.459775E+00  0.212092E+03  0.201590E+01
 0.462092E+00  0.209426E+03  0.200208E+01
 0.464409E+00  0.206454E+03  0.199697E+01
 0.466726E+00  0.203990E+03  0.198402E+01
 0.469043E+00  0.201143E+03  0.196382E+01
 0.471360E+00  0.198414E+03  0.195655E+01
 0.473677E+00  0.195839E+03  0.194429E+01
 0.475994E+00  0.193510E+03  0.194110E+01
 0.478311E+00  0.190649E+03  0.192233E+01
 0.480628E+00  0.189119E+03  0.190123E+01
 0.482945E+00  0.186503E+03  0.189503E+01
 0.485262E+00  0.182978E+03  0.188394E+01
 0.487579E+00  0.181777E+03  0.187930E+01
 0.489896E+00  0.179631E+03  0.186432E+01
 0.492213E+00  0.177117E+03  0.185542E+01
 0.494530E+00  0.174140E+03  0.184401E+01
 0.496847E+00  0.172963E+03  0.183258E+01
 0.499164E+00  0.171747E+03  0.182541E+01
 0.501481E+00  0.170141E+03  0.181384E+01
 0.503798E+00  0.167797E+03  0.180893E+01
 0.506115E+00  0.164083E+03  0.179845E+01
 0.508432E+00  0.161434E+03  0.178233E+01
 0.510749E+00  0.158689E+03  0.177441E+01
 0.513066E+00  0.155829E+03  0.176699E+01
 0.515383E+00  0.154176E+03  0.176460E+01
 0.517700E+00  0.153571E+03  0.175542E+01
 0.520017E+00  0.152981E+03  0.174057E+01
 0.522334E+00  0.151067E+03  0.173108E+01
 0.524651E+00  0.147808E+03  0.172095E+01
 0.526968E+00  0.144912E+03  0.171597E+01
 0.529285E+00  0.143253E+03  0.170548E+01
 0.531602E+00  0.143214E+03  0.170134E+01
 0.533919E+00  0.143514E+03  0.169598E+01
 0.536236E+00  0.142218E+03  0.168659E+01
 0.538553E+00  0.139511E+03  0.167781E+01
 0.540870E+00  0.136950E+03  0.166789E+01
 0.543187E+00  0.134778E+03  0.166545E+01
 0.545504E+00  0.133028E+03  0.165586E+01
 0.547821E+00  0.131716E+03  0.164584E+01
 0.550138E+00  0.130297E+03  0.163976E+01
 0.552455E+00  0.128304E+03  0.163269E+01
 0.554772E+00  0.126773E+03  0.162896E+01
 0.557089E+00  0.125354E+03  0.161817E+01
 0.559406E+00  0.122704E+03  0.161009E+01
 0.561723E+00  0.120119E+03  0.160680E+01
 0.564040E+00  0.117889E+03  0.159843E+01
 0.566358E+00  0.116957E+03  0.159444E+01
 0.568675E+00  0.115744E+03  0.158171E+01
 0.570992E+00  0.115000E+03  0.158107E+01
 0.573309E+00  0.114175E+03  0.157978E+01
 0.575626E+00  0.110527E+03  0.157102E+01
 0.577943E+00  0.108354E+03  0.156121E+01
 0.580260E+00  0.107853E+03  0.154777E+01
 0.582577E+00  0.107318E+03  0.154607E+01
 0.584894E+00  0.106528E+03  0.154267E+01
 0.587211E+00  0.104808E+03  0.153729E+01
 0.589528E+00  0.103065E+03  0.152945E+01
 0.591845E+00  0.102136E+03  0.152273E+01
 0.594162E+00  0.101356E+03  0.151879E+01
 0.596479E+00  0.100152E+03  0.150744E+01
 0.598796E+00  0.985065E+02  0.150303E+01
 0.601113E+00  0.970896E+02  0.150072E+01
 0.603430E+00  0.959471E+02  0.149680E+01
 0.605747E+00  0.953030E+02  0.149534E+01
 0.608064E+00  0.927459E+02  0.147963E+01
 0.610381E+00  0.909517E+02  0.147508E+01
 0.612698E+00  0.909403E+02  0.147264E+01
 0.615015E+00  0.905930E+02  0.146960E+01
 0.617332E+00  0.881727E+02  0.146223E+01
 0.619649E+00  0.874377E+02  0.145311E+01
 0.621966E+00  0.871066E+02  0.145180E+01
 0.624283E+00  0.859705E+02  0.144723E+01
 0.626600E+00  0.845015E+02  0.144405E+01
 0.628917E+00  0.828963E+02  0.143953E+01
 0.631234E+00  0.820275E+02  0.143439E+01
 0.633551E+00  0.800629E+02  0.142902E+01
 0.635868E+00  0.778582E+02  0.141733E+01
 0.638185E+00  0.771995E+02  0.141459E+01
 0.640502E+00  0.767917E+02  0.141364E+01
 0.642819E+00  0.758323E+02  0.140520E+01
 0.645136E+00  0.751125E+02  0.140141E+01
 0.647453E+00  0.747289E+02  0.139519E+01
 0.649770E+00  0.735265E+02  0.139081E+01
 0.652087E+00  0.719195E+02  0.138790E+01
 0.654404E+00  0.704924E+02  0.138671E+01
 0.656721E+00  0.695143E+02  0.138022E+01
 0.659038E+00  0.686763E+02  0.137267E+01
 0.661355E+00  0.668641E+02  0.136988E+01
 0.663672E+00  0.654875E+02  0.136588E+01
 0.665989E+00  0.659984E+02  0.136058E+01
 0.668306E+00  0.674020E+02  0.135887E+01
 0.670623E+00  0.674194E+02  0.135798E+01
 0.672940E+00  0.658037E+02  0.135395E+01
 0.675258E+00  0.634964E+02  0.134535E+01
 0.677575E+00  0.617480E+02  0.134225E+01
 0.679892E+00  0.606251E+02  0.133744E+01
 0.682209E+00  0.595076E+02  0.133427E+01
 0.684526E+00  0.593261E+02  0.133062E+01
 0.686843E+00  0.596041E+02  0.132361E+01
 0.689160E+00  0.586752E+02  0.132045E+01
 0.691477E+00  0.582411E+02  0.131782E+01
 0.693794E+00  0.580250E+02  0.131823E+01
 0.696111E+00  0.569538E+02  0.131337E+01
 0.698428E+00  0.564409E+02  0.130551E+01
 0.700745E+00  0.563155E+02  0.130597E+01
 0.703062E+00  0.555304E+02  0.130132E+01
 0.705379E+00  0.562118E+02  0.130030E+01
 0.707696E+00  0.564478E+02  0.129447E+01
 0.710013E+00  0.555067E+02  0.128882E+01
 0.712330E+00  0.538789E+02  0.128730E+01
 0.714647E+00  0.522504E+02  0.128445E+01
 0.716964E+00  0.509537E+02  0.128190E+01
 0.719281E+00  0.510075E+02  0.127799E+01
 0.721598E+00  0.506236E+02  0.127501E+01
 0.723915E+00  0.497337E+02  0.127322E+01
 0.726232E+00  0.485540E+02  0.126729E+01
 0.728549E+00  0.487870E+02  0.126370E+01
 0.730866E+00  0.487314E+02  0.125952E+01
 0.733183E+00  0.483342E+02  0.126142E+01
 0.735500E+00  0.469169E+02  0.125578E+01
 0.737817E+00  0.458889E+02  0.125020E+01
 0.740134E+00  0.459339E+02  0.124923E+01
 0.742451E+00  0.456452E+02  0.124602E+01
 0.744768E+00  0.440246E+02  0.124210E+01
 0.747085E+00  0.436169E+02  0.123962E+01
 0.749402E+00  0.441819E+02  0.123872E+01
 0.751719E+00  0.451270E+02  0.123426E+01
 0.754036E+00  0.449253E+02  0.122950E+01
 0.756353E+00  0.441695E+02  0.122903E+01
 0.758670E+00  0.435930E+02  0.122504E+01
 0.760987E+00  0.429602E+02  0.122340E+01
 0.763304E+00  0.420603E+02  0.122064E+01
 0.765621E+00  0.413526E+02  0.121605E+01
 0.767938E+00  0.416297E+02  0.121645E+01
 0.770255E+00  0.415154E+02  0.121295E+01
 0.772572E+00  0.409278E+02  0.121329E+01
 0.774889E+00  0.395400E+02  0.120800E+01
 0.777206E+00  0.379537E+02  0.120296E+01
 0.779523E+00  0.378455E+02  0.119949E+01
 0.781840E+00  0.376157E+02  0.119597E+01
 0.784157E+00  0.364411E+02  0.119241E+01
 0.786475E+00  0.359596E+02  0.118936E+01
 0.788792E+00  0.365146E+02  0.119136E+01
 0.791109E+00  0.377808E+02  0.119280E+01
 0.793426E+00  0.388095E+02  0.118828E+01
 0.795743E+00  0.392525E+02  0.118836E+01
 0.798060E+00  0.383872E+02  0.118294E+01
 0.800377E+00  0.376275E+02  0.118349E+01
 0.802694E+00  0.377052E+02  0.118325E+01
 0.805011E+00  0.371249E+02  0.117954E+01
 0.807328E+00  0.361845E+02  0.117796E+01
 0.809645E+00  0.350583E+02  0.117229E+01
 0.811962E+00  0.344657E+02  0.117123E+01
 0.814279E+00  0.333538E+02  0.116594E+01
 0.816596E+00  0.326774E+02  0.116418E+01
 0.818913E+00  0.331611E+02  0.116413E+01
 0.821230E+00  0.336372E+02  0.115893E+01
 0.823547E+00  0.332157E+02  0.115470E+01
 0.825864E+00  0.328554E+02  0.115165E+01
 0.828181E+00  0.325477E+02  0.115223E+01
 0.830498E+00  0.334450E+02  0.115221E+01
 0.832815E+00  0.334428E+02  0.115077E+01
 0.835132E+00  0.330632E+02  0.114956E+01
 0.837449E+00  0.324463E+02  0.114410E+01
 0.839766E+00  0.314066E+02  0.114266E+01
 0.842083E+00  0.310997E+02  0.113985E+01
 0.844400E+00  0.311152E+02  0.113884E+01
 0.846717E+00  0.302362E+02  0.113789E+01
 0.849034E+00  0.293694E+02  0.113406E+01
 0.851351E+00  0.297698E+02  0.113147E+01
 0.853668E+00  0.305645E+02  0.112800E+01
 0.855985E+00  0.306783E+02  0.112869E+01
 0.858302E+00  0.300524E+02  0.112828E+01
 0.860619E+00  0.298056E+02  0.112590E+01
 0.862936E+00  0.303289E+02  0.112276E+01
 0.865253E+00  0.310328E+02  0.112030E+01
 0.867570E+00  0.312080E+02  0.112214E+01
 0.869887E+00  0.304200E+02  0.112219E+01
 0.872204E+00  0.293820E+02  0.111726E+01
 0.874521E+00  0.288668E+02  0.111489E+01
 0.876838E+00  0.282647E+02  0.111339E+01
 0.879155E+00  0.280609E+02  0.111201E+01
 0.881472E+00  0.277605E+02  0.110818E+01
 0.883789E+00  0.273763E+02  0.110729E+01
 0.886106E+00  0.275143E+02  0.110750E+01
 0.888423E+00  0.281627E+02  0.110685E+01
 0.890740E+00  0.283632E+02  0.110554E+01
 0.893057E+00  0.281703E+02  0.109877E+01
 0.895375E+00  0.283294E+02  0.109914E+01
 0.897692E+00  0.281542E+02  0.109742E+01
 0.900009E+00  0.277597E+02  0.109662E+01
 0.902326E+00  0.279583E+02  0.109532E+01
 0.904643E+00  0.274466E+02  0.109238E+01
 0.906960E+00  0.270940E+02  0.109216E+01
 0.909277E+00  0.268730E+02  0.108934E+01
 0.911594E+00  0.268210E+02  0.108811E+01
 0.913911E+00  0.264116E+02  0.108681E+01
 0.916228E+00  0.261029E+02  0.108486E+01
 0.918545E+00  0.266687E+02  0.108661E+01
 0.920862E+00  0.272220E+02  0.108215E+01
 0.923179E+00  0.270318E+02  0.108105E+01
 0.925496E+00  0.257978E+02  0.108054E+01
 0.927813E+00  0.243408E+02  0.107856E+01
 0.930130E+00  0.238787E+02  0.107590E+01
 0.932447E+00  0.242312E+02  0.106963E+01
 0.934764E+00  0.244685E+02  0.107140E+01
 0.937081E+00  0.250943E+02  0.107085E+01
 0.939398E+00  0.255707E+02  0.106861E+01
 0.941715E+00  0.256025E+02  0.106762E+01
 0.944032E+00  0.255042E+02  0.106489E+01
 0.946349E+00  0.249006E+02  0.106588E+01
 0.948666E+00  0.242680E+02  0.106424E+01
 0.950983E+00  0.242932E+02  0.106140E+01
 0.953300E+00  0.251771E+02  0.106128E+01
 0.955617E+00  0.257135E+02  0.106143E+01
 0.957934E+00  0.248287E+02  0.106054E+01
 0.960251E+00  0.239730E+02  0.105548E+01
 0.962568E+00  0.233382E+02  0.105621E+01
 0.964885E+00  0.227723E+02  0.105457E+01
 0.967202E+00  0.231747E+02  0.105282E+01
 0.969519E+00  0.235413E+02  0.105342E+01
 0.971836E+00  0.235810E+02  0.105002E+01
 0.974153E+00  0.233594E+02  0.104867E+01
 0.976470E+00  0.233697E+02  0.104750E+01
 0.978787E+00  0.234393E+02  0.104642E+01
 0.981104E+00  0.234224E+02  0.104435E+01
 0.983421E+00  0.234132E+02  0.104403E+01
 0.985738E+00  0.226719E+02  0.104287E+01
 0.988055E+00  0.223269E+02  0.103957E+01
 0.990372E+00  0.217539E+02  0.103756E+01
 0.992689E+00  0.223881E+02  0.103672E+01
 0.995006E+00  0.236364E+02  0.103817E+01
 0.997323E+00  0.241325E+02  0.103975E+01
 0.999640E+00  0.239626E+02  0.103319E+01
 0.100196E+01  0.239289E+02  0.104109E+01
 0.100427E+01  0.234883E+02  0.103365E+01
 0.100659E+01  0.222855E+02  0.103351E+01
 0.100891E+01  0.222155E+02  0.102971E+01
 0.101123E+01  0.226151E+02  0.103431E+01
 0.101354E+01  0.224845E+02  0.102845E+01
 0.101586E+01  0.227615E+02  0.102659E+01
 0.101818E+01  0.223169E+02  0.103602E+01
 0.102049E+01  0.214640E+02  0.102610E+01
 0.102281E+01  0.216286E+02  0.102161E+01
 0.102513E+01  0.217614E+02  0.102963E+01
 0.102744E+01  0.215182E+02  0.101977E+01
 0.102976E+01  0.208810E+02  0.101922E+01
 0.103208E+01  0.206758E+02  0.101603E+01
 0.103440E+01  0.211449E+02  0.102096E+01
 0.103671E+01  0.208872E+02  0.101370E+01
 0.103903E+01  0.209889E+02  0.100990E+01
 0.104135E+01  0.207945E+02  0.101869E+01
 0.104366E+01  0.196847E+02  0.101073E+01
 0.104598E+01  0.192262E+02  0.101075E+01
 0.104830E+01  0.197743E+02  0.101717E+01
 0.105061E+01  0.205299E+02  0.100841E+01
 0.105293E+01  0.206722E+02  0.101094E+01
 0.105525E+01  0.210073E+02  0.100789E+01
 0.105757E+01  0.210529E+02  0.101425E+01
 0.105988E+01  0.204144E+02  0.100473E+01
 0.106220E+01  0.196832E+02  0.100205E+01
 0.106452E+01  0.197314E+02  0.100914E+01
 0.106683E+01  0.203864E+02  0.999609E+00
 0.106915E+01  0.202050E+02  0.100013E+01
 0.107147E+01  0.207917E+02  0.997870E+00
 0.107379E+01  0.212252E+02  0.100491E+01
 0.107610E+01  0.205999E+02  0.998395E+00
 0.107842E+01  0.197181E+02  0.994149E+00
 0.108074E+01  0.194625E+02  0.999615E+00
 0.108305E+01  0.193925E+02  0.990867E+00
 0.108537E+01  0.199360E+02  0.991919E+00
 0.108769E+01  0.199709E+02  0.999260E+00
 0.109000E+01  0.191069E+02  0.990378E+00
 0.109232E+01  0.183492E+02  0.990483E+00
 0.109464E+01  0.182238E+02  0.986537E+00
 0.109696E+01  0.180205E+02  0.992811E+00
 0.109927E+01  0.179405E+02  0.985396E+00
 0.110159E+01  0.181848E+02  0.984489E+00
 0.110391E+01  0.188290E+02  0.992047E+00
 0.110622E+01  0.194364E+02  0.983797E+00
 0.110854E+01  0.196443E+02  0.981509E+00
 0.111086E+01  0.195079E+02  0.986500E+00
 0.111317E+01  0.193064E+02  0.979722E+00
 0.111549E+01  0.186706E+02  0.980753E+00
 0.111781E+01  0.182824E+02  0.978028E+00
 0.112013E+01  0.181244E+02  0.983722E+00
 0.112244E+01  0.176162E+02  0.973599E+00
 0.112476E+01  0.173882E+02  0.973327E+00
 0.112708E+01  0.182919E+02  0.978862E+00
 0.112939E+01  0.187069E+02  0.972474E+00
 0.113171E+01  0.183971E+02  0.972598E+00
 0.113403E+01  0.175601E+02  0.977821E+00
 0.113634E+01  0.178896E+02  0.970177E+00
 0.113866E+01  0.178632E+02  0.968179E+00
 0.114098E+01  0.171716E+02  0.968222E+00
 0.114330E+01  0.157606E+02  0.973388E+00
 0.114561E+01  0.154250E+02  0.965122E+00
 0.114793E+01  0.161035E+02  0.963741E+00
 0.115025E+01  0.170520E+02  0.967825E+00
 0.115256E+01  0.178471E+02  0.962194E+00
 0.115488E+01  0.183865E+02  0.961367E+00
 0.115720E+01  0.181651E+02  0.966979E+00
 0.115951E+01  0.170799E+02  0.960468E+00
 0.116183E+01  0.160383E+02  0.958253E+00
 0.116415E+01  0.162291E+02  0.957833E+00
 0.116647E+01  0.164904E+02  0.961564E+00
 0.116878E+01  0.165594E+02  0.954663E+00
 0.117110E+01  0.168560E+02  0.954860E+00
 0.117342E+01  0.170399E+02  0.960775E+00
 0.117573E+01  0.168098E+02  0.955474E+00
 0.117805E+01  0.166253E+02  0.951634E+00
 0.118037E+01  0.168895E+02  0.950266E+00
 0.118269E+01  0.174093E+02  0.957497E+00
 0.118500E+01  0.171098E+02  0.950560E+00
 0.118732E+01  0.165518E+02  0.950296E+00
 0.118964E+01  0.151583E+02  0.952750E+00
 0.119195E+01  0.143367E+02  0.945621E+00
 0.119427E+01  0.148169E+02  0.944508E+00
 0.119659E+01  0.153746E+02  0.948780E+00
 0.119890E+01  0.156903E+02  0.943174E+00
 0.120122E+01  0.161692E+02  0.944408E+00
 0.120354E+01  0.166759E+02  0.944716E+00
 0.120586E+01  0.170134E+02  0.949374E+00
 0.120817E+01  0.169353E+02  0.944009E+00
 0.121049E+01  0.170310E+02  0.946955E+00
 0.121281E+01  0.169778E+02  0.954500E+00
 0.121512E+01  0.167046E+02  0.947843E+00
 0.121744E+01  0.164040E+02  0.946237E+00
 0.121976E+01  0.164349E+02  0.955935E+00
 0.122207E+01  0.163259E+02  0.950478E+00
 0.122439E+01  0.159855E+02  0.950070E+00
 0.122671E+01  0.151719E+02  0.947579E+00
 0.122903E+01  0.150338E+02  0.952642E+00
 0.123134E+01  0.153707E+02  0.949220E+00
 0.123366E+01  0.152009E+02  0.948701E+00
 0.123598E+01  0.145359E+02  0.953011E+00
 0.123829E+01  0.148926E+02  0.946396E+00
 0.124061E+01  0.146693E+02  0.948524E+00
 0.124293E+01  0.140678E+02  0.959267E+00
 0.124524E+01  0.138850E+02  0.949935E+00
 0.124756E+01  0.145167E+02  0.950804E+00
 0.124988E+01  0.143437E+02  0.950250E+00
 0.125220E+01  0.141901E+02  0.955816E+00
 0.125451E+01  0.144391E+02  0.949909E+00
 0.125683E+01  0.141865E+02  0.948918E+00
 0.125915E+01  0.136038E+02  0.957790E+00
 0.126146E+01  0.127831E+02  0.950729E+00
 0.126378E+01  0.122629E+02  0.947762E+00
 0.126610E+01  0.127480E+02  0.953003E+00
 0.126841E+01  0.130372E+02  0.946134E+00
 0.127073E+01  0.132139E+02  0.950286E+00
 0.127305E+01  0.126626E+02  0.947195E+00
 0.127537E+01  0.123977E+02  0.953141E+00
 0.127768E+01  0.128193E+02  0.948168E+00
 0.128000E+01  0.129632E+02  0.947865E+00
 0.128232E+01  0.129721E+02  0.957038E+00
 0.128463E+01  0.132258E+02  0.949147E+00
 0.128695E+01  0.138288E+02  0.950426E+00
 0.128927E+01  0.138723E+02  0.949880E+00
 0.129159E+01  0.133500E+02  0.954291E+00
 0.129390E+01  0.125925E+02  0.946001E+00
 0.129622E+01  0.122196E+02  0.944405E+00
 0.129854E+01  0.125206E+02  0.954960E+00
 0.130085E+01  0.127748E+02  0.947394E+00
 0.130317E+01  0.129239E+02  0.945884E+00
 0.130549E+01  0.129419E+02  0.953048E+00
 0.130780E+01  0.124578E+02  0.946333E+00
 0.131012E+01  0.120430E+02  0.948392E+00
 0.131244E+01  0.128923E+02  0.948800E+00
 0.131476E+01  0.132664E+02  0.954647E+00
 0.131707E+01  0.128144E+02  0.946868E+00
 0.131939E+01  0.123843E+02  0.947545E+00
 0.132171E+01  0.119510E+02  0.955687E+00
 0.132402E+01  0.117091E+02  0.945235E+00
 0.132634E+01  0.115675E+02  0.945613E+00
 0.132866E+01  0.116461E+02  0.953810E+00
 0.133097E+01  0.118985E+02  0.948244E+00
 0.133329E+01  0.117794E+02  0.946255E+00
 0.133561E+01  0.117908E+02  0.942939E+00
 0.133793E+01  0.116002E+02  0.950376E+00
 0.134024E+01  0.111295E+02  0.943848E+00
 0.134256E+01  0.104499E+02  0.943301E+00
 0.134488E+01  0.104841E+02  0.949166E+00
 0.134719E+01  0.106689E+02  0.941986E+00
 0.134951E+01  0.110508E+02  0.943833E+00
 0.135183E+01  0.109923E+02  0.950310E+00
 0.135414E+01  0.115339E+02  0.944849E+00
 0.135646E+01  0.118903E+02  0.944747E+00
 0.135878E+01  0.121272E+02  0.944566E+00
 0.136110E+01  0.114962E+02  0.952139E+00
 0.136341E+01  0.111644E+02  0.942127E+00
 0.136573E+01  0.107789E+02  0.941022E+00
 0.136805E+01  0.109748E+02  0.948126E+00
 0.137036E+01  0.111893E+02  0.942799E+00
 0.137268E+01  0.109020E+02  0.939865E+00
 0.137500E+01  0.110947E+02  0.946390E+00
 0.137731E+01  0.111320E+02  0.942239E+00
 0.137963E+01  0.109998E+02  0.940312E+00
 0.138195E+01  0.109699E+02  0.938981E+00
 0.138427E+01  0.109481E+02  0.944882E+00
 0.138658E+01  0.111216E+02  0.939587E+00
 0.138890E+01  0.108802E+02  0.940295E+00
 0.139122E+01  0.104841E+02  0.944925E+00
 0.139353E+01  0.982832E+01  0.939268E+00
 0.139585E+01  0.989023E+01  0.937475E+00
 0.139817E+01  0.104396E+02  0.937657E+00
 0.140049E+01  0.105460E+02  0.944408E+00
 0.140280E+01  0.113691E+02  0.935000E+00
 0.140512E+01  0.122616E+02  0.936528E+00
 0.140744E+01  0.117633E+02  0.942935E+00
 0.140975E+01  0.104919E+02  0.937405E+00
 0.141207E+01  0.932714E+01  0.935467E+00
 0.141439E+01  0.866534E+01  0.940825E+00
 0.141670E+01  0.870601E+01  0.936742E+00
 0.141902E+01  0.836169E+01  0.933998E+00
 0.142134E+01  0.857511E+01  0.932407E+00
 0.142366E+01  0.983522E+01  0.938766E+00
 0.142597E+01  0.107947E+02  0.932662E+00
 0.142829E+01  0.109309E+02  0.933961E+00
 0.143061E+01  0.101674E+02  0.939328E+00
 0.143292E+01  0.955561E+01  0.934188E+00
 0.143524E+01  0.913021E+01  0.932756E+00
 0.143756E+01  0.911085E+01  0.939685E+00
 0.143987E+01  0.907146E+01  0.933548E+00
 0.144219E+01  0.941532E+01  0.931830E+00
 0.144451E+01  0.102858E+02  0.931915E+00
 0.144683E+01  0.108424E+02  0.940166E+00
 0.144914E+01  0.107272E+02  0.936004E+00
 0.145146E+01  0.106872E+02  0.933015E+00
 0.145378E+01  0.978517E+01  0.936689E+00
 0.145609E+01  0.912505E+01  0.930684E+00
 0.145841E+01  0.912687E+01  0.927725E+00
 0.146073E+01  0.936583E+01  0.934229E+00
 0.146304E+01  0.952886E+01  0.927738E+00
 0.146536E+01  0.964282E+01  0.929777E+00
 0.146768E+01  0.916073E+01  0.930644E+00
 0.147000E+01  0.845659E+01  0.936043E+00
 0.147231E+01  0.829065E+01  0.926469E+00
 0.147463E+01  0.821755E+01  0.923333E+00
 0.147695E+01  0.811479E+01  0.932486E+00
 0.147926E+01  0.850881E+01  0.925900E+00
 0.148158E+01  0.931496E+01  0.923629E+00
 0.148390E+01  0.101601E+02  0.931871E+00
 0.148621E+01  0.101521E+02  0.926127E+00
 0.148853E+01  0.955932E+01  0.927106E+00
 0.149085E+01  0.911687E+01  0.924693E+00
 0.149317E+01  0.922122E+01  0.932336E+00
 0.149548E+01  0.892087E+01  0.927669E+00
 0.149780E+01  0.820253E+01  0.924786E+00
 0.150012E+01  0.708206E+01  0.931800E+00
 0.150243E+01  0.632982E+01  0.923323E+00
 0.150475E+01  0.664800E+01  0.924876E+00
 0.150707E+01  0.812717E+01  0.924282E+00
 0.150939E+01  0.920649E+01  0.928585E+00
 0.151170E+01  0.939359E+01  0.922358E+00
 0.151402E+01  0.843000E+01  0.919479E+00
 0.151634E+01  0.737763E+01  0.928352E+00
 0.151865E+01  0.734197E+01  0.922050E+00
 0.152097E+01  0.693523E+01  0.918536E+00
 0.152329E+01  0.660074E+01  0.926398E+00
 0.152560E+01  0.736480E+01  0.919541E+00
 0.152792E+01  0.853075E+01  0.922995E+00
 0.153024E+01  0.887787E+01  0.919554E+00
 0.153256E+01  0.825381E+01  0.926363E+00
 0.153487E+01  0.772498E+01  0.920935E+00
 0.153719E+01  0.784095E+01  0.918604E+00
 0.153951E+01  0.786424E+01  0.924345E+00
 0.154182E+01  0.782626E+01  0.916596E+00
 0.154414E+01  0.779661E+01  0.917925E+00
 0.154646E+01  0.836245E+01  0.925197E+00
 0.154877E+01  0.867550E+01  0.918286E+00
 0.155109E+01  0.835503E+01  0.917542E+00
 0.155341E+01  0.818459E+01  0.913848E+00
 0.155573E+01  0.895378E+01  0.922378E+00
 0.155804E+01  0.905242E+01  0.915505E+00
 0.156036E+01  0.833829E+01  0.913781E+00
 0.156268E+01  0.837279E+01  0.920849E+00
 0.156499E+01  0.871131E+01  0.915751E+00
 0.156731E+01  0.833558E+01  0.913605E+00
 0.156963E+01  0.786887E+01  0.915812E+00
 0.157194E+01  0.733134E+01  0.911312E+00
 0.157426E+01  0.694813E+01  0.913004E+00
 0.157658E+01  0.657904E+01  0.910727E+00
 0.157890E+01  0.698352E+01  0.916970E+00
 0.158121E+01  0.775828E+01  0.910218E+00
 0.158353E+01  0.815165E+01  0.913265E+00
 0.158585E+01  0.825555E+01  0.921780E+00
 0.158816E+01  0.795578E+01  0.913306E+00
 0.159048E+01  0.729492E+01  0.910905E+00
 0.159280E+01  0.672361E+01  0.914870E+00
 0.159511E+01  0.693154E+01  0.911010E+00
 0.159743E+01  0.730948E+01  0.909850E+00
 0.159975E+01  0.696508E+01  0.908360E+00
 0.160207E+01  0.635876E+01  0.915235E+00
 0.160438E+01  0.656342E+01  0.908635E+00
 0.160670E+01  0.746068E+01  0.908039E+00
 0.160902E+01  0.782295E+01  0.911846E+00
 0.161133E+01  0.714341E+01  0.907641E+00
 0.161365E+01  0.666945E+01  0.911006E+00
 0.161597E+01  0.619083E+01  0.909047E+00
 0.161829E+01  0.645936E+01  0.914583E+00
 0.162060E+01  0.706312E+01  0.905118E+00
 0.162292E+01  0.720702E+01  0.907991E+00
 0.162524E+01  0.653442E+01  0.914489E+00
 0.162755E+01  0.637808E+01  0.906680E+00
 0.162987E+01  0.606567E+01  0.904201E+00
 0.163219E+01  0.615639E+01  0.910358E+00
 0.163450E+01  0.614877E+01  0.907210E+00
 0.163682E+01  0.589550E+01  0.902850E+00
 0.163914E+01  0.603700E+01  0.900890E+00
 0.164146E+01  0.578084E+01  0.907946E+00
 0.164377E+01  0.541924E+01  0.901700E+00
 0.164609E+01  0.638119E+01  0.903005E+00
 0.164841E+01  0.747102E+01  0.907206E+00
 0.165072E+01  0.765083E+01  0.903026E+00
 0.165304E+01  0.811345E+01  0.903806E+00
 0.165536E+01  0.745941E+01  0.908376E+00
 0.165767E+01  0.648196E+01  0.899928E+00
 0.165999E+01  0.574946E+01  0.898478E+00
 0.166231E+01  0.548990E+01  0.898387E+00
 0.166463E+01  0.549988E+01  0.904062E+00
 0.166694E+01  0.518804E+01  0.896239E+00
 0.166926E+01  0.536588E+01  0.895633E+00
 0.167158E+01  0.581696E+01  0.902860E+00
 0.167389E+01  0.685655E+01  0.900428E+00
 0.167621E+01  0.787052E+01  0.899503E+00
 0.167853E+01  0.808812E+01  0.903641E+00
 0.168084E+01  0.783941E+01  0.899397E+00
 0.168316E+01  0.751088E+01  0.900356E+00
 0.168548E+01  0.693334E+01  0.897469E+00
 0.168780E+01  0.603562E+01  0.899107E+00
 0.169011E+01  0.539229E+01  0.892570E+00
 0.169243E+01  0.465624E+01  0.893473E+00
 0.169475E+01  0.373448E+01  0.899907E+00
 0.169706E+01  0.422215E+01  0.892996E+00
 0.169938E+01  0.539080E+01  0.892298E+00
 0.170170E+01  0.538603E+01  0.900188E+00
 0.170401E+01  0.543099E+01  0.895226E+00
 0.170633E+01  0.574702E+01  0.895968E+00
 0.170865E+01  0.547469E+01  0.893286E+00
 0.171097E+01  0.571782E+01  0.899653E+00
 0.171328E+01  0.584510E+01  0.893795E+00
 0.171560E+01  0.619674E+01  0.890838E+00
 0.171792E+01  0.567889E+01  0.896712E+00
 0.172023E+01  0.554915E+01  0.892315E+00
 0.172255E+01  0.496021E+01  0.894037E+00
 0.172487E+01  0.457978E+01  0.892159E+00
 0.172719E+01  0.490910E+01  0.895036E+00
 0.172950E+01  0.455273E+01  0.889612E+00
 0.173182E+01  0.447226E+01  0.888893E+00
 0.173414E+01  0.495933E+01  0.896908E+00
 0.173645E+01  0.518507E+01  0.889087E+00
 0.173877E+01  0.498270E+01  0.885614E+00
 0.174109E+01  0.444851E+01  0.893109E+00
 0.174340E+01  0.410207E+01  0.886771E+00
 0.174572E+01  0.375644E+01  0.886468E+00
 0.174804E+01  0.402778E+01  0.885595E+00
 0.175036E+01  0.447020E+01  0.892360E+00
 0.175267E+01  0.438932E+01  0.888325E+00
 0.175499E+01  0.461577E+01  0.885814E+00
 0.175731E+01  0.528944E+01  0.891939E+00
 0.175962E+01  0.519166E+01  0.886150E+00
 0.176194E+01  0.483396E+01  0.885652E+00
 0.176426E+01  0.509011E+01  0.891933E+00
 0.176657E+01  0.518222E+01  0.882980E+00
 0.176889E+01  0.468808E+01  0.885070E+00
 0.177121E+01  0.430245E+01  0.886128E+00
 0.177353E+01  0.427592E+01  0.892635E+00
 0.177584E+01  0.434855E+01  0.884430E+00
 0.177816E+01  0.462369E+01  0.881142E+00
 0.178048E+01  0.540069E+01  0.889617E+00
 0.178279E+01  0.621434E+01  0.884407E+00
 0.178511E+01  0.594280E+01  0.883041E+00
 0.178743E+01  0.512645E+01  0.888303E+00
 0.178974E+01  0.502341E+01  0.883266E+00
 0.179206E+01  0.460026E+01  0.884269E+00
 0.179438E+01  0.416831E+01  0.879159E+00
 0.179670E+01  0.477570E+01  0.885395E+00
 0.179901E+01  0.522961E+01  0.881848E+00
 0.180133E+01  0.529305E+01  0.882154E+00
 0.180365E+01  0.547255E+01  0.889255E+00
 0.180596E+01  0.617079E+01  0.881359E+00
 0.180828E+01  0.681653E+01  0.881712E+00
 0.181060E+01  0.598376E+01  0.887916E+00
 0.181291E+01  0.508007E+01  0.881321E+00
 0.181523E+01  0.436454E+01  0.880524E+00
 0.181755E+01  0.446975E+01  0.877595E+00
 0.181987E+01  0.471529E+01  0.884964E+00
 0.182218E+01  0.470057E+01  0.877951E+00
 0.182450E+01  0.425286E+01  0.875171E+00
 0.182682E+01  0.424724E+01  0.880621E+00
 0.182913E+01  0.395243E+01  0.877286E+00
 0.183145E+01  0.438273E+01  0.879479E+00
 0.183377E+01  0.443051E+01  0.876061E+00
 0.183609E+01  0.476426E+01  0.881803E+00
 0.183840E+01  0.479030E+01  0.875824E+00
 0.184072E+01  0.406052E+01  0.876468E+00
 0.184304E+01  0.372373E+01  0.881955E+00
 0.184535E+01  0.352693E+01  0.873660E+00
 0.184767E+01  0.326802E+01  0.874432E+00
 0.184999E+01  0.404458E+01  0.881358E+00
 0.185230E+01  0.470409E+01  0.876268E+00
 0.185462E+01  0.411787E+01  0.875355E+00
 0.185694E+01  0.391819E+01  0.874105E+00
 0.185926E+01  0.435268E+01  0.881492E+00
 0.186157E+01  0.440357E+01  0.874309E+00
 0.186389E+01  0.383092E+01  0.872534E+00
 0.186621E+01  0.311791E+01  0.878096E+00
 0.186852E+01  0.265464E+01  0.873482E+00
 0.187084E+01  0.352762E+01  0.874326E+00
 0.187316E+01  0.477422E+01  0.878609E+00
 0.187547E+01  0.499803E+01  0.874796E+00
 0.187779E+01  0.388629E+01  0.874586E+00
 0.188011E+01  0.288892E+01  0.872970E+00
 0.188243E+01  0.293227E+01  0.877055E+00
 0.188474E+01  0.343891E+01  0.870096E+00
 0.188706E+01  0.358238E+01  0.871483E+00
 0.188938E+01  0.402370E+01  0.878335E+00
 0.189169E+01  0.454246E+01  0.872810E+00
 0.189401E+01  0.467932E+01  0.870642E+00
 0.189633E+01  0.433568E+01  0.876736E+00
 0.189864E+01  0.352306E+01  0.872448E+00
 0.190096E+01  0.309122E+01  0.872300E+00
 0.190328E+01  0.362451E+01  0.869416E+00
 0.190560E+01  0.444294E+01  0.874419E+00
 0.190791E+01  0.489901E+01  0.870328E+00
 0.191023E+01  0.462296E+01  0.869927E+00
 0.191255E+01  0.367408E+01  0.872578E+00
 0.191486E+01  0.275562E+01  0.867559E+00
 0.191718E+01  0.210629E+01  0.867210E+00
 0.191950E+01  0.211928E+01  0.873196E+00
 0.192181E+01  0.334857E+01  0.868217E+00
 0.192413E+01  0.401553E+01  0.868065E+00
 0.192645E+01  0.374567E+01  0.867642E+00
 0.192877E+01  0.344684E+01  0.873769E+00
 0.193108E+01  0.316610E+01  0.866204E+00
 0.193340E+01  0.238579E+01  0.864194E+00
 0.193572E+01  0.245697E+01  0.870577E+00
 0.193803E+01  0.230698E+01  0.865067E+00
 0.194035E+01  0.247557E+01  0.865483E+00
 0.194267E+01  0.284429E+01  0.864903E+00
 0.194499E+01  0.280264E+01  0.870799E+00
 0.194730E+01  0.244863E+01  0.865907E+00
 0.194962E+01  0.223785E+01  0.864164E+00
 0.195194E+01  0.206055E+01  0.867117E+00
 0.195425E+01  0.185431E+01  0.861629E+00
 0.195657E+01  0.215216E+01  0.863232E+00
 0.195889E+01  0.266109E+01  0.871819E+00
 0.196120E+01  0.282887E+01  0.863175E+00
 0.196352E+01  0.314221E+01  0.863140E+00
 0.196584E+01  0.334687E+01  0.863812E+00
 0.196816E+01  0.285118E+01  0.867295E+00
 0.197047E+01  0.247993E+01  0.861494E+00
 0.197279E+01  0.295314E+01  0.858968E+00
 0.197511E+01  0.388995E+01  0.868365E+00
 0.197742E+01  0.405064E+01  0.864683E+00
 0.197974E+01  0.390591E+01  0.861490E+00
 0.198206E+01  0.333591E+01  0.866382E+00
 0.198437E+01  0.285789E+01  0.858621E+00
 0.198669E+01  0.257522E+01  0.861149E+00
 0.198901E+01  0.243445E+01  0.860166E+00
 0.199133E+01  0.265495E+01  0.864693E+00
 0.199364E+01  0.330420E+01  0.858599E+00
 0.199596E+01  0.400836E+01  0.858435E+00
 0.199828E+01  0.397271E+01  0.866972E+00
 0.200059E+01  0.358957E+01  0.859702E+00
 0.200291E+01  0.360725E+01  0.859239E+00
 0.200523E+01  0.376641E+01  0.865769E+00
 0.200754E+01  0.305677E+01  0.857482E+00
 0.200986E+01  0.228898E+01  0.857875E+00
 0.201218E+01  0.249726E+01  0.855757E+00
 0.201450E+01  0.252042E+01  0.862732E+00
 0.201681E+01  0.237064E+01  0.858816E+00
 0.201913E+01  0.283471E+01  0.856965E+00
 0.202145E+01  0.329179E+01  0.861623E+00
 0.202376E+01  0.343942E+01  0.855654E+00
 0.202608E+01  0.335563E+01  0.857465E+00
 0.202840E+01  0.334061E+01  0.864238E+00
 0.203071E+01  0.317986E+01  0.857464E+00
 0.203303E+01  0.344074E+01  0.857361E+00
 0.203535E+01  0.366599E+01  0.855408E+00
 0.203767E+01  0.358550E+01  0.861357E+00
 0.203998E+01  0.307395E+01  0.852983E+00
 0.204230E+01  0.275834E+01  0.851833E+00
 0.204462E+01  0.314016E+01  0.860624E+00
 0.204693E+01  0.298458E+01  0.855739E+00
 0.204925E+01  0.245647E+01  0.856128E+00
 0.205157E+01  0.224545E+01  0.852980E+00
 0.205389E+01  0.237237E+01  0.859603E+00
 0.205620E+01  0.199515E+01  0.854566E+00
 0.205852E+01  0.141441E+01  0.851946E+00
 0.206084E+01  0.951899E+00  0.855848E+00
 0.206315E+01  0.134638E+01  0.849278E+00
 0.206547E+01  0.174946E+01  0.851775E+00
 0.206779E+01  0.258308E+01  0.857855E+00
 0.207010E+01  0.259800E+01  0.850806E+00
 0.207242E+01  0.235653E+01  0.851570E+00
 0.207474E+01  0.202653E+01  0.850395E+00
 0.207706E+01  0.195800E+01  0.858044E+00
 0.207937E+01  0.219549E+01  0.850082E+00
 0.208169E+01  0.216178E+01  0.849355E+00
 0.208401E+01  0.223211E+01  0.856016E+00
 0.208632E+01  0.271904E+01  0.851531E+00
 0.208864E+01  0.323768E+01  0.851576E+00
 0.209096E+01  0.369033E+01  0.856782E+00
 0.209327E+01  0.334259E+01  0.852550E+00
 0.209559E+01  0.244806E+01  0.851557E+00
 0.209791E+01  0.203648E+01  0.850017E+00
 0.210023E+01  0.197522E+01  0.855915E+00
 0.210254E+01  0.187278E+01  0.848607E+00
 0.210486E+01  0.207357E+01  0.850492E+00
 0.210718E+01  0.210707E+01  0.855387E+00
 0.210949E+01  0.185562E+01  0.847758E+00
 0.211181E+01  0.177327E+01  0.846573E+00
 0.211413E+01  0.189938E+01  0.853049E+00
 0.211644E+01  0.170863E+01  0.848017E+00
 0.211876E+01  0.929218E+00  0.845391E+00
 0.212108E+01  0.583316E+00  0.844710E+00
 0.212340E+01  0.135896E+01  0.851992E+00
 0.212571E+01  0.244236E+01  0.847366E+00
 0.212803E+01  0.324533E+01  0.846756E+00
 0.213035E+01  0.373683E+01  0.852555E+00
 0.213266E+01  0.296613E+01  0.848039E+00
 0.213498E+01  0.192834E+01  0.846817E+00
 0.213730E+01  0.182449E+01  0.851598E+00
 0.213961E+01  0.222720E+01  0.845071E+00
 0.214193E+01  0.298423E+01  0.845066E+00
 0.214425E+01  0.268049E+01  0.846456E+00
 0.214657E+01  0.175169E+01  0.851461E+00
 0.214888E+01  0.196528E+01  0.844970E+00
 0.215120E+01  0.226800E+01  0.843758E+00
 0.215352E+01  0.244522E+01  0.850331E+00
 0.215583E+01  0.274216E+01  0.846521E+00
 0.215815E+01  0.297310E+01  0.845592E+00
 0.216047E+01  0.290263E+01  0.844077E+00
 0.216279E+01  0.287878E+01  0.850410E+00
 0.216510E+01  0.328290E+01  0.846105E+00
 0.216742E+01  0.311856E+01  0.844550E+00
 0.216974E+01  0.248381E+01  0.847865E+00
 0.217205E+01  0.202818E+01  0.843216E+00
 0.217437E+01  0.194583E+01  0.844768E+00
 0.217669E+01  0.197061E+01  0.851603E+00
 0.217900E+01  0.192575E+01  0.843941E+00
 0.218132E+01  0.185308E+01  0.843891E+00
 0.218364E+01  0.163086E+01  0.843735E+00
 0.218596E+01  0.187340E+01  0.848250E+00
 0.218827E+01  0.291383E+01  0.843229E+00
 0.219059E+01  0.357530E+01  0.842751E+00
 0.219291E+01  0.298991E+01  0.849973E+00
 0.219522E+01  0.257450E+01  0.843070E+00
 0.219754E+01  0.221243E+01  0.839026E+00
 0.219986E+01  0.229111E+01  0.846247E+00
 0.220217E+01  0.196721E+01  0.842128E+00
 0.220449E+01  0.147312E+01  0.844621E+00
 0.220681E+01  0.165212E+01  0.842222E+00
 0.220913E+01  0.283706E+01  0.846141E+00
 0.221144E+01  0.363307E+01  0.841914E+00
 0.221376E+01  0.381507E+01  0.841251E+00
 0.221608E+01  0.324852E+01  0.848432E+00
 0.221839E+01  0.272445E+01  0.843140E+00
 0.222071E+01  0.268747E+01  0.847289E+00
 0.222303E+01  0.259666E+01  0.859892E+00
 0.222534E+01  0.237556E+01  0.855576E+00
 0.222766E+01  0.275472E+01  0.859705E+00
 0.222998E+01  0.308154E+01  0.860943E+00
 0.223230E+01  0.243148E+01  0.870694E+00
 0.223461E+01  0.175053E+01  0.869305E+00
 0.223693E+01  0.203606E+01  0.868436E+00
 0.223925E+01  0.253121E+01  0.879553E+00
 0.224156E+01  0.222718E+01  0.876146E+00
 0.224388E+01  0.188751E+01  0.878042E+00
 0.224620E+01  0.173492E+01  0.884855E+00
 0.224851E+01  0.157962E+01  0.878436E+00
 0.225083E+01  0.164718E+01  0.882040E+00
 0.225315E+01  0.204350E+01  0.881752E+00
 0.225547E+01  0.276379E+01  0.889959E+00
 0.225778E+01  0.300512E+01  0.885220E+00
 0.226010E+01  0.246183E+01  0.885713E+00
 0.226242E+01  0.159120E+01  0.892602E+00
 0.226473E+01  0.140941E+01  0.883266E+00
 0.226705E+01  0.153834E+01  0.883331E+00
 0.226937E+01  0.197173E+01  0.884373E+00
 0.227169E+01  0.232133E+01  0.895719E+00
 0.227400E+01  0.190134E+01  0.891093E+00
 0.227632E+01  0.193688E+01  0.888055E+00
 0.227864E+01  0.194523E+01  0.895473E+00
 0.228095E+01  0.212768E+01  0.891061E+00
 0.228327E+01  0.216534E+01  0.891490E+00
 0.228559E+01  0.284606E+01  0.897553E+00
 0.228790E+01  0.351148E+01  0.893214E+00
 0.229022E+01  0.342130E+01  0.896421E+00
 0.229254E+01  0.264776E+01  0.894443E+00
 0.229486E+01  0.225562E+01  0.900995E+00
 0.229717E+01  0.283850E+01  0.895117E+00
 0.229949E+01  0.291757E+01  0.897171E+00
 0.230181E+01  0.212065E+01  0.904862E+00
 0.230412E+01  0.201557E+01  0.895737E+00
 0.230644E+01  0.210430E+01  0.894475E+00
 0.230876E+01  0.206753E+01  0.902248E+00
 0.231107E+01  0.271588E+01  0.899493E+00
 0.231339E+01  0.337651E+01  0.901573E+00
 0.231571E+01  0.342321E+01  0.899198E+00
 0.231803E+01  0.308647E+01  0.905066E+00
 0.232034E+01  0.259266E+01  0.897095E+00
 0.232266E+01  0.258893E+01  0.896097E+00
 0.232498E+01  0.287493E+01  0.899605E+00
 0.232729E+01  0.279757E+01  0.895377E+00
 0.232961E+01  0.225930E+01  0.897136E+00
 0.233193E+01  0.195978E+01  0.902612E+00
 0.233424E+01  0.242508E+01  0.898362E+00
 0.233656E+01  0.310792E+01  0.897250E+00
 0.233888E+01  0.341690E+01  0.897539E+00
 0.234120E+01  0.260615E+01  0.903581E+00
 0.234351E+01  0.192759E+01  0.895599E+00
 0.234583E+01  0.181188E+01  0.895575E+00
 0.234815E+01  0.151762E+01  0.900753E+00
 0.235046E+01  0.137089E+01  0.895399E+00
 0.235278E+01  0.210607E+01  0.894228E+00
 0.235510E+01  0.290715E+01  0.901051E+00
 0.235741E+01  0.360376E+01  0.896267E+00
 0.235973E+01  0.324739E+01  0.897477E+00
 0.236205E+01  0.160590E+01  0.897012E+00
 0.236437E+01  0.594859E+00  0.898425E+00
 0.236668E+01  0.774561E+00  0.893388E+00
 0.236900E+01  0.159303E+01  0.896002E+00
 0.237132E+01  0.153112E+01  0.901540E+00
 0.237363E+01  0.115037E+01  0.893194E+00
 0.237595E+01  0.126038E+01  0.891986E+00
 0.237827E+01  0.137682E+01  0.893024E+00
 0.238059E+01  0.214006E+01  0.901315E+00
 0.238290E+01  0.231647E+01  0.893962E+00
 0.238522E+01  0.222877E+01  0.892814E+00
 0.238754E+01  0.210994E+01  0.899541E+00
 0.238985E+01  0.222455E+01  0.895161E+00
 0.239217E+01  0.193820E+01  0.893655E+00
 0.239449E+01  0.198945E+01  0.899588E+00
 0.239680E+01  0.193311E+01  0.893461E+00
 0.239912E+01  0.178115E+01  0.892250E+00
 0.240144E+01  0.261345E+01  0.892635E+00
 0.240376E+01  0.352418E+01  0.898436E+00
 0.240607E+01  0.297458E+01  0.892643E+00
 0.240839E+01  0.190299E+01  0.892313E+00
 0.241071E+01  0.111261E+01  0.898490E+00
 0.241302E+01  0.142995E+01  0.891893E+00
 0.241534E+01  0.195990E+01  0.889902E+00
 0.241766E+01  0.233045E+01  0.897237E+00
 0.241997E+01  0.293459E+01  0.891790E+00
 0.242229E+01  0.257440E+01  0.890351E+00
 0.242461E+01  0.222619E+01  0.887415E+00
 0.242693E+01  0.247598E+01  0.894506E+00
 0.242924E+01  0.319745E+01  0.892534E+00
 0.243156E+01  0.360353E+01  0.891665E+00
 0.243388E+01  0.355030E+01  0.897760E+00
 0.243619E+01  0.328921E+01  0.889690E+00
 0.243851E+01  0.294740E+01  0.888468E+00
 0.244083E+01  0.236559E+01  0.895572E+00
 0.244314E+01  0.187072E+01  0.886786E+00
 0.244546E+01  0.216860E+01  0.890384E+00
 0.244778E+01  0.231481E+01  0.891285E+00
 0.245010E+01  0.175449E+01  0.897224E+00
 0.245241E+01  0.178837E+01  0.888535E+00
 0.245473E+01  0.202214E+01  0.885951E+00
 0.245705E+01  0.269825E+01  0.896014E+00
 0.245936E+01  0.337674E+01  0.889928E+00
 0.246168E+01  0.344887E+01  0.888762E+00
 0.246400E+01  0.339872E+01  0.893914E+00
 0.246631E+01  0.369165E+01  0.886913E+00
 0.246863E+01  0.354024E+01  0.890464E+00
 0.247095E+01  0.297183E+01  0.888781E+00
 0.247327E+01  0.168402E+01  0.894057E+00
 0.247558E+01  0.135741E+01  0.887258E+00
 0.247790E+01  0.154442E+01  0.888126E+00
 0.248022E+01  0.186496E+01  0.896742E+00
 0.248253E+01  0.192460E+01  0.887246E+00
 0.248485E+01  0.166788E+01  0.887118E+00
 0.248717E+01  0.214276E+01  0.886961E+00
 0.248949E+01  0.253615E+01  0.893258E+00
 0.249180E+01  0.211497E+01  0.884723E+00
 0.249412E+01  0.120169E+01  0.879174E+00
 0.249644E+01  0.121607E+01  0.888373E+00
 0.249875E+01  0.179304E+01  0.885611E+00
 0.250107E+01  0.171043E+01  0.885252E+00
 0.250339E+01  0.182483E+01  0.893389E+00
 0.250570E+01  0.176960E+01  0.888011E+00
 0.250802E+01  0.191840E+01  0.888174E+00
 0.251034E+01  0.195299E+01  0.885591E+00
 0.251266E+01  0.159645E+01  0.889846E+00
 0.251497E+01  0.182163E+01  0.884109E+00
 0.251729E+01  0.139541E+01  0.885235E+00
 0.251961E+01  0.107017E+01  0.893696E+00
 0.252192E+01  0.113503E+01  0.884170E+00
 0.252424E+01  0.122373E+01  0.882666E+00
 0.252656E+01  0.117341E+01  0.890734E+00
 0.252887E+01  0.826590E+00  0.887414E+00
 0.253119E+01  0.439702E+00  0.887465E+00
 0.253351E+01  0.652412E+00  0.882833E+00
 0.253583E+01  0.146577E+01  0.890270E+00
 0.253814E+01  0.237803E+01  0.884390E+00
 0.254046E+01  0.284944E+01  0.883671E+00
 0.254278E+01  0.290496E+01  0.890042E+00
 0.254509E+01  0.238919E+01  0.884975E+00
 0.254741E+01  0.145519E+01  0.883756E+00
 0.254973E+01  0.167867E+01  0.886851E+00
 0.255204E+01  0.157740E+01  0.879224E+00
 0.255436E+01  0.989683E+00  0.879387E+00
 0.255668E+01  0.445343E+00  0.881329E+00
 0.255900E+01  0.620994E+00  0.888671E+00
 0.256131E+01  0.161468E+01  0.880738E+00
 0.256363E+01  0.249598E+01  0.880697E+00
 0.256595E+01  0.279806E+01  0.887141E+00
 0.256826E+01  0.244985E+01  0.881799E+00
 0.257058E+01  0.116421E+01  0.879975E+00
 0.257290E+01  0.560269E+00  0.887049E+00
 0.257521E+01  0.740729E+00  0.882102E+00
 0.257753E+01  0.107012E+01  0.880687E+00
 0.257985E+01  0.808473E+00  0.878741E+00
 0.258217E+01  0.469951E+00  0.882614E+00
 0.258448E+01  0.853414E+00  0.879340E+00
 0.258680E+01  0.110298E+01  0.880777E+00
 0.258912E+01  0.123586E+01  0.884559E+00
 0.259143E+01  0.148610E+01  0.878634E+00
 0.259375E+01  0.162836E+01  0.878712E+00
 0.259607E+01  0.197733E+01  0.878669E+00
 0.259839E+01  0.185028E+01  0.884891E+00
 0.260070E+01  0.196066E+01  0.877566E+00
 0.260302E+01  0.225830E+01  0.877562E+00
 0.260534E+01  0.251386E+01  0.883842E+00
 0.260765E+01  0.178040E+01  0.877562E+00
 0.260997E+01  0.133814E+01  0.875779E+00
 0.261229E+01  0.118265E+01  0.882033E+00
 0.261460E+01  0.118805E+01  0.878833E+00
 0.261692E+01  0.168452E+01  0.878873E+00
 0.261924E+01  0.164264E+01  0.877571E+00
 0.262156E+01  0.185851E+01  0.882289E+00
 0.262387E+01  0.194565E+01  0.876705E+00
 0.262619E+01  0.169691E+01  0.876277E+00
 0.262851E+01  0.145121E+01  0.879686E+00
 0.263082E+01  0.143251E+01  0.873719E+00
 0.263314E+01  0.174081E+01  0.872891E+00
 0.263546E+01  0.121547E+01  0.880033E+00
 0.263777E+01  0.853546E+00  0.874731E+00
 0.264009E+01  0.896680E+00  0.874281E+00
 0.264241E+01  0.115810E+01  0.873794E+00
 0.264473E+01  0.152903E+01  0.880104E+00
 0.264704E+01  0.183535E+01  0.876323E+00
 0.264936E+01  0.159053E+01  0.873078E+00
 0.265168E+01  0.154982E+01  0.878796E+00
 0.265399E+01  0.190211E+01  0.874036E+00
 0.265631E+01  0.236812E+01  0.872649E+00
 0.265863E+01  0.190122E+01  0.878488E+00
 0.266094E+01  0.118105E+01  0.870757E+00
 0.266326E+01  0.140758E+01  0.871073E+00
 0.266558E+01  0.162961E+01  0.869579E+00
 0.266790E+01  0.129821E+01  0.874863E+00
 0.267021E+01  0.110912E+01  0.870408E+00
 0.267253E+01  0.122332E+01  0.869461E+00
 0.267485E+01  0.210690E+01  0.879358E+00
 0.267716E+01  0.206192E+01  0.872913E+00
 0.267948E+01  0.158680E+01  0.869950E+00
 0.268180E+01  0.155638E+01  0.874556E+00
 0.268411E+01  0.228928E+01  0.869206E+00
 0.268643E+01  0.218334E+01  0.873224E+00
 0.268875E+01  0.162796E+01  0.870573E+00
 0.269107E+01  0.138786E+01  0.874831E+00
 0.269338E+01  0.153087E+01  0.869433E+00
 0.269570E+01  0.147261E+01  0.866974E+00
 0.269802E+01  0.127167E+01  0.875329E+00
 0.270033E+01  0.566631E+00  0.866541E+00
 0.270265E+01  0.357177E+00  0.867407E+00
 0.270497E+01  0.965378E+00  0.867103E+00
 0.270729E+01  0.173466E+01  0.871991E+00
 0.270960E+01  0.220616E+01  0.867182E+00
 0.271192E+01  0.192414E+01  0.864462E+00
 0.271424E+01  0.158300E+01  0.871258E+00
 0.271655E+01  0.200144E+01  0.865773E+00
 0.271887E+01  0.239705E+01  0.865464E+00
 0.272119E+01  0.266033E+01  0.871852E+00
 0.272350E+01  0.273069E+01  0.864406E+00
 0.272582E+01  0.228682E+01  0.866729E+00
 0.272814E+01  0.173893E+01  0.864972E+00
 0.273046E+01  0.135587E+01  0.869863E+00
 0.273277E+01  0.106526E+01  0.864444E+00
 0.273509E+01  0.898176E+00  0.863663E+00
 0.273741E+01  0.117146E+01  0.869172E+00
 0.273972E+01  0.151813E+01  0.861453E+00
 0.274204E+01  0.168706E+01  0.861769E+00
 0.274436E+01  0.182636E+01  0.869672E+00
 0.274667E+01  0.150078E+01  0.863589E+00
 0.274899E+01  0.126829E+01  0.862652E+00
 0.275131E+01  0.111576E+01  0.859083E+00
 0.275363E+01  0.114454E+01  0.865024E+00
 0.275594E+01  0.120669E+01  0.859581E+00
 0.275826E+01  0.112306E+01  0.859120E+00
 0.276058E+01  0.935644E+00  0.865918E+00
 0.276289E+01  0.102265E+01  0.858990E+00
 0.276521E+01  0.155162E+01  0.858163E+00
 0.276753E+01  0.219277E+01  0.862915E+00
 0.276984E+01  0.277406E+01  0.856959E+00
 0.277216E+01  0.205457E+01  0.857480E+00
 0.277448E+01  0.203485E+01  0.857021E+00
 0.277680E+01  0.266654E+01  0.862394E+00
 0.277911E+01  0.229647E+01  0.853396E+00
 0.278143E+01  0.140207E+01  0.853077E+00
 0.278375E+01  0.968374E+00  0.859296E+00
 0.278606E+01  0.167491E+01  0.854239E+00
 0.278838E+01  0.215236E+01  0.852413E+00
 0.279070E+01  0.125988E+01  0.855715E+00
 0.279301E+01 -0.881104E-01  0.849681E+00
 0.279533E+01 -0.118760E+00  0.849285E+00
 0.279765E+01  0.559888E+00  0.850092E+00
 0.279997E+01  0.211583E+01  0.856853E+00
 0.280228E+01  0.195105E+01  0.850769E+00
 0.280460E+01  0.159812E+01  0.849633E+00
 0.280692E+01  0.169840E+01  0.853743E+00
 0.280923E+01  0.141371E+01  0.847981E+00
 0.281155E+01  0.735452E+00  0.846462E+00
 0.281387E+01  0.225379E+00  0.845552E+00
 0.281619E+01  0.875593E+00  0.852830E+00
 0.281850E+01  0.245517E+01  0.845963E+00
 0.282082E+01  0.303085E+01  0.846105E+00
 0.282314E+01  0.263302E+01  0.849953E+00
 0.282545E+01  0.253007E+01  0.844084E+00
 0.282777E+01  0.263489E+01  0.841471E+00
 0.283009E+01  0.247870E+01  0.845484E+00
 0.283240E+01  0.191928E+01  0.839735E+00
 0.283472E+01  0.127116E+01  0.836671E+00
 0.283704E+01  0.113226E+01  0.833555E+00
 0.283936E+01  0.147256E+01  0.838271E+00
 0.284167E+01  0.198198E+01  0.833409E+00
 0.284399E+01  0.162965E+01  0.834380E+00
 0.284631E+01  0.116854E+01  0.838881E+00
 0.284862E+01  0.583163E+00  0.832354E+00
 0.285094E+01  0.886905E+00  0.831047E+00
 0.285326E+01  0.137051E+01  0.836445E+00
 0.285557E+01  0.115378E+01  0.831307E+00
 0.285789E+01  0.423455E+00  0.827755E+00
 0.286021E+01  0.247644E+00  0.826229E+00
 0.286253E+01  0.198377E+00  0.830781E+00
 0.286484E+01  0.361413E+00  0.823985E+00
 0.286716E+01  0.897090E+00  0.820422E+00
 0.286948E+01  0.828523E+00  0.823421E+00
 0.287179E+01  0.731094E+00  0.817025E+00
 0.287411E+01  0.359679E+00  0.812302E+00
 0.287643E+01  0.346844E+00  0.816491E+00
 0.287874E+01  0.755310E+00  0.810057E+00
 0.288106E+01  0.939844E+00  0.808555E+00
 0.288338E+01 -0.104280E+00  0.804916E+00
 0.288570E+01 -0.280577E+00  0.806164E+00
 0.288801E+01  0.590589E+00  0.799560E+00
 0.289033E+01  0.163264E+01  0.798847E+00
 0.289265E+01  0.165135E+01  0.804141E+00
 0.289496E+01  0.113136E+01  0.796323E+00
 0.289728E+01  0.141640E+01  0.792810E+00
 0.289960E+01  0.182612E+01  0.798489E+00
 0.290191E+01  0.158747E+01  0.792228E+00
 0.290423E+01  0.149381E+01  0.792465E+00
 0.290655E+01  0.158978E+01  0.789012E+00
 0.290887E+01  0.172694E+01  0.794469E+00
 0.291118E+01  0.179412E+01  0.790798E+00
 0.291350E+01  0.189022E+01  0.789475E+00
 0.291582E+01  0.192924E+01  0.796289E+00
 0.291813E+01  0.152362E+01  0.791023E+00
 0.292045E+01  0.173468E+01  0.792374E+00
 0.292277E+01  0.220781E+01  0.791446E+00
 0.292509E+01  0.280451E+01  0.794225E+00
 0.292740E+01  0.298296E+01  0.789923E+00
 0.292972E+01  0.223630E+01  0.787519E+00
 0.293204E+01  0.204718E+01  0.794554E+00
 0.293435E+01  0.202664E+01  0.789137E+00
 0.293667E+01  0.164548E+01  0.787334E+00
 0.293899E+01  0.116166E+01  0.793444E+00
 0.294130E+01  0.738489E+00  0.787960E+00
 0.294362E+01  0.181106E+00  0.787870E+00
 0.294594E+01  0.337794E+00  0.786201E+00
 0.294826E+01  0.665543E+00  0.792141E+00
 0.295057E+01  0.503595E+00  0.787139E+00
 0.295289E+01  0.550304E+00  0.784728E+00
 0.295521E+01  0.911375E+00  0.791087E+00
 0.295752E+01  0.909423E+00  0.786662E+00
 0.295984E+01  0.356034E+00  0.786488E+00
 0.296216E+01  0.304055E+00  0.792681E+00
 0.296447E+01  0.534352E+00  0.785574E+00
 0.296679E+01  0.634406E+00  0.786021E+00
 0.296911E+01  0.125051E+01  0.784724E+00
 0.297143E+01  0.146884E+01  0.790429E+00
 0.297374E+01  0.126718E+01  0.785719E+00
 0.297606E+01  0.596194E+00  0.784816E+00
 0.297838E+01  0.749180E+00  0.791306E+00
 0.298069E+01  0.151130E+01  0.785071E+00
 0.298301E+01  0.175681E+01  0.785704E+00
 0.298533E+01  0.212456E+01  0.790668E+00
 0.298764E+01  0.217833E+01  0.786407E+00
 0.298996E+01  0.116280E+01  0.787220E+00
 0.299228E+01  0.418470E+00  0.784832E+00
 0.299460E+01  0.579441E+00  0.789871E+00
 0.299691E+01  0.126405E+01  0.785096E+00
 0.299923E+01  0.153935E+01  0.785874E+00
 0.300155E+01  0.952311E+00  0.791464E+00
 0.300386E+01  0.962186E+00  0.786540E+00
 0.300618E+01  0.891047E+00  0.785845E+00
 0.300850E+01  0.789388E+00  0.789710E+00
 0.301081E+01  0.102336E+01  0.783795E+00
 0.301313E+01  0.156012E+01  0.784698E+00
 0.301545E+01  0.171768E+01  0.785253E+00
 0.301777E+01  0.127559E+01  0.791024E+00
 0.302008E+01  0.598116E+00  0.783494E+00
 0.302240E+01  0.518541E+00  0.783088E+00
 0.302472E+01  0.942992E+00  0.788306E+00
 0.302703E+01  0.134207E+01  0.785342E+00
 0.302935E+01  0.155481E+01  0.787018E+00
---------C:\Users\Denis\Desktop\saxs080909\dones\mcut.dat-------------------
 Merge of: Mcggr1.dat                                                                                                                                                                                                                                           
Mcggr1.dat    Conc = .10E+01  Mult = .10E+01  N1 =    1  N2 = 1285  SCALE =  1                                                                                                                                                                                  
