    Q               I
0.044132877	873.7063
0.044681072	838.26556
0.045229264	802.27338
0.045777459	769.80548
0.04632565	737.59052
0.046873845	708.98138
0.047422037	682.62299
0.047970232	658.36157
0.048518427	630.96259
0.049066618	604.83075
0.049614813	583.71759
0.050163005	560.73267
0.0507112	538.30194
0.051259391	516.68762
0.051807586	497.84363
0.052355777	481.94528
0.052903973	466.00339
0.053452164	449.60379
0.054000359	433.49387
0.05454855	418.57996
0.055096745	405.82346
0.055644937	391.45056
0.056193132	377.15094
0.056741323	363.66583
0.057289518	352.3179
0.057837714	342.30994
0.058385905	330.20364
0.0589341	320.2991
0.059482291	310.3049
0.060030486	301.06995
0.060578678	292.67355
0.061126873	283.69476
0.061675064	275.08469
0.062223259	267.43393
0.062771454	260.09045
0.063319646	252.22946
0.063867837	244.58952
0.064416029	238.48218
0.064964227	232.59303
0.065512419	225.8196
0.06606061	218.71184
0.066608809	213.17786
0.067157	207.50296
0.067705192	201.67874
0.068253383	196.74095
0.068801582	190.67155
0.069349773	185.83607
0.069897965	181.40567
0.070446156	176.82809
0.070994355	173.19318
0.071542546	168.31177
0.072090738	163.97592
0.072638929	159.88924
0.073187128	155.84441
0.073735319	152.03308
0.07428351	148.60803
0.074831709	144.88841
0.075379901	141.8304
0.075928092	139.29819
0.076476283	135.76862
0.077024482	132.36447
0.077572674	129.43523
0.078120865	127.21646
0.078669056	124.53941
0.079217255	121.38761
0.079765446	118.52895
0.080313638	115.85104
0.080861829	113.89395
0.081410028	111.70515
0.081958219	109.20834
0.082506411	107.36372
0.083054602	105.39822
0.083602801	103.10538
0.084150992	101.41132
0.084699184	99.160545
0.085247383	97.320427
0.085795574	95.551346
0.086343765	93.72834
0.086891957	92.076889
0.087440155	89.629242
0.087988347	88.633804
0.088536538	87.025688
0.08908473	84.577911
0.089632928	83.489037
0.09018112	82.570854
0.090729311	81.259575
0.091277502	79.63829
0.091825701	78.391586
0.092373893	76.384689
0.092922084	75.280014
0.093470283	74.244156
0.094018474	72.783096
0.094566666	71.783409
0.095114857	70.30938
0.095663056	69.25676
0.096211247	68.533112
0.096759439	67.508675
0.09730763	66.561111
0.097855829	65.752144
0.09840402	64.370995
0.098952211	63.193733
0.099500403	62.335728
0.1000486	61.568462
0.10059679	60.772079
0.10114498	59.842907
0.10169318	59.207336
0.10224137	58.770374
0.10278957	57.703907
0.10333776	56.302307
0.10388596	55.968037
0.10443415	55.307217
0.10498234	54.696102
0.10553053	53.773518
0.10607873	53.053219
0.10662692	52.365105
0.10717511	51.743671
0.1077233	51.055656
0.1082715	50.361637
0.10881969	49.91943
0.10936788	49.380333
0.10991608	48.554028
0.11046427	47.882191
0.11101247	47.501904
0.11156066	46.790276
0.11210886	46.444714
0.11265705	45.930023
0.11320524	45.214928
0.11375343	44.606895
0.11430163	44.087952
0.11484982	43.252686
0.11539801	42.612099
0.1159462	42.18618
0.1164944	42.19849
0.11704259	42.175331
0.11759079	41.593079
0.11813898	41.079918
0.11868718	40.622814
0.11923537	40.283459
0.11978356	39.607529
0.12033176	39.16116
0.12087995	38.501362
0.12142814	38.179039
0.12197633	38.060909
0.12252453	38.148811
0.12307272	38.239613
0.12362091	37.530151
0.1241691	36.926182
0.1247173	36.571423
0.12526549	36.312004
0.12581369	35.9142
0.12636188	35.533474
0.12691008	35.181496
0.12745827	34.715168
0.12800646	34.550518
0.12855466	34.550751
0.12910284	34.226387
0.12965104	33.644829
0.13019924	33.146236
0.13074742	32.918354
0.13129562	32.814766
0.13184382	32.68351
0.132392	32.418758
0.1329402	32.158096
0.13348839	31.852715
0.13403659	31.608459
0.13458478	31.347347
0.13513297	30.738705
0.13568117	30.385979
0.13622937	30.245234
0.13677755	30.225229
0.13732575	30.005766
0.13787395	29.727833
0.13842213	29.620571
0.13897033	29.53154
0.13951851	29.35276
0.14006671	29.052948
0.14061491	28.915987
0.1411631	28.795496
0.14171129	28.342916
0.14225949	28.06818
0.14280768	27.95035
0.14335588	27.713539
0.14390406	27.395861
0.14445226	27.378584
0.14500046	27.272463
0.14554864	26.774734
0.14609684	26.567604
0.14664504	26.584496
0.14719322	26.560776
0.14774142	26.323957
0.14828962	25.983368
0.1488378	25.584534
0.149386	25.519957
0.14993419	25.425016
0.15048239	25.170958
0.15103059	24.934816
0.15157877	24.808434
0.15212697	24.810337
0.15267517	24.657595
0.15322335	24.62538
0.15377155	24.742163
0.15431975	24.531343
0.15486793	24.247818
0.15541613	24.184666
0.15596431	23.878712
0.15651251	23.677135
0.15706071	23.570549
0.1576089	23.56135
0.1581571	23.314325
0.15870529	23.252941
0.15925348	23.122561
0.15980168	22.998238
0.16034986	22.710161
0.16089806	22.541813
0.16144626	22.338633
0.16199444	22.289431
0.16254264	22.389944
0.16309084	22.385803
0.16363902	22.135191
0.16418722	21.839884
0.16473542	21.592852
0.16528361	21.533646
0.1658318	21.718615
0.16637999	21.721647
0.16692819	21.500355
0.16747639	21.328762
0.16802457	21.253311
0.16857277	21.346714
0.16912097	21.224792
0.16966915	21.055689
0.17021735	20.844608
0.17076553	20.839602
0.17131373	20.780079
0.17186193	20.544716
0.17241012	20.582781
0.17295831	20.534678
0.17350651	20.363113
0.1740547	20.094631
0.1746029	20.006491
0.17515109	19.909084
0.17569928	19.841936
0.17624748	19.859112
0.17679566	19.849665
0.17734386	19.891542
0.17789206	19.784925
0.17844024	19.456549
0.17898844	19.2981
0.17953664	19.322918
0.18008482	19.194908
0.18063302	19.046793
0.18118122	18.956703
0.18172941	18.893736
0.1822776	18.851694
0.18282579	18.781143
0.18337399	18.675865
0.18392219	18.61759
0.18447037	18.645689
0.18501857	18.55456
0.18556677	18.533485
0.18611495	18.454782
0.18666315	18.311317
0.18721133	18.112057
0.18775953	18.058834
0.18830773	17.939753
0.18885592	17.875101
0.18940412	17.905542
0.18995231	17.860029
0.1905005	17.860918
0.1910487	17.892721
0.1915969	17.726524
0.19214508	17.589457
0.19269328	17.694654
0.19324146	17.567333
0.19378966	17.302887
0.19433786	17.233038
0.19488604	17.37114
0.19543424	17.474113
0.19598244	17.335281
0.19653063	17.167629
0.19707882	16.994862
0.19762702	17.060232
0.19817521	17.026854
0.19872341	16.938972
0.19927159	16.973068
0.19981979	16.940624
0.20036799	16.789272
0.20091617	16.780209
0.20146437	16.809649
0.20201257	16.730389
0.20256075	16.677362
0.20310895	16.605349
0.20365714	16.621788
0.20420533	16.578783
0.20475353	16.444029
0.20530172	16.231672
0.20584992	16.202229
0.20639811	16.250305
0.2069463	16.190065
0.2074945	16.07262
0.2080427	15.965792
0.20859088	16.028048
0.20913908	16.060246
0.20968726	16.034927
0.21023546	15.930522
0.21078366	15.872437
0.21133184	15.857759
0.21188004	15.890938
0.21242824	15.846282
0.21297643	15.744644
0.21352462	15.724445
0.21407281	15.715786
0.21462101	15.612976
0.21516921	15.507476
0.21571739	15.530546
0.21626559	15.539022
0.21681379	15.466529
0.21736197	15.54429
0.21791017	15.444267
0.21845837	15.203908
0.21900655	15.142686
0.21955475	15.273181
0.22010294	15.300509
0.22065113	15.178978
0.22119933	15.121355
0.22174752	15.24318
0.22229572	15.313606
0.22284392	15.149097
0.2233921	15.09135
0.2239403	15.044974
0.2244885	14.98555
0.22503668	14.92072
0.22558488	14.84178
0.22613306	14.677432
0.22668126	14.67212
0.22722946	14.678469
0.22777764	14.717467
0.22832584	14.720005
0.22887404	14.664816
0.22942223	14.650281
0.22997043	14.636428
0.23051861	14.677608
0.23106681	14.565293
0.23161501	14.435822
0.23216319	14.524297
0.23271139	14.564191
0.23325959	14.630656
0.23380777	14.546076
0.23435597	14.506978
0.23490417	14.413969
0.23545235	14.369279
0.23600055	14.317427
0.23654874	14.321569
0.23709694	14.215066
0.23764513	14.406989
0.23819332	14.358191
0.23874152	14.282265
0.23928972	14.143915
0.2398379	14.121771
0.2403861	14.122857
0.24093428	14.072819
0.24148248	13.991028
0.24203068	13.962538
0.24257886	13.986526
0.24312706	13.863981
0.24367526	13.779235
0.24422345	13.843522
0.24477164	13.885859
0.24531984	13.916894
0.24586803	13.96047
0.24641623	13.804069
0.24696441	13.746033
0.24751261	13.69474
0.24806081	13.655739
0.24860899	13.692907
0.24915719	13.677359
0.24970539	13.617938
0.25025359	13.608684
0.25080177	13.673341
0.25134996	13.734938
0.25189817	13.604247
0.25244635	13.645638
0.25299454	13.643851
0.25354275	13.565139
0.25409093	13.459548
0.25463912	13.353813
0.2551873	13.273822
0.25573552	13.337237
0.2562837	13.465294
0.25683188	13.481983
0.2573801	13.247282
0.25792828	13.233065
0.25847647	13.251599
0.25902468	13.281959
0.25957286	13.349843
0.26012105	13.295174
0.26066926	13.242198
0.26121745	13.321132
0.26176563	13.300368
0.26231384	13.306291
0.26286203	13.272396
0.26341021	13.2374
0.26395842	13.278229
0.26450661	13.327019
0.26505479	13.21725
0.26560298	13.15034
0.26615119	13.081095
0.26669937	13.041368
0.26724756	13.041375
0.26779577	13.007298
0.26834396	12.971685
0.26889214	13.083027
0.26944035	13.106607
0.26998854	13.041654
0.27053672	12.880651
0.27108493	12.851974
0.27163312	12.796404
0.2721813	12.784205
0.27272952	12.850555
0.2732777	12.824628
0.27382588	12.824798
0.2743741	12.880342
0.27492228	12.902995
0.27547047	12.90954
0.27601865	12.990848
0.27656686	12.801276
0.27711505	12.612387
0.27766323	12.65161
0.27821144	12.69316
0.27875963	12.721425
0.27930781	12.699066
0.27985603	12.806298
0.28040421	12.817122
0.28095239	12.696224
0.28150061	12.665386
0.28204879	12.678949
0.28259698	12.639226
0.28314519	12.636126
0.28369337	12.684969
0.28424156	12.606289
0.28478977	12.495957
0.28533795	12.543709
0.28588614	12.685622
0.28643435	12.722647
0.28698254	12.625344
0.28753072	12.60499
0.2880789	12.4021
0.28862712	12.408382
0.2891753	12.444626
0.28972349	12.478802
0.2902717	12.525831
0.29081988	12.515636
0.29136807	12.452408
0.29191628	12.406725
0.29246446	12.4252
0.29301265	12.511171
0.29356086	12.376544
0.29410905	12.347411
0.29465723	12.44182
0.29520544	12.364957
0.29575363	12.460586
0.29630181	12.469886
0.29685003	12.387856
0.29739821	12.37289
0.29794639	12.381513
0.29849458	12.383905
0.29904279	12.218123
0.29959098	12.239637
0.30013916	12.255954
0.30068737	12.25633
0.30123556	12.214533
0.30178374	12.157034
0.30233195	12.223325
0.30288014	12.293762
0.30342832	12.278347
0.30397654	12.223265
0.30452472	12.26362
0.3050729	12.200443
0.30562112	12.106451
0.3061693	12.096926
0.30671749	12.151225
0.3072657	12.150758
0.30781388	12.17196
0.30836207	12.272799
0.30891025	12.263294
0.30945846	12.19921
0.31000665	12.088477
0.31055483	12.063098
0.31110305	12.015618
0.31165123	12.04103
0.31219941	12.094045
0.31274763	12.069885
0.31329581	11.940413
0.313844	11.936648
0.31439221	12.013562
0.31494039	12.101692
0.31548858	12.08515
0.31603679	12.048921
0.31658497	11.971693
0.31713316	12.01618
0.31768137	12.03221
0.31822956	11.961018
0.31877774	11.98282
0.31932592	11.911429
0.31987414	11.868364
0.32042232	11.952437
0.32097051	11.95536
0.32151872	11.914915
0.3220669	11.940998
0.32261509	12.051179
0.3231633	12.022095
0.32371148	11.931712
0.32425967	11.89504
0.32480788	11.871965
0.32535607	11.931934
0.32590425	11.96217
0.32645246	11.925586
0.32700065	11.854239
0.32754883	11.748836
0.32809705	11.797201
0.32864523	11.877594
0.32919341	11.908417
0.32974163	11.935255
0.33028981	11.851946
0.33083799	11.709589
0.33138618	11.792332
0.33193439	11.851652
0.33248258	11.790577
0.33303076	11.860736
0.33357897	11.844831
0.33412716	11.894341
0.33467534	11.980793
0.33522356	11.933311
0.33577174	11.774121
0.33631992	11.740695
0.33686814	11.789972
0.33741632	11.839848
0.3379645	11.821103
0.33851272	11.817266
0.3390609	11.734638
0.33960909	11.695865
0.3401573	11.705099
0.34070548	11.719427
0.34125367	11.686331
0.34180185	11.751614
0.34235007	11.734536
0.34289825	11.66831
0.34344643	11.616108
0.34399465	11.560578
0.34454283	11.716922
0.34509102	11.811822
0.34563923	11.743898
0.34618741	11.662787
0.3467356	11.567759
0.34728381	11.656424
0.34783199	11.666552
0.34838018	11.531066
0.34892839	11.500783
0.34947658	11.601527
0.35002476	11.605819
0.35057297	11.581627
0.35112116	11.688983
0.35166934	11.614218
0.35221753	11.518621
0.35276574	11.539178
0.35331392	11.586775
0.35386211	11.591745
0.35441032	11.606698
0.3549585	11.700295
0.35550669	11.681031
0.3560549	11.567696
0.35660309	11.561349
0.35715127	11.606227
0.35769948	11.64016
0.35824767	11.68086
0.35879585	11.604964
0.35934407	11.636207
0.35989225	11.647774
0.36044043	11.653297
0.36098865	11.629047
0.36153683	11.680118
0.36208501	11.669358
0.3626332	11.675129
0.36318141	11.584479
0.3637296	11.591081
0.36427778	11.59451
0.36482599	11.541388
0.36537418	11.527694
0.36592236	11.483353
0.36647058	11.464368
0.36701876	11.548891
0.36756694	11.583864
0.36811516	11.605021
0.36866334	11.66265
0.36921152	11.543682
0.36975974	11.477644
0.37030792	11.416726
0.37085611	11.484644
0.37140432	11.473817
0.3719525	11.482896
0.37250069	11.393305
0.3730489	11.497576
0.37359709	11.549002
0.37414527	11.460445
0.37469345	11.386779
0.37524167	11.356859
0.37578985	11.51388
0.37633803	11.675223
0.37688625	11.623969
0.37743443	11.53821
0.37798262	11.444637
0.37853083	11.513788
0.37907901	11.440643
0.3796272	11.365262
0.38017541	11.386624
0.3807236	11.497723
0.38127178	11.494984
0.38181999	11.412744
0.38236818	11.36687
0.38291636	11.40556
0.38346457	11.449298
0.38401276	11.458481
0.38456094	11.395603
0.38510913	11.381484
0.38565734	11.379743
0.38620552	11.448314
0.38675371	11.482664
0.38730192	11.418639
0.38785011	11.314957
0.38839829	11.442867
0.3889465	11.560021
0.38949469	11.49033
0.39004287	11.409977
0.39059108	11.308384
0.39113927	11.406447
0.39168745	11.396194
0.39223567	11.462225
0.39278385	11.363968
0.39333203	11.388378
0.39388025	11.41821
0.39442843	11.380919
0.39497662	11.354578
0.3955248	11.348267
0.39607301	11.396647
0.3966212	11.33828
0.39716938	11.304273
0.3977176	11.338406
0.39826578	11.414927
0.39881396	11.462138
0.39936218	11.347425
0.39991036	11.303178
0.40045854	11.370112
0.40100676	11.340029
0.40155494	11.303831
0.40210313	11.353904
0.40265134	11.354585
0.40319952	11.291795
0.40374771	11.352779
0.40429592	11.345058
0.40484411	11.315981
0.40539229	11.242984
0.40594047	11.267509
0.40648869	11.305593
0.40703687	11.308496
0.40758505	11.323841
0.40813327	11.272071
0.40868145	11.271184
0.40922964	11.329277
0.40977785	11.269745
0.41032603	11.246444
0.41087422	11.240977
0.41142243	11.213376
0.41197062	11.220577
0.4125188	11.254537
0.41306701	11.338449
0.4136152	11.379763
0.41416338	11.299847
0.41471159	11.259255
0.41525978	11.31801
0.41580796	11.364464
0.41635615	11.374674
0.41690436	11.390522
0.41745254	11.422671
0.41800073	11.360903
0.41854894	11.249733
0.41909713	11.192719
0.41964531	11.119979
0.42019352	11.281354
0.42074171	11.259447
0.42128989	11.281197
0.4218381	11.276274
0.42238629	11.130933
0.42293447	11.113504
0.42348269	11.148223
0.42403087	11.183279
0.42457905	11.232826
0.42512727	11.193693
0.42567545	11.141304
0.42622364	11.213365
0.42677185	11.228302
0.42732003	11.26748
0.42786822	11.247912
0.4284164	11.224153
0.42896461	11.241709
0.4295128	11.222842
0.43006098	11.192613
0.4306092	11.208607
0.43115738	11.25277
0.43170556	11.230552
0.43225378	11.165009
0.43280196	11.195786
0.43335015	11.261642
0.43389836	11.271894
0.43444654	11.242085
0.43499473	11.175882
0.43554294	11.227396
0.43609113	11.306117
0.43663931	11.232526
0.43718752	11.216377
0.43773571	11.255532
0.43828389	11.238221
0.43883207	11.182885
0.43938029	11.193929
0.43992847	11.187315
0.44047666	11.195588
0.44102487	11.274797
0.44157305	11.215199
0.44212124	11.17706
0.44266945	11.164622
0.44321764	11.159615
0.44376582	11.212127
0.44431403	11.195744
0.44486222	11.164084
0.4454104	11.114006
0.44595861	11.106157
0.4465068	11.165495
0.44705498	11.254848
0.4476032	11.260076
0.44815138	11.192011
0.44869956	11.09931
0.44924775	11.130662
0.44979596	11.139644
0.45034415	11.111048
0.45089233	11.072256
0.45144054	11.048637
0.45198873	11.113981
0.45253691	11.084585
0.45308512	11.085513
0.45363331	11.042269
0.45418149	11.064498
0.45472971	11.069947
0.45527789	11.090301
0.45582607	11.137549
0.45637429	11.165077
0.45692247	11.116263
0.45747066	11.15708
0.45801887	11.145065
0.45856705	11.106917
0.45911524	11.105298
0.45966342	11.1172
0.46021163	11.127232
0.46075982	11.190119
0.461308	11.227875
0.46185622	11.1793
0.4624044	11.228824
0.46295258	11.19644
0.4635008	11.137805
0.46404898	11.134627
0.46459717	11.120628
0.46514538	11.082886
0.46569356	11.161815
0.46624175	11.225958
0.46678996	11.151685
0.46733814	11.148047
0.46788633	11.162897
0.46843454	11.086069
0.46898273	11.123143
0.46953091	11.120887
0.47007912	11.091262
0.47062731	11.084655
0.47117549	11.068736
0.47172368	11.070574
0.47227189	11.167747
0.47282007	11.178485
0.47336826	11.154506
0.47391647	11.122886
0.47446465	11.063931
0.47501284	10.958616
0.47556105	10.982327
0.47610924	11.072747
0.47665742	11.031281
0.47720563	11.155272
0.47775382	11.220694
0.478302	11.089208
0.47885022	11.132047
0.4793984	11.193322
0.47994658	11.109002
0.4804948	11.086992
0.48104298	11.132439
0.48159117	11.048158
0.48213935	11.03962
