0.0140 0.0938 9.1951e-4    
0.0147 0.0924 8.6091e-4    
0.0154 0.0913 8.2422e-4    
0.0162 0.0902 7.7427e-4    
0.0169 0.0898 7.4451e-4    
0.0176 0.0888 7.2187e-4    
0.0184 0.0879 6.9923e-4    
0.0191 0.0867 6.7302e-4    
0.0198 0.0856 6.5472e-4    
0.0206 0.0837 6.3876e-4    
0.0213 0.0821 6.1708e-4    
0.0220 0.0823 6.0669e-4    
0.0228 0.0811 5.9109e-4    
0.0235 0.0800 5.7755e-4    
0.0243 0.0783 5.7342e-4    
0.0250 0.0773 5.5161e-4    
0.0257 0.0772 5.4585e-4    
0.0265 0.0756 5.3387e-4    
0.0272 0.0746 5.3138e-4    
0.0279 0.0728 5.1904e-4    
0.0287 0.0717 5.0551e-4    
0.0294 0.0700 5.0360e-4    
0.0301 0.0687 4.9322e-4    
0.0309 0.0681 4.8601e-4    
0.0316 0.0670 4.7940e-4    
0.0323 0.0663 4.7274e-4    
0.0331 0.0655 4.6714e-4    
0.0338 0.0633 4.5908e-4    
0.0345 0.0620 4.5029e-4    
0.0353 0.0608 4.4709e-4    
0.0360 0.0592 4.3944e-4    
0.0367 0.0581 4.3801e-4    
0.0375 0.0573 4.2787e-4    
0.0382 0.0564 4.2393e-4    
0.0389 0.0520 4.0789e-4    
0.0397 0.0528 4.2920e-4    
0.0404 0.0521 4.2700e-4    
0.0412 0.0508 4.2502e-4    
0.0419 0.0501 4.2801e-4    
0.0426 0.0492 4.2620e-4    
0.0434 0.0478 4.2390e-4    
0.0441 0.0473 4.2231e-4    
0.0448 0.0462 4.2058e-4    
0.0456 0.0458 4.2531e-4    
0.0463 0.0447 4.1864e-4    
0.0470 0.0434 4.1488e-4    
0.0478 0.0426 4.1560e-4    
0.0485 0.0417 4.1342e-4    
0.0492 0.0410 4.1205e-4    
0.0500 0.0400 4.0786e-4    
0.0507 0.0393 4.1041e-4    
0.0514 0.0381 4.0661e-4    
0.0522 0.0372 4.0427e-4    
0.0529 0.0360 4.0103e-4    
0.0536 0.0359 3.9733e-4    
0.0544 0.0350 4.0055e-4    
0.0551 0.0339 3.9781e-4    
0.0558 0.0333 3.9712e-4    
0.0566 0.0324 3.9229e-4    
0.0573 0.0320 3.9147e-4    
0.0581 0.0310 3.9136e-4    
0.0588 0.0304 3.8778e-4    
0.0595 0.0299 3.8586e-4    
0.0603 0.0294 3.8639e-4    
0.0610 0.0284 3.8349e-4    
0.0617 0.0283 3.8126e-4    
0.0625 0.0279 3.7799e-4    
0.0632 0.0271 3.7572e-4    
0.0639 0.0267 3.8046e-4    
0.0647 0.0255 3.7670e-4    
0.0654 0.0247 3.7161e-4    
0.0661 0.0246 3.7398e-4    
0.0669 0.0242 3.6932e-4    
0.0676 0.0237 3.6999e-4    
0.0683 0.0232 3.6867e-4    
0.0691 0.0230 3.6811e-4    
0.0698 0.0227 3.6903e-4    
0.0705 0.0221 3.6312e-4    
0.0713 0.0213 3.6216e-4    
0.0720 0.0212 3.6227e-4    
0.0727 0.0208 3.6145e-4    
0.0735 0.0200 3.6226e-4    
0.0742 0.0198 3.5799e-4    
0.0750 0.0195 3.5433e-4    
0.0757 0.0189 3.5590e-4    
0.0764 0.0183 3.5256e-4    
0.0772 0.0182 3.5475e-4    
0.0779 0.0179 3.5096e-4    
0.0786 0.0177 3.5021e-4    
0.0794 0.0172 3.4938e-4    
0.0801 0.0167 3.4803e-4    
0.0808 0.0166 3.4642e-4    
0.0816 0.0164 3.4644e-4    
0.0823 0.0156 3.4644e-4    
0.0830 0.0151 3.4394e-4    
0.0838 0.0152 3.4021e-4    
0.0845 0.0148 3.4247e-4    
0.0852 0.0142 3.4177e-4    
0.0860 0.0141 3.4017e-4    
0.0867 0.0141 3.3886e-4    
0.0874 0.0135 3.3615e-4    
0.0882 0.0131 3.3651e-4    
0.0889 0.0130 3.3502e-4    
0.0896 0.0130 3.3642e-4    
0.0904 0.0124 3.3260e-4    
0.0911 0.0127 3.3339e-4    
0.0919 0.0119 3.3292e-4    
0.0926 0.0119 3.3107e-4    
0.0933 0.0116 3.3057e-4    
0.0941 0.0112 3.2845e-4    
0.0948 0.0108 3.3048e-4    
0.0955 0.0110 3.2700e-4    
0.0963 0.0104 3.2576e-4    
0.0970 0.0101 3.2557e-4    
0.0977 0.0100 3.2485e-4    
0.0985 0.0102 3.2507e-4    
0.0992 0.0100 3.2213e-4    
0.0999 9.4376e-3 3.2229e-4  
0.1007 9.1404e-3 3.2242e-4  
0.1014 9.0025e-3 3.1961e-4  
0.1021 8.7850e-3 3.1976e-4  
0.1029 9.1211e-3 3.1840e-4  
0.1036 8.9583e-3 3.1848e-4  
0.1043 8.4085e-3 3.1770e-4  
0.1051 8.3002e-3 3.1638e-4  
0.1058 7.9600e-3 3.1475e-4  
0.1065 7.9211e-3 3.1498e-4  
0.1073 7.7718e-3 3.1602e-4  
0.1080 7.6558e-3 3.1278e-4  
0.1087 7.6859e-3 3.1161e-4  
0.1095 7.9298e-3 3.1294e-4  
0.1102 7.5856e-3 3.1305e-4  
0.1110 7.3850e-3 3.1078e-4  
0.1117 7.3028e-3 3.0883e-4  
0.1124 6.9698e-3 3.1048e-4  
0.1132 7.0139e-3 3.0917e-4  
0.1139 6.7953e-3 3.0891e-4  
0.1146 6.7572e-3 3.0732e-4  
0.1154 6.4988e-3 3.0496e-4  
0.1161 6.5714e-3 3.0789e-4  
0.1168 6.4154e-3 3.0518e-4  
0.1176 5.9534e-3 3.0380e-4  
0.1183 5.9046e-3 3.0416e-4  
0.1190 5.8463e-3 3.0370e-4  
0.1198 5.6181e-3 3.0371e-4  
0.1205 5.3734e-3 3.0088e-4  
0.1212 5.3962e-3 3.0093e-4  
0.1220 5.5193e-3 3.0141e-4  
0.1227 5.6539e-3 2.9988e-4  
0.1234 5.5890e-3 3.0022e-4  
0.1242 5.2794e-3 2.9749e-4  
0.1249 5.2530e-3 2.9850e-4  
0.1256 5.3845e-3 2.9883e-4  
0.1264 4.8263e-3 2.9657e-4  
0.1271 4.8401e-3 2.9804e-4  
0.1278 4.8532e-3 2.9467e-4  
0.1286 4.8183e-3 2.9605e-4  
0.1293 4.5831e-3 2.9416e-4  
0.1300 4.1827e-3 2.9529e-4  
0.1308 4.2063e-3 2.9268e-4  
0.1315 4.6231e-3 2.9427e-4  
0.1323 4.6461e-3 2.9375e-4  
0.1330 4.4264e-3 2.9281e-4  
0.1337 4.2036e-3 2.9110e-4  
0.1345 4.4470e-3 2.9155e-4  
0.1352 4.2035e-3 2.9175e-4  
0.1359 4.0717e-3 2.8857e-4  
0.1367 4.2066e-3 2.8969e-4  
0.1374 4.1546e-3 2.9026e-4  
0.1381 3.8046e-3 2.8807e-4  
0.1389 3.7000e-3 2.8704e-4  
0.1396 3.4651e-3 2.8664e-4  
0.1403 3.9914e-3 2.8737e-4  
0.1411 3.7485e-3 2.8752e-4  
0.1418 3.8069e-3 2.8580e-4  
0.1425 3.7206e-3 2.8597e-4  
0.1433 3.3658e-3 2.8428e-4  
0.1440 3.3981e-3 2.8463e-4  
0.1447 3.3033e-3 2.8469e-4  
0.1455 3.4093e-3 2.8321e-4  
0.1462 3.1890e-3 2.8416e-4  
0.1469 3.3621e-3 2.8134e-4  
0.1477 3.2095e-3 2.8155e-4  
0.1484 3.0931e-3 2.8170e-4  
0.1491 2.9728e-3 2.7956e-4  
0.1499 3.0331e-3 2.8274e-4  
0.1506 2.9911e-3 2.8032e-4  
0.1513 2.9021e-3 2.8031e-4  
0.1521 2.6448e-3 2.7812e-4  
0.1528 2.8191e-3 2.7768e-4  
0.1536 3.0166e-3 2.7940e-4  
0.1543 3.0101e-3 2.7842e-4  
0.1550 2.7185e-3 2.7823e-4  
0.1558 2.8566e-3 2.7627e-4  
0.1565 2.9929e-3 2.7555e-4  
0.1572 2.5168e-3 2.7678e-4  
0.1580 2.6444e-3 2.7584e-4  
0.1587 2.4672e-3 2.7439e-4  
0.1594 2.5411e-3 2.7497e-4  
0.1602 2.7422e-3 2.7462e-4  
0.1609 2.5841e-3 2.7395e-4  
0.1616 2.5199e-3 2.7234e-4  
0.1624 2.4412e-3 2.7300e-4  
0.1631 2.5855e-3 2.7384e-4  
0.1638 2.4013e-3 2.7339e-4  
0.1646 2.5433e-3 2.7168e-4  
0.1653 2.4058e-3 2.6983e-4  
0.1660 2.1444e-3 2.7188e-4  
0.1668 2.3213e-3 2.7064e-4  
0.1675 1.9830e-3 2.7172e-4  
0.1682 2.0119e-3 2.6915e-4  
0.1690 2.1664e-3 2.6971e-4  
0.1697 2.3694e-3 2.6942e-4  
0.1704 2.0161e-3 2.6828e-4  
0.1712 2.3468e-3 2.6772e-4  
0.1719 2.2453e-3 2.6899e-4  
0.1726 2.1776e-3 2.6741e-4  
0.1734 2.1074e-3 2.6811e-4  
0.1741 2.2282e-3 2.6532e-4  
0.1748 1.9634e-3 2.6703e-4  
0.1756 2.1056e-3 2.6656e-4  
0.1763 2.2134e-3 2.6580e-4  
0.1770 1.8818e-3 2.6591e-4  
0.1778 2.0216e-3 2.6288e-4  
0.1785 1.7746e-3 2.6483e-4  
0.1792 1.9607e-3 2.6457e-4  
0.1800 2.0393e-3 2.6367e-4  
0.1807 1.9871e-3 2.6275e-4  
0.1815 2.0806e-3 2.6319e-4  
0.1822 1.9296e-3 2.6305e-4  
0.1829 1.8049e-3 2.6152e-4  
0.1837 1.8528e-3 2.6063e-4  
0.1844 1.8551e-3 2.6231e-4  
0.1851 1.7452e-3 2.6229e-4  
0.1859 1.8465e-3 2.6079e-4  
0.1866 1.4768e-3 2.5996e-4  
0.1873 1.4411e-3 2.5971e-4  
0.1881 1.4507e-3 2.6075e-4  
0.1888 1.5309e-3 2.5986e-4  
0.1895 1.7590e-3 2.5821e-4  
0.1903 1.8588e-3 2.5880e-4  
0.1910 1.5087e-3 2.5906e-4  
0.1917 1.8069e-3 2.5827e-4  
0.1925 1.8707e-3 2.5755e-4  
0.1932 1.9372e-3 2.5699e-4  
0.1939 1.8127e-3 2.5800e-4  
0.1947 1.4405e-3 2.5688e-4  
0.1954 1.6572e-3 2.5671e-4  
0.1961 1.6450e-3 2.5523e-4  
0.1969 1.5745e-3 2.5539e-4  
0.1976 1.6306e-3 2.5686e-4  
0.1983 1.7147e-3 2.5525e-4  
0.1991 1.5724e-3 2.5351e-4  
0.1998 1.7678e-3 2.5397e-4  
0.2005 1.5816e-3 2.5468e-4  
0.2013 1.6120e-3 2.5404e-4  
0.2020 1.7078e-3 2.5278e-4  
0.2027 1.7947e-3 2.5385e-4  
0.2035 1.5529e-3 2.5365e-4  
0.2042 1.6941e-3 2.5292e-4  
0.2049 1.5739e-3 2.5259e-4  
0.2057 1.5790e-3 2.5212e-4  
0.2064 1.6672e-3 2.5288e-4  
0.2071 1.5647e-3 2.5188e-4  
0.2079 1.3719e-3 2.5123e-4  
0.2086 1.1970e-3 2.5055e-4  
0.2093 1.2425e-3 2.5070e-4  
0.2101 1.4272e-3 2.5175e-4  
0.2108 1.3293e-3 2.4995e-4  
0.2115 1.3697e-3 2.4951e-4  
0.2123 1.2833e-3 2.4834e-4  
0.2130 1.3371e-3 2.4945e-4  
0.2137 1.4542e-3 2.5009e-4  
0.2145 1.5904e-3 2.4708e-4  
0.2152 1.4031e-3 2.5020e-4  
0.2159 1.1649e-3 2.4916e-4  
0.2167 1.1977e-3 2.4729e-4  
0.2174 1.0869e-3 2.4807e-4  
0.2181 1.4643e-3 2.4712e-4  
0.2189 1.5867e-3 2.4926e-4  
0.2196 1.3200e-3 2.4581e-4  
0.2204 1.4008e-3 2.4725e-4  
0.2211 1.6343e-3 2.4693e-4  
0.2218 1.4022e-3 2.4632e-4  
0.2226 1.2400e-3 2.4609e-4  
0.2233 1.2921e-3 2.4601e-4  
0.2240 1.2869e-3 2.4591e-4  
0.2248 1.1516e-3 2.4578e-4  
0.2255 1.1270e-3 2.4499e-4  
0.2262 1.1787e-3 2.4514e-4  
0.2270 1.1637e-3 2.4500e-4  
0.2277 1.0800e-3 2.4558e-4  
0.2284 1.1266e-3 2.4488e-4  
0.2292 1.0435e-3 2.4361e-4  
0.2299 1.2195e-3 2.4350e-4  
0.2306 1.2753e-3 2.4367e-4  
0.2314 1.0462e-3 2.4400e-4  
0.2321 1.2229e-3 2.4317e-4  
0.2328 1.4258e-3 2.4255e-4  
0.2336 1.5044e-3 2.4307e-4  
0.2343 1.0476e-3 2.4231e-4  
0.2350 1.3212e-3 2.4260e-4  
0.2358 1.4713e-3 2.4218e-4  
0.2365 1.2576e-3 2.4268e-4  
0.2372 1.1969e-3 2.4253e-4  
0.2380 9.9941e-4 2.4158e-4  
0.2387 1.2460e-3 2.4223e-4  
0.2394 1.0972e-3 2.4022e-4  
0.2402 1.1764e-3 2.4252e-4  
0.2409 9.1787e-4 2.4084e-4  
0.2416 1.1718e-3 2.3932e-4  
0.2424 1.2704e-3 2.3996e-4  
0.2431 1.1479e-3 2.3844e-4  
0.2438 1.2011e-3 2.4123e-4  
0.2446 1.1459e-3 2.3897e-4  
0.2453 1.1230e-3 2.4055e-4  
0.2460 1.1495e-3 2.3995e-4  
0.2468 1.1419e-3 2.3842e-4  
0.2475 9.8340e-4 2.3949e-4  
0.2482 1.2649e-3 2.3875e-4  
0.2490 1.4167e-3 2.3832e-4  
0.2497 1.2409e-3 2.3817e-4  
0.2504 9.7263e-4 2.3907e-4  
0.2512 8.8143e-4 2.3851e-4  
0.2519 1.1259e-3 2.3744e-4  
0.2526 1.1434e-3 2.3872e-4  
0.2534 9.8626e-4 2.3749e-4  
0.2541 8.6111e-4 2.3797e-4  
0.2548 1.0081e-3 2.3709e-4  
0.2556 1.1751e-3 2.3823e-4  
0.2563 1.0825e-3 2.3846e-4  
0.2570 1.2221e-3 2.3700e-4  
0.2578 1.0792e-3 2.3852e-4  
0.2585 1.0760e-3 2.3572e-4  
0.2592 1.0612e-3 2.3857e-4  
0.2600 8.2133e-4 2.3512e-4  
0.2607 1.2807e-3 2.3795e-4  
0.2614 1.1868e-3 2.3715e-4  
0.2622 9.0096e-4 2.3534e-4  
0.2629 8.3192e-4 2.3783e-4  
0.2636 1.0131e-3 2.3555e-4  
0.2644 1.1659e-3 2.3574e-4  
0.2651 9.8657e-4 2.3636e-4  
0.2658 8.6562e-4 2.3674e-4  
0.2666 8.3022e-4 2.3617e-4  
0.2673 8.5270e-4 2.3544e-4  
0.2680 1.0525e-3 2.3668e-4  
0.2688 9.8160e-4 2.3658e-4  
0.2695 8.2038e-4 2.3403e-4  
0.2702 1.0159e-3 2.3630e-4  
0.2710 9.6153e-4 2.3544e-4  
0.2717 9.8702e-4 2.3518e-4  
0.2724 1.1756e-3 2.3622e-4  
0.2732 1.2956e-3 2.3513e-4  
0.2739 1.1920e-3 2.3543e-4  
0.2746 1.1846e-3 2.3483e-4  
0.2754 8.9311e-4 2.3436e-4  
0.2761 8.8690e-4 2.3560e-4  
0.2768 6.6846e-4 2.3394e-4  
0.2776 7.8960e-4 2.3638e-4  
0.2783 9.1644e-4 2.3575e-4  
0.2790 9.7153e-4 2.3415e-4  
0.2798 1.0880e-3 2.3609e-4  
0.2805 1.1886e-3 2.3502e-4  
0.2812 1.1255e-3 2.3687e-4  
0.2820 1.1839e-3 2.3525e-4  
0.2827 1.1618e-3 2.3402e-4  
0.2834 1.0154e-3 2.3639e-4  
0.2842 1.0087e-3 2.3552e-4  
0.2849 9.1925e-4 2.3508e-4  
0.2856 8.7741e-4 2.3580e-4  
0.2864 1.0249e-3 2.3465e-4  
0.2871 1.0697e-3 2.3643e-4  
0.2878 9.2114e-4 2.3618e-4  
0.2886 8.2227e-4 2.3547e-4  
0.2893 9.0991e-4 2.3558e-4  
0.2900 1.1295e-3 2.3675e-4  
0.2908 9.8758e-4 2.3721e-4  
0.2915 8.6972e-4 2.3659e-4  
0.2922 1.2396e-3 2.3721e-4  
0.2930 1.3533e-3 2.3750e-4  
0.2937 1.0354e-3 2.3624e-4  
0.2944 8.2420e-4 2.3710e-4  
0.2952 9.4186e-4 2.3736e-4  
0.2959 1.0776e-3 2.3714e-4  
0.2966 9.2397e-4 2.3959e-4  
0.2974 7.4699e-4 2.3674e-4  
0.2981 8.3946e-4 2.3818e-4  
0.2988 7.5719e-4 2.3797e-4  
0.2996 9.7644e-4 2.3934e-4  
0.3003 9.1464e-4 2.3943e-4  
0.3010 1.0749e-3 2.3898e-4  
0.3018 1.0999e-3 2.3940e-4  
0.3025 1.1622e-3 2.4002e-4  
0.3032 1.0859e-3 2.3942e-4  
0.3039 9.7044e-4 2.4062e-4  
0.3047 1.0659e-3 2.4063e-4  
0.3054 1.1622e-3 2.4233e-4  
0.3061 1.0427e-3 2.4298e-4  
0.3069 8.2585e-4 2.3965e-4  
0.3076 8.8460e-4 2.4476e-4  
0.3083 7.8625e-4 2.4534e-4  
0.3091 8.1629e-4 2.4417e-4  
0.3098 1.0032e-3 2.4122e-4  
0.3105 1.0184e-3 2.4606e-4  
0.3113 1.1027e-3 2.4615e-4  
0.3120 1.2455e-3 2.4834e-4  
0.3127 1.1159e-3 2.4707e-4  
0.3135 1.2990e-3 2.4894e-4  
0.3142 1.2666e-3 2.4761e-4  
0.3149 1.1359e-3 2.5172e-4  
0.3157 1.1602e-3 2.5333e-4  
0.3164 1.0876e-3 2.5256e-4  
0.3171 9.6703e-4 2.5572e-4  
0.3179 1.1012e-3 2.5614e-4  
0.3186 8.2052e-4 2.5573e-4  
0.3193 7.8150e-4 2.5776e-4  
0.3201 1.0157e-3 2.5827e-4  
0.3208 1.2389e-3 2.5911e-4  
0.3215 1.2237e-3 2.6261e-4  
0.3223 1.1696e-3 2.6490e-4  
0.3230 8.7933e-4 2.6806e-4  
0.3237 5.3293e-4 2.6596e-4  
0.3245 7.8246e-4 2.6735e-4  
0.3252 9.0042e-4 2.7060e-4  
0.3259 1.1333e-3 2.7436e-4  
0.3267 1.3432e-3 2.7789e-4  
0.3274 1.0449e-3 2.8267e-4  
0.3281 1.0987e-3 2.8773e-4  
0.3289 1.2190e-3 2.9031e-4  
0.3296 9.0639e-4 2.9550e-4  
0.3303 9.3943e-4 2.9694e-4  
0.3311 7.8315e-4 3.0237e-4  
0.3318 1.2770e-3 3.1049e-4  
0.3325 1.3375e-3 3.2281e-4  
0.3333 6.9770e-4 3.3481e-4  
0.3340 6.6352e-4 3.4361e-4  
0.3347 8.9493e-4 3.5640e-4  
0.3354 1.2335e-3 3.7753e-4  
0.3362 8.2805e-4 3.4084e-4  
0.3369 5.0287e-5 2.5351e-4  