 Extrapolation to c=0 from: SL1107_009_W SL1107_010_W SL1107_007_W                                                                                                                                                                                              
SL1107_009_W  Conc = .84E+00  Mult = .78E+01  N1 =   35  N2 =  208  SCALE =  1
SL1107_010_W  Conc = .14E+01  Mult = .41E+01  N1 =   35  N2 =  208  SCALE =  1
SL1107_007_W  Conc = .58E+01  Mult = .10E+01  N1 =   35  N2 =  208  SCALE =  1
 0.718069E-02  0.277158E+00  0.156126E-01
 0.783347E-02  0.263361E+00  0.422267E-02
 0.848626E-02  0.265059E+00  0.268486E-02
 0.913905E-02  0.262769E+00  0.201790E-02
 0.979184E-02  0.263880E+00  0.166408E-02
 0.104446E-01  0.263822E+00  0.146299E-02
 0.110974E-01  0.263440E+00  0.129362E-02
 0.117502E-01  0.263028E+00  0.122318E-02
 0.124030E-01  0.261100E+00  0.115511E-02
 0.130558E-01  0.259603E+00  0.109823E-02
 0.137086E-01  0.256403E+00  0.106368E-02
 0.143614E-01  0.255599E+00  0.101156E-02
 0.150141E-01  0.253960E+00  0.984531E-03
 0.156669E-01  0.251884E+00  0.943998E-03
 0.163197E-01  0.249667E+00  0.922444E-03
 0.169725E-01  0.248012E+00  0.899996E-03
 0.176253E-01  0.246483E+00  0.869930E-03
 0.182781E-01  0.245801E+00  0.857412E-03
 0.189309E-01  0.244841E+00  0.830814E-03
 0.195836E-01  0.242613E+00  0.817138E-03
 0.202364E-01  0.241773E+00  0.799431E-03
 0.208892E-01  0.240546E+00  0.780051E-03
 0.215420E-01  0.237112E+00  0.770284E-03
 0.221948E-01  0.235049E+00  0.744103E-03
 0.228476E-01  0.234409E+00  0.730457E-03
 0.235003E-01  0.232134E+00  0.707016E-03
 0.241531E-01  0.230133E+00  0.689366E-03
 0.248059E-01  0.229282E+00  0.676790E-03
 0.254587E-01  0.227804E+00  0.654014E-03
 0.261115E-01  0.225055E+00  0.643259E-03
 0.267642E-01  0.222739E+00  0.623041E-03
 0.274170E-01  0.221346E+00  0.611014E-03
 0.280698E-01  0.219512E+00  0.597786E-03
 0.287226E-01  0.218829E+00  0.580409E-03
 0.293754E-01  0.216884E+00  0.571289E-03
 0.300281E-01  0.218162E+00  0.439776E-03
 0.306809E-01  0.214959E+00  0.429088E-03
 0.313337E-01  0.211260E+00  0.424978E-03
 0.319865E-01  0.209492E+00  0.417388E-03
 0.326392E-01  0.208195E+00  0.409915E-03
 0.332920E-01  0.206463E+00  0.406153E-03
 0.339448E-01  0.203924E+00  0.398383E-03
 0.345976E-01  0.201590E+00  0.394878E-03
 0.352503E-01  0.199789E+00  0.387600E-03
 0.359031E-01  0.197293E+00  0.382916E-03
 0.365559E-01  0.195335E+00  0.379079E-03
 0.372086E-01  0.193204E+00  0.372255E-03
 0.378614E-01  0.190278E+00  0.369154E-03
 0.385142E-01  0.188377E+00  0.362088E-03
 0.391669E-01  0.186672E+00  0.358772E-03
 0.398197E-01  0.184457E+00  0.353953E-03
 0.404725E-01  0.181557E+00  0.348118E-03
 0.411252E-01  0.179780E+00  0.345370E-03
 0.417780E-01  0.177794E+00  0.339156E-03
 0.424308E-01  0.175257E+00  0.337053E-03
 0.430835E-01  0.173356E+00  0.329033E-03
 0.437363E-01  0.171160E+00  0.320748E-03
 0.443891E-01  0.168378E+00  0.316496E-03
 0.450418E-01  0.166015E+00  0.311811E-03
 0.456946E-01  0.164085E+00  0.309642E-03
 0.463473E-01  0.161707E+00  0.304269E-03
 0.470001E-01  0.158941E+00  0.301424E-03
 0.476529E-01  0.156743E+00  0.298678E-03
 0.483056E-01  0.154367E+00  0.293277E-03
 0.489584E-01  0.152142E+00  0.290201E-03
 0.496111E-01  0.149823E+00  0.285783E-03
 0.502639E-01  0.147754E+00  0.284140E-03
 0.509166E-01  0.145791E+00  0.280368E-03
 0.515694E-01  0.143456E+00  0.277126E-03
 0.522221E-01  0.140978E+00  0.274893E-03
 0.528749E-01  0.138271E+00  0.270860E-03
 0.535276E-01  0.136250E+00  0.269440E-03
 0.541804E-01  0.133747E+00  0.265370E-03
 0.548331E-01  0.131259E+00  0.262982E-03
 0.554859E-01  0.128959E+00  0.260658E-03
 0.561386E-01  0.127099E+00  0.257284E-03
 0.567914E-01  0.125393E+00  0.255548E-03
 0.574441E-01  0.123076E+00  0.251529E-03
 0.580968E-01  0.120745E+00  0.250034E-03
 0.587496E-01  0.118334E+00  0.247709E-03
 0.594023E-01  0.115866E+00  0.244592E-03
 0.600551E-01  0.113302E+00  0.242714E-03
 0.607078E-01  0.111553E+00  0.239186E-03
 0.613605E-01  0.109456E+00  0.238203E-03
 0.620133E-01  0.107340E+00  0.235147E-03
 0.626660E-01  0.104963E+00  0.232638E-03
 0.633187E-01  0.103030E+00  0.230966E-03
 0.639715E-01  0.101047E+00  0.227978E-03
 0.646242E-01  0.984677E-01  0.226866E-03
 0.652769E-01  0.964980E-01  0.223628E-03
 0.659296E-01  0.947632E-01  0.221850E-03
 0.665824E-01  0.927908E-01  0.219866E-03
 0.672351E-01  0.908529E-01  0.217402E-03
 0.678878E-01  0.886508E-01  0.216003E-03
 0.685405E-01  0.869648E-01  0.212855E-03
 0.691933E-01  0.850219E-01  0.211584E-03
 0.698460E-01  0.829951E-01  0.209473E-03
 0.704987E-01  0.813178E-01  0.207543E-03
 0.711514E-01  0.795196E-01  0.205840E-03
 0.718041E-01  0.777728E-01  0.203076E-03
 0.724568E-01  0.760060E-01  0.202161E-03
 0.731095E-01  0.741673E-01  0.199679E-03
 0.737623E-01  0.727274E-01  0.197826E-03
 0.744150E-01  0.712142E-01  0.196189E-03
 0.750677E-01  0.691529E-01  0.194092E-03
 0.757204E-01  0.672203E-01  0.193015E-03
 0.763731E-01  0.655984E-01  0.190416E-03
 0.770258E-01  0.641446E-01  0.189107E-03
 0.776785E-01  0.622847E-01  0.187182E-03
 0.783312E-01  0.609045E-01  0.185455E-03
 0.789839E-01  0.597346E-01  0.185237E-03
 0.796366E-01  0.584404E-01  0.185494E-03
 0.802893E-01  0.570166E-01  0.185366E-03
 0.809420E-01  0.553951E-01  0.184835E-03
 0.815947E-01  0.537869E-01  0.187273E-03
 0.822474E-01  0.523806E-01  0.188578E-03
 0.829001E-01  0.509860E-01  0.188270E-03
 0.835528E-01  0.494410E-01  0.189163E-03
 0.842054E-01  0.479578E-01  0.188047E-03
 0.848581E-01  0.465082E-01  0.187974E-03
 0.855108E-01  0.449641E-01  0.187003E-03
 0.861635E-01  0.436392E-01  0.183894E-03
 0.868162E-01  0.424412E-01  0.182193E-03
 0.874689E-01  0.413764E-01  0.180153E-03
 0.881215E-01  0.405750E-01  0.179769E-03
 0.887742E-01  0.396076E-01  0.178466E-03
 0.894269E-01  0.384475E-01  0.177440E-03
 0.900796E-01  0.373678E-01  0.176809E-03
 0.907322E-01  0.362489E-01  0.175019E-03
 0.913849E-01  0.352683E-01  0.174745E-03
 0.920376E-01  0.340484E-01  0.172672E-03
 0.926902E-01  0.328783E-01  0.171727E-03
 0.933429E-01  0.318683E-01  0.170657E-03
 0.939955E-01  0.310507E-01  0.168926E-03
 0.946482E-01  0.303647E-01  0.168308E-03
 0.953009E-01  0.293605E-01  0.166304E-03
 0.959535E-01  0.282823E-01  0.165273E-03
 0.966062E-01  0.274600E-01  0.163759E-03
 0.972588E-01  0.266562E-01  0.162206E-03
 0.979115E-01  0.257789E-01  0.161324E-03
 0.985641E-01  0.249889E-01  0.159395E-03
 0.992168E-01  0.241765E-01  0.158850E-03
 0.998694E-01  0.234677E-01  0.157072E-03
 0.100522E+00  0.228938E-01  0.155969E-03
 0.101175E+00  0.220740E-01  0.154777E-03
 0.101827E+00  0.215507E-01  0.153137E-03
 0.102480E+00  0.208664E-01  0.152475E-03
 0.103133E+00  0.202967E-01  0.150652E-03
 0.103785E+00  0.196117E-01  0.149861E-03
 0.104438E+00  0.188557E-01  0.148381E-03
 0.105091E+00  0.181455E-01  0.146902E-03
 0.105743E+00  0.176144E-01  0.144930E-03
 0.106396E+00  0.171118E-01  0.141709E-03
 0.107048E+00  0.166509E-01  0.139799E-03
 0.107701E+00  0.160336E-01  0.137103E-03
 0.108354E+00  0.154970E-01  0.134879E-03
 0.109006E+00  0.151178E-01  0.132649E-03
 0.109659E+00  0.144525E-01  0.129852E-03
 0.110311E+00  0.140362E-01  0.127998E-03
 0.110964E+00  0.135531E-01  0.125213E-03
 0.111617E+00  0.130434E-01  0.123318E-03
 0.112269E+00  0.125880E-01  0.120905E-03
 0.112922E+00  0.122926E-01  0.118703E-03
 0.113575E+00  0.119675E-01  0.116511E-03
 0.114227E+00  0.115494E-01  0.114184E-03
 0.114880E+00  0.112677E-01  0.112127E-03
 0.115532E+00  0.109343E-01  0.109835E-03
 0.116185E+00  0.105580E-01  0.107744E-03
 0.116837E+00  0.102480E-01  0.105787E-03
 0.117490E+00  0.991316E-02  0.103784E-03
 0.118143E+00  0.952289E-02  0.101944E-03
 0.118795E+00  0.921637E-02  0.100041E-03
 0.119448E+00  0.894966E-02  0.984282E-04
 0.120100E+00  0.866938E-02  0.966247E-04
 0.120753E+00  0.833517E-02  0.948671E-04
 0.121406E+00  0.803066E-02  0.932749E-04
 0.122058E+00  0.777417E-02  0.916150E-04
 0.122711E+00  0.764970E-02  0.901231E-04
 0.123363E+00  0.741636E-02  0.884803E-04
 0.124016E+00  0.716725E-02  0.869800E-04
 0.124668E+00  0.707051E-02  0.854976E-04
 0.125321E+00  0.697167E-02  0.840517E-04
 0.125974E+00  0.677488E-02  0.826611E-04
 0.126626E+00  0.650209E-02  0.812018E-04
 0.127279E+00  0.632120E-02  0.799730E-04
 0.127931E+00  0.615073E-02  0.786675E-04
 0.128584E+00  0.596414E-02  0.773873E-04
 0.129236E+00  0.583872E-02  0.761602E-04
 0.129889E+00  0.569660E-02  0.750398E-04
 0.130541E+00  0.553296E-02  0.739563E-04
 0.131194E+00  0.544723E-02  0.727809E-04
 0.131846E+00  0.529507E-02  0.717829E-04
 0.132499E+00  0.515630E-02  0.707529E-04
 0.133152E+00  0.505336E-02  0.698324E-04
 0.133804E+00  0.498925E-02  0.688711E-04
 0.134457E+00  0.481872E-02  0.679769E-04
 0.135109E+00  0.460447E-02  0.672056E-04
 0.135762E+00  0.453279E-02  0.663530E-04
 0.136414E+00  0.445745E-02  0.656459E-04
 0.137067E+00  0.437291E-02  0.648506E-04
 0.137719E+00  0.436035E-02  0.642406E-04
 0.138372E+00  0.422643E-02  0.636813E-04
 0.139024E+00  0.415068E-02  0.630695E-04
 0.139677E+00  0.406385E-02  0.626227E-04
 0.140329E+00  0.393591E-02  0.620723E-04
 0.140982E+00  0.384899E-02  0.618256E-04
 0.141634E+00  0.379779E-02  0.613366E-04
 0.142287E+00  0.367937E-02  0.609911E-04
 0.142939E+00  0.363074E-02  0.608054E-04
 0.142939E+00  0.363074E-02  0.608054E-04
 0.143592E+00  0.359538E-02  0.605970E-04
 0.144244E+00  0.348329E-02  0.605923E-04
 0.144897E+00  0.341614E-02  0.603278E-04
 0.145549E+00  0.332615E-02  0.603053E-04
 0.146202E+00  0.333366E-02  0.602474E-04
 0.146854E+00  0.331655E-02  0.600679E-04
 0.147507E+00  0.327391E-02  0.600583E-04
 0.148159E+00  0.314958E-02  0.597820E-04
 0.148812E+00  0.302838E-02  0.597833E-04
 0.149464E+00  0.301647E-02  0.596552E-04
 0.150116E+00  0.310151E-02  0.594997E-04
 0.150769E+00  0.309182E-02  0.594613E-04
 0.151421E+00  0.300322E-02  0.592753E-04
 0.152074E+00  0.285762E-02  0.593200E-04
 0.152726E+00  0.278256E-02  0.591037E-04
 0.153379E+00  0.276652E-02  0.589905E-04
 0.154031E+00  0.277949E-02  0.589434E-04
 0.154684E+00  0.268336E-02  0.587820E-04
 0.155336E+00  0.258042E-02  0.587883E-04
 0.155988E+00  0.264124E-02  0.585432E-04
 0.156641E+00  0.262936E-02  0.585325E-04
 0.157293E+00  0.252933E-02  0.584324E-04
 0.157946E+00  0.245889E-02  0.582904E-04
 0.158598E+00  0.248793E-02  0.582912E-04
 0.159251E+00  0.243305E-02  0.580647E-04
 0.159903E+00  0.235584E-02  0.580796E-04
 0.160555E+00  0.235496E-02  0.579259E-04
 0.161208E+00  0.227420E-02  0.578055E-04
 0.161860E+00  0.226071E-02  0.577492E-04
 0.162513E+00  0.227839E-02  0.575872E-04
 0.163165E+00  0.225131E-02  0.576265E-04
 0.163817E+00  0.219785E-02  0.574218E-04
 0.164470E+00  0.216396E-02  0.573451E-04
 0.165122E+00  0.210212E-02  0.572698E-04
 0.165775E+00  0.203328E-02  0.571458E-04
 0.166427E+00  0.201060E-02  0.571576E-04
 0.167079E+00  0.198856E-02  0.569424E-04
 0.167732E+00  0.196395E-02  0.569253E-04
 0.168384E+00  0.191947E-02  0.567830E-04
 0.169037E+00  0.188213E-02  0.567355E-04
 0.169689E+00  0.191053E-02  0.566916E-04
 0.170341E+00  0.185547E-02  0.564845E-04
 0.170994E+00  0.180537E-02  0.565071E-04
 0.171646E+00  0.181344E-02  0.563535E-04
 0.172298E+00  0.181663E-02  0.563036E-04
 0.172951E+00  0.179858E-02  0.562089E-04
 0.173603E+00  0.174263E-02  0.560587E-04
 0.174255E+00  0.169643E-02  0.560961E-04
 0.174908E+00  0.169721E-02  0.558808E-04
 0.175560E+00  0.163057E-02  0.558702E-04
 0.176212E+00  0.157672E-02  0.557394E-04
 0.176865E+00  0.155626E-02  0.556472E-04
 0.177517E+00  0.150129E-02  0.556482E-04
 0.178169E+00  0.155827E-02  0.554465E-04
 0.178822E+00  0.154206E-02  0.554737E-04
 0.179474E+00  0.155648E-02  0.553346E-04
 0.180126E+00  0.151049E-02  0.553001E-04
 0.180779E+00  0.149262E-02  0.552478E-04
 0.181431E+00  0.143888E-02  0.550585E-04
 0.182083E+00  0.138543E-02  0.550909E-04
 0.182736E+00  0.138916E-02  0.549235E-04
 0.183388E+00  0.140264E-02  0.548978E-04
 0.184040E+00  0.130342E-02  0.547835E-04
 0.184693E+00  0.133268E-02  0.546744E-04
 0.185345E+00  0.134737E-02  0.547238E-04
 0.185997E+00  0.129950E-02  0.545130E-04
 0.186649E+00  0.136076E-02  0.544953E-04
 0.187302E+00  0.134334E-02  0.543764E-04
 0.187954E+00  0.129477E-02  0.543159E-04
 0.188606E+00  0.126371E-02  0.542907E-04
 0.189259E+00  0.119010E-02  0.540929E-04
 0.189911E+00  0.118079E-02  0.541345E-04
 0.190563E+00  0.117879E-02  0.539765E-04
 0.191215E+00  0.116110E-02  0.539451E-04
 0.191868E+00  0.116565E-02  0.538652E-04
 0.192520E+00  0.118858E-02  0.537191E-04
 0.193172E+00  0.115173E-02  0.537593E-04
 0.193824E+00  0.112061E-02  0.536110E-04
 0.194477E+00  0.114991E-02  0.535910E-04
 0.195129E+00  0.112432E-02  0.534583E-04
 0.195781E+00  0.109659E-02  0.533845E-04
 0.196433E+00  0.108186E-02  0.533933E-04
 0.197085E+00  0.104948E-02  0.532196E-04
 0.197738E+00  0.102740E-02  0.532370E-04
 0.198390E+00  0.104863E-02  0.530969E-04
 0.199042E+00  0.101246E-02  0.530691E-04
 0.199694E+00  0.101351E-02  0.530174E-04
 0.200347E+00  0.107684E-02  0.528478E-04
 0.200999E+00  0.108251E-02  0.528754E-04
 0.201651E+00  0.110000E-02  0.527281E-04
 0.202303E+00  0.112555E-02  0.527277E-04
 0.202955E+00  0.110649E-02  0.526355E-04
 0.203608E+00  0.105018E-02  0.525333E-04
 0.204260E+00  0.103864E-02  0.525433E-04
 0.204912E+00  0.109366E-02  0.523776E-04
 0.205564E+00  0.101690E-02  0.523727E-04
 0.206216E+00  0.994671E-03  0.522446E-04
 0.206868E+00  0.104861E-02  0.522027E-04
 0.207521E+00  0.108917E-02  0.521884E-04
 0.208173E+00  0.108007E-02  0.520239E-04
 0.208825E+00  0.110158E-02  0.520362E-04
 0.209477E+00  0.111679E-02  0.519195E-04
 0.210129E+00  0.102329E-02  0.518956E-04
 0.210781E+00  0.106675E-02  0.518263E-04
 0.211433E+00  0.107183E-02  0.517194E-04
 0.212086E+00  0.108712E-02  0.517199E-04
 0.212738E+00  0.110164E-02  0.515573E-04
 0.213390E+00  0.101572E-02  0.515962E-04
 0.214042E+00  0.979664E-03  0.514689E-04
 0.214694E+00  0.972927E-03  0.513979E-04
 0.215346E+00  0.101535E-02  0.514078E-04
 0.215998E+00  0.102140E-02  0.512543E-04
 0.216650E+00  0.997582E-03  0.512731E-04
 0.217303E+00  0.978543E-03  0.511224E-04
 0.217955E+00  0.105177E-02  0.511085E-04
 0.218607E+00  0.103595E-02  0.510871E-04
 0.219259E+00  0.100055E-02  0.509394E-04
 0.219911E+00  0.102126E-02  0.509626E-04
 0.220563E+00  0.104537E-02  0.508251E-04
 0.221215E+00  0.102488E-02  0.508239E-04
 0.221867E+00  0.102014E-02  0.507330E-04
 0.222519E+00  0.103343E-02  0.506373E-04
 0.223171E+00  0.101481E-02  0.506663E-04
 0.223823E+00  0.986117E-03  0.504979E-04
 0.224475E+00  0.103250E-02  0.505232E-04
 0.225127E+00  0.104399E-02  0.504050E-04
 0.225780E+00  0.105534E-02  0.503495E-04
 0.226432E+00  0.105608E-02  0.503230E-04
 0.227084E+00  0.107422E-02  0.502112E-04
 0.227736E+00  0.104342E-02  0.502296E-04
 0.228388E+00  0.105432E-02  0.500742E-04
 0.229040E+00  0.114136E-02  0.500793E-04
 0.229692E+00  0.118010E-02  0.500363E-04
 0.230344E+00  0.119939E-02  0.499106E-04
 0.230996E+00  0.114700E-02  0.499300E-04
 0.231648E+00  0.106688E-02  0.497874E-04
 0.232300E+00  0.108419E-02  0.497843E-04
 0.232952E+00  0.112614E-02  0.496738E-04
 0.233604E+00  0.113976E-02  0.496150E-04
 0.234256E+00  0.116215E-02  0.496072E-04
 0.234908E+00  0.113811E-02  0.494840E-04
 0.235560E+00  0.108878E-02  0.495124E-04
 0.236212E+00  0.108029E-02  0.493826E-04
 0.236864E+00  0.108346E-02  0.493509E-04
 0.237516E+00  0.103482E-02  0.493054E-04
 0.238168E+00  0.108000E-02  0.492267E-04
 0.238820E+00  0.111332E-02  0.492387E-04
 0.239472E+00  0.108993E-02  0.490737E-04
 0.240123E+00  0.107503E-02  0.491060E-04
 0.240775E+00  0.106887E-02  0.492855E-04
 0.241427E+00  0.110776E-02  0.497789E-04
 0.242079E+00  0.107478E-02  0.501577E-04
 0.242731E+00  0.108903E-02  0.504136E-04
 0.243383E+00  0.109503E-02  0.507902E-04
 0.244035E+00  0.109942E-02  0.509130E-04
 0.244687E+00  0.106703E-02  0.511086E-04
 0.245339E+00  0.106673E-02  0.513279E-04
 0.245991E+00  0.105225E-02  0.517629E-04
 0.246643E+00  0.104265E-02  0.529966E-04
 0.247295E+00  0.109606E-02  0.535348E-04
 0.247947E+00  0.113134E-02  0.540305E-04
 0.248598E+00  0.117364E-02  0.545409E-04
 0.249250E+00  0.110145E-02  0.549681E-04
 0.249902E+00  0.105955E-02  0.554819E-04
 0.250554E+00  0.109942E-02  0.556097E-04
 0.251206E+00  0.105253E-02  0.554480E-04
 0.251858E+00  0.105270E-02  0.548796E-04
 0.252510E+00  0.108313E-02  0.546673E-04
 0.253162E+00  0.111392E-02  0.546402E-04
 0.253813E+00  0.109073E-02  0.544000E-04
 0.254465E+00  0.110000E-02  0.544585E-04
 0.255117E+00  0.112231E-02  0.542412E-04
 0.255769E+00  0.115617E-02  0.542630E-04
 0.256421E+00  0.116029E-02  0.542871E-04
 0.257073E+00  0.116746E-02  0.542392E-04
 0.257724E+00  0.112373E-02  0.543653E-04
 0.258376E+00  0.105505E-02  0.542202E-04
 0.259028E+00  0.107554E-02  0.543480E-04
 0.259680E+00  0.109027E-02  0.543234E-04
 0.260332E+00  0.112074E-02  0.542272E-04
 0.260983E+00  0.112822E-02  0.542146E-04
 0.261635E+00  0.104547E-02  0.540354E-04
 0.262287E+00  0.103726E-02  0.541319E-04
 0.262939E+00  0.104377E-02  0.540679E-04
 0.263591E+00  0.107659E-02  0.540933E-04
 0.264242E+00  0.104332E-02  0.541384E-04
 0.264894E+00  0.101109E-02  0.540799E-04
 0.265546E+00  0.960396E-03  0.541756E-04
 0.266198E+00  0.102443E-02  0.539758E-04
 0.266849E+00  0.105457E-02  0.540041E-04
 0.267501E+00  0.103918E-02  0.539606E-04
 0.268153E+00  0.983726E-03  0.539002E-04
 0.268805E+00  0.991265E-03  0.539482E-04
 0.269456E+00  0.102827E-02  0.537814E-04
 0.270108E+00  0.100973E-02  0.538583E-04
 0.270760E+00  0.103982E-02  0.537570E-04
 0.271412E+00  0.106350E-02  0.537208E-04
 0.272063E+00  0.111563E-02  0.537154E-04
 0.272715E+00  0.103342E-02  0.535826E-04
 0.273367E+00  0.997270E-03  0.536594E-04
 0.274018E+00  0.101854E-02  0.534959E-04
 0.274670E+00  0.971822E-03  0.535254E-04
 0.275322E+00  0.951946E-03  0.534810E-04
 0.275973E+00  0.973815E-03  0.533937E-04
 0.276625E+00  0.101788E-02  0.534479E-04
 0.277277E+00  0.986573E-03  0.532829E-04
 0.277928E+00  0.946030E-03  0.533435E-04
 0.278580E+00  0.976980E-03  0.532345E-04
 0.279232E+00  0.101996E-02  0.531773E-04
 0.279883E+00  0.993315E-03  0.532200E-04
 0.280535E+00  0.918467E-03  0.530651E-04
 0.281187E+00  0.943210E-03  0.531327E-04
 0.281838E+00  0.938889E-03  0.529522E-04
 0.282490E+00  0.924771E-03  0.529786E-04
 0.283142E+00  0.970533E-03  0.529525E-04
 0.283793E+00  0.946404E-03  0.528203E-04
 0.284445E+00  0.945128E-03  0.529006E-04
 0.285096E+00  0.912881E-03  0.527435E-04
 0.285748E+00  0.885081E-03  0.527794E-04
 0.286400E+00  0.911411E-03  0.526987E-04
 0.287051E+00  0.895590E-03  0.526461E-04
 0.287703E+00  0.912615E-03  0.527062E-04
 0.288354E+00  0.904434E-03  0.525246E-04
 0.289006E+00  0.927143E-03  0.525992E-04
 0.289658E+00  0.954618E-03  0.524752E-04
 0.290309E+00  0.927448E-03  0.524978E-04
 0.290961E+00  0.982755E-03  0.525110E-04
 0.291612E+00  0.102273E-02  0.523508E-04
 0.292264E+00  0.970365E-03  0.524215E-04
 0.292915E+00  0.920732E-03  0.522798E-04
 0.293567E+00  0.929656E-03  0.523384E-04
 0.294218E+00  0.958964E-03  0.522696E-04
 0.294870E+00  0.993270E-03  0.521553E-04
 0.295521E+00  0.973612E-03  0.522511E-04
 0.296173E+00  0.977189E-03  0.520949E-04
 0.296824E+00  0.102234E-02  0.521649E-04
 0.297476E+00  0.992031E-03  0.520160E-04
 0.298127E+00  0.987577E-03  0.520119E-04
 0.298779E+00  0.957887E-03  0.520457E-04
 0.299430E+00  0.932539E-03  0.518903E-04
 0.300082E+00  0.932252E-03  0.519693E-04
 0.300733E+00  0.927277E-03  0.518659E-04
 0.301385E+00  0.954179E-03  0.518667E-04
 0.302036E+00  0.911761E-03  0.518333E-04
 0.302688E+00  0.903908E-03  0.516925E-04
 0.303339E+00  0.899571E-03  0.517906E-04
 0.303991E+00  0.916662E-03  0.516768E-04
 0.304642E+00  0.937545E-03  0.517268E-04
 0.305293E+00  0.903533E-03  0.516202E-04
 0.305945E+00  0.912499E-03  0.515676E-04
 0.306596E+00  0.911779E-03  0.516286E-04
 0.307248E+00  0.877965E-03  0.514919E-04
 0.307899E+00  0.908163E-03  0.515467E-04
 0.308551E+00  0.946711E-03  0.514029E-04
 0.309202E+00  0.912374E-03  0.514301E-04
 0.309853E+00  0.915431E-03  0.514348E-04
 0.310505E+00  0.952748E-03  0.513135E-04
 0.311156E+00  0.964082E-03  0.513692E-04
 0.311808E+00  0.950462E-03  0.512263E-04
 0.312459E+00  0.924200E-03  0.512881E-04
 0.313110E+00  0.914434E-03  0.512102E-04
 0.313762E+00  0.930655E-03  0.511233E-04
 0.314413E+00  0.937895E-03  0.511664E-04
 0.315064E+00  0.952396E-03  0.510378E-04
 0.315716E+00  0.101722E-02  0.511254E-04
 0.316367E+00  0.989882E-03  0.509711E-04
 0.317018E+00  0.972542E-03  0.509685E-04
 0.317670E+00  0.949206E-03  0.509857E-04
 0.318321E+00  0.918401E-03  0.508533E-04
 0.318972E+00  0.939561E-03  0.509195E-04
 0.319624E+00  0.896414E-03  0.507815E-04
 0.320275E+00  0.880517E-03  0.508401E-04
 0.320926E+00  0.865371E-03  0.507975E-04
 0.321577E+00  0.877786E-03  0.506877E-04
 0.322229E+00  0.887982E-03  0.507387E-04
 0.322880E+00  0.915431E-03  0.506015E-04
 0.323531E+00  0.947364E-03  0.506651E-04
 0.324183E+00  0.945329E-03  0.505799E-04
 0.324834E+00  0.947530E-03  0.505203E-04
 0.325485E+00  0.951330E-03  0.505660E-04
 0.326136E+00  0.972203E-03  0.504236E-04
 0.326787E+00  0.889841E-03  0.504946E-04
 0.327439E+00  0.838986E-03  0.503696E-04
 0.328090E+00  0.878882E-03  0.503736E-04
 0.328741E+00  0.972321E-03  0.503819E-04
 0.329392E+00  0.935360E-03  0.502460E-04
 0.330044E+00  0.916533E-03  0.503290E-04
 0.330695E+00  0.902192E-03  0.501696E-04
 0.331346E+00  0.921920E-03  0.502382E-04
 0.331997E+00  0.853675E-03  0.501637E-04
 0.332648E+00  0.842051E-03  0.500995E-04
 0.333300E+00  0.847991E-03  0.501082E-04
 0.333951E+00  0.877882E-03  0.499998E-04
 0.334602E+00  0.934344E-03  0.500514E-04
 0.335253E+00  0.932805E-03  0.499438E-04
 0.335904E+00  0.880340E-03  0.499294E-04
 0.336555E+00  0.816920E-03  0.499214E-04
 0.337206E+00  0.829703E-03  0.498334E-04
 0.337858E+00  0.801781E-03  0.498629E-04
 0.338509E+00  0.843300E-03  0.497535E-04
 0.339160E+00  0.818778E-03  0.497679E-04
 0.339811E+00  0.862200E-03  0.497134E-04
 0.340462E+00  0.861018E-03  0.496626E-04
 0.341113E+00  0.892501E-03  0.496418E-04
 0.341764E+00  0.893128E-03  0.495746E-04
 0.342415E+00  0.838112E-03  0.495571E-04
 0.343066E+00  0.787839E-03  0.495429E-04
 0.343717E+00  0.771566E-03  0.494708E-04
 0.344368E+00  0.815222E-03  0.494052E-04
 0.345020E+00  0.796240E-03  0.493348E-04
 0.345671E+00  0.766886E-03  0.492645E-04
 0.346322E+00  0.777744E-03  0.491957E-04
 0.346973E+00  0.845783E-03  0.490968E-04
 0.347624E+00  0.846817E-03  0.490612E-04
 0.348275E+00  0.786491E-03  0.489839E-04
 0.348926E+00  0.777466E-03  0.489287E-04
 0.349577E+00  0.800797E-03  0.488448E-04
 0.350228E+00  0.832921E-03  0.487804E-04
 0.350879E+00  0.831576E-03  0.487264E-04
 0.351530E+00  0.785098E-03  0.486615E-04
 0.352181E+00  0.808711E-03  0.486369E-04
 0.352832E+00  0.782155E-03  0.485743E-04
 0.353483E+00  0.741783E-03  0.485340E-04
 0.354134E+00  0.805893E-03  0.484705E-04
 0.354785E+00  0.792113E-03  0.484059E-04
 0.355436E+00  0.809088E-03  0.484073E-04
 0.356087E+00  0.817853E-03  0.483577E-04
 0.356737E+00  0.800439E-03  0.483821E-04
 0.357388E+00  0.739081E-03  0.483128E-04
 0.358039E+00  0.735899E-03  0.482834E-04
 0.358690E+00  0.774839E-03  0.482832E-04
 0.359341E+00  0.781967E-03  0.482200E-04
 0.359992E+00  0.740889E-03  0.482367E-04
 0.360643E+00  0.724969E-03  0.481466E-04
 0.361294E+00  0.725844E-03  0.481648E-04
 0.361945E+00  0.703767E-03  0.481436E-04
 0.362596E+00  0.705072E-03  0.480973E-04
 0.363246E+00  0.735889E-03  0.480927E-04
 0.363897E+00  0.742900E-03  0.480020E-04
 0.364548E+00  0.779037E-03  0.480414E-04
 0.365199E+00  0.771423E-03  0.479967E-04
 0.365850E+00  0.790183E-03  0.479685E-04
 0.366501E+00  0.723033E-03  0.479575E-04
 0.367152E+00  0.659976E-03  0.478941E-04
 0.367802E+00  0.607757E-03  0.479370E-04
 0.368453E+00  0.634598E-03  0.478276E-04
 0.369104E+00  0.669946E-03  0.478201E-04
 0.369755E+00  0.697297E-03  0.478030E-04
 0.370406E+00  0.723279E-03  0.477363E-04
 0.371056E+00  0.702770E-03  0.477789E-04
 0.371707E+00  0.703588E-03  0.476749E-04
 0.372358E+00  0.770127E-03  0.477022E-04
 0.373009E+00  0.713454E-03  0.476853E-04
 0.373659E+00  0.679117E-03  0.476277E-04
 0.374310E+00  0.668579E-03  0.476201E-04
 0.374961E+00  0.637164E-03  0.475523E-04
 0.375612E+00  0.647515E-03  0.475877E-04
 0.376262E+00  0.716375E-03  0.475263E-04
 0.376913E+00  0.739224E-03  0.475062E-04
 0.377564E+00  0.708604E-03  0.474793E-04
 0.378215E+00  0.714584E-03  0.474342E-04
 0.378865E+00  0.749832E-03  0.474784E-04
 0.379516E+00  0.751812E-03  0.473739E-04
 0.380167E+00  0.754095E-03  0.473779E-04
 0.380817E+00  0.753982E-03  0.473562E-04
 0.381468E+00  0.725918E-03  0.473178E-04
 0.382119E+00  0.709861E-03  0.473271E-04
 0.382769E+00  0.686029E-03  0.472188E-04
 0.383420E+00  0.691991E-03  0.472737E-04
 0.384071E+00  0.677501E-03  0.472202E-04
 0.384721E+00  0.690924E-03  0.471998E-04
 0.385372E+00  0.716024E-03  0.471941E-04
 0.386022E+00  0.671402E-03  0.471287E-04
 0.386673E+00  0.658362E-03  0.471782E-04
 0.387324E+00  0.642509E-03  0.471003E-04
 0.387974E+00  0.646835E-03  0.471025E-04
 0.388625E+00  0.701113E-03  0.470727E-04
 0.389275E+00  0.739470E-03  0.470295E-04
 0.389926E+00  0.747090E-03  0.470754E-04
 0.390577E+00  0.742584E-03  0.469669E-04
 0.391227E+00  0.744811E-03  0.469794E-04
 0.391878E+00  0.743424E-03  0.469539E-04
 0.392528E+00  0.697426E-03  0.469274E-04
 0.393179E+00  0.705233E-03  0.469214E-04
 0.393829E+00  0.726350E-03  0.468224E-04
 0.394480E+00  0.733971E-03  0.468693E-04
 0.395130E+00  0.721153E-03  0.468250E-04
 0.395781E+00  0.735948E-03  0.468215E-04
 0.396431E+00  0.742107E-03  0.468019E-04
 0.397082E+00  0.708656E-03  0.467239E-04
 0.397732E+00  0.718413E-03  0.467878E-04
 0.398383E+00  0.738092E-03  0.467116E-04
 0.399033E+00  0.683001E-03  0.467072E-04
 0.399684E+00  0.656793E-03  0.466723E-04
 0.400334E+00  0.651106E-03  0.466549E-04
 0.400985E+00  0.667548E-03  0.466682E-04
 0.401635E+00  0.708611E-03  0.465750E-04
 0.402286E+00  0.698147E-03  0.465818E-04
 0.402936E+00  0.743752E-03  0.465464E-04
 0.403586E+00  0.741292E-03  0.465478E-04
 0.404237E+00  0.713778E-03  0.465278E-04
 0.404887E+00  0.708519E-03  0.464515E-04
 0.405538E+00  0.692347E-03  0.467853E-04
 0.406188E+00  0.702822E-03  0.478050E-04
 0.406838E+00  0.744551E-03  0.493157E-04
 0.407489E+00  0.722573E-03  0.503140E-04
 0.408139E+00  0.731667E-03  0.511327E-04
 0.408790E+00  0.685312E-03  0.519326E-04
 0.409440E+00  0.666398E-03  0.525465E-04
 0.410090E+00  0.712839E-03  0.532620E-04
 0.410741E+00  0.791312E-03  0.538371E-04
 0.411391E+00  0.745655E-03  0.544854E-04
 0.412041E+00  0.727797E-03  0.551146E-04
 0.412692E+00  0.696195E-03  0.554845E-04
 0.413342E+00  0.655065E-03  0.559674E-04
 0.413992E+00  0.693480E-03  0.561542E-04
 0.414642E+00  0.752716E-03  0.564988E-04
 0.415293E+00  0.769555E-03  0.568397E-04
 0.415943E+00  0.708159E-03  0.569961E-04
 0.416593E+00  0.682891E-03  0.572334E-04
 0.417244E+00  0.656991E-03  0.572040E-04
 0.417894E+00  0.674972E-03  0.573801E-04
 0.418544E+00  0.719648E-03  0.574008E-04
 0.419194E+00  0.743511E-03  0.574664E-04
 0.419844E+00  0.712948E-03  0.576452E-04
 0.420495E+00  0.711261E-03  0.575659E-04
 0.421145E+00  0.703407E-03  0.577034E-04
 0.421795E+00  0.715874E-03  0.576748E-04
 0.422445E+00  0.708814E-03  0.578062E-04
 0.423095E+00  0.758555E-03  0.579127E-04
 0.423746E+00  0.702299E-03  0.578489E-04
 0.424396E+00  0.739792E-03  0.580324E-04
 0.425046E+00  0.783055E-03  0.579790E-04
 0.425696E+00  0.766872E-03  0.581384E-04
 0.426346E+00  0.743419E-03  0.581592E-04
 0.426996E+00  0.742816E-03  0.581369E-04
 0.427647E+00  0.748047E-03  0.583309E-04
 0.428297E+00  0.790413E-03  0.582699E-04
 0.428947E+00  0.719631E-03  0.584234E-04
 0.429597E+00  0.694497E-03  0.583970E-04
 0.430247E+00  0.770511E-03  0.584648E-04
 0.430897E+00  0.731147E-03  0.586029E-04
 0.431547E+00  0.655341E-03  0.584967E-04
 0.432197E+00  0.632293E-03  0.586538E-04
 0.432847E+00  0.664337E-03  0.586073E-04
 0.433497E+00  0.698610E-03  0.587037E-04
 0.434147E+00  0.683627E-03  0.587704E-04
 0.434797E+00  0.678636E-03  0.587165E-04
 0.435447E+00  0.745512E-03  0.588488E-04
 0.436097E+00  0.705268E-03  0.588056E-04
 0.436747E+00  0.708980E-03  0.589619E-04
 0.437397E+00  0.772695E-03  0.589396E-04
 0.438047E+00  0.756600E-03  0.589422E-04
 0.438697E+00  0.725131E-03  0.590934E-04
 0.439347E+00  0.739894E-03  0.590521E-04
 0.439997E+00  0.678610E-03  0.591978E-04
 0.440647E+00  0.678351E-03  0.591263E-04
 0.441297E+00  0.708514E-03  0.592267E-04
 0.441947E+00  0.699824E-03  0.592909E-04
 0.442597E+00  0.699432E-03  0.592315E-04
 0.443247E+00  0.644660E-03  0.593753E-04
 0.443897E+00  0.663655E-03  0.592991E-04
 0.444547E+00  0.676255E-03  0.594673E-04
 0.445197E+00  0.660765E-03  0.594739E-04
 0.445847E+00  0.678808E-03  0.594162E-04
 0.446497E+00  0.708985E-03  0.595593E-04
 0.447147E+00  0.699159E-03  0.594857E-04
 0.447796E+00  0.717120E-03  0.596754E-04
 0.448446E+00  0.685433E-03  0.596017E-04
 0.449096E+00  0.655553E-03  0.595928E-04
 0.449746E+00  0.704143E-03  0.597104E-04
 0.450396E+00  0.758738E-03  0.596739E-04
 0.451046E+00  0.761305E-03  0.598397E-04
 0.451696E+00  0.695311E-03  0.597128E-04
 0.452345E+00  0.677523E-03  0.598487E-04
 0.452995E+00  0.697340E-03  0.598994E-04
 0.453645E+00  0.709271E-03  0.598433E-04
 0.454295E+00  0.714995E-03  0.599715E-04
 0.454944E+00  0.697231E-03  0.598801E-04
 0.455594E+00  0.684737E-03  0.600708E-04
 0.456244E+00  0.722259E-03  0.600288E-04
 0.456894E+00  0.770996E-03  0.600052E-04
 0.457544E+00  0.773285E-03  0.601301E-04
 0.458193E+00  0.760168E-03  0.600310E-04
 0.458843E+00  0.699147E-03  0.602219E-04
 0.459493E+00  0.655379E-03  0.600886E-04
 0.460142E+00  0.688577E-03  0.601921E-04
 0.460792E+00  0.705262E-03  0.602811E-04
 0.461442E+00  0.753625E-03  0.602261E-04
 0.462091E+00  0.761196E-03  0.603574E-04
 0.462741E+00  0.729150E-03  0.602347E-04
 0.463391E+00  0.712536E-03  0.603882E-04
 0.464040E+00  0.734282E-03  0.603976E-04
 0.464690E+00  0.709284E-03  0.603707E-04
 0.465340E+00  0.691510E-03  0.604630E-04
 0.465989E+00  0.649416E-03  0.603711E-04
 0.466639E+00  0.661298E-03  0.605351E-04
 0.467289E+00  0.666175E-03  0.604929E-04
 0.467938E+00  0.745323E-03  0.604749E-04
 0.468588E+00  0.764619E-03  0.606087E-04
 0.469237E+00  0.698859E-03  0.605211E-04
 0.469887E+00  0.639749E-03  0.606591E-04
 0.470537E+00  0.666611E-03  0.605432E-04
 0.471186E+00  0.656755E-03  0.606556E-04
 0.471836E+00  0.599192E-03  0.607242E-04
 0.472485E+00  0.656563E-03  0.606810E-04
 0.473135E+00  0.745470E-03  0.607406E-04
 0.473784E+00  0.771961E-03  0.605865E-04
 0.474434E+00  0.758013E-03  0.606656E-04
 0.475083E+00  0.734233E-03  0.605832E-04
 0.475733E+00  0.704179E-03  0.605022E-04
 0.476382E+00  0.661090E-03  0.604922E-04
 0.477032E+00  0.695889E-03  0.603639E-04
 0.477681E+00  0.661423E-03  0.604645E-04
 0.478331E+00  0.613409E-03  0.603658E-04
 0.478980E+00  0.629573E-03  0.604195E-04
 0.479630E+00  0.679888E-03  0.604539E-04
 0.480279E+00  0.700897E-03  0.604378E-04
 0.480928E+00  0.756397E-03  0.605509E-04
 0.481578E+00  0.704879E-03  0.603944E-04
 0.482227E+00  0.701832E-03  0.605790E-04
 0.482877E+00  0.676763E-03  0.605415E-04
 0.483526E+00  0.710085E-03  0.605755E-04
 0.484175E+00  0.717419E-03  0.606309E-04
 0.484825E+00  0.675838E-03  0.605042E-04
 0.485474E+00  0.660792E-03  0.607124E-04
 0.486124E+00  0.778710E-03  0.606237E-04
 0.486773E+00  0.806330E-03  0.606844E-04
 0.487422E+00  0.696769E-03  0.607010E-04
 0.488072E+00  0.678828E-03  0.606403E-04
 0.488721E+00  0.695458E-03  0.608339E-04
 0.489370E+00  0.690238E-03  0.606508E-04
 0.490019E+00  0.700196E-03  0.607736E-04
 0.490669E+00  0.697623E-03  0.607999E-04
 0.491318E+00  0.683842E-03  0.607741E-04
 0.491967E+00  0.672318E-03  0.609047E-04
 0.492617E+00  0.704756E-03  0.607318E-04
 0.493266E+00  0.670158E-03  0.609088E-04
 0.493915E+00  0.549963E-03  0.608649E-04
 0.494564E+00  0.587577E-03  0.609001E-04
 0.495214E+00  0.586626E-03  0.609693E-04
 0.495863E+00  0.657411E-03  0.608437E-04
 0.496512E+00  0.708511E-03  0.610405E-04
 0.497161E+00  0.686926E-03  0.609274E-04
 0.497810E+00  0.690419E-03  0.609906E-04
 0.498459E+00  0.672595E-03  0.610261E-04
 0.499109E+00  0.703911E-03  0.609871E-04
 0.499758E+00  0.667077E-03  0.611597E-04
 0.500407E+00  0.618207E-03  0.610002E-04
 0.501056E+00  0.618688E-03  0.610735E-04
 0.501705E+00  0.657469E-03  0.610574E-04
 0.502354E+00  0.684461E-03  0.610746E-04
 0.503003E+00  0.687639E-03  0.611733E-04
 0.503653E+00  0.708294E-03  0.610109E-04
 0.504302E+00  0.711263E-03  0.611660E-04
 0.504951E+00  0.629906E-03  0.610972E-04
 0.505600E+00  0.676225E-03  0.611728E-04
 0.506249E+00  0.701296E-03  0.611634E-04
 0.506898E+00  0.708374E-03  0.610990E-04
 0.507547E+00  0.724579E-03  0.613001E-04
 0.508196E+00  0.648437E-03  0.611715E-04
 0.508845E+00  0.652657E-03  0.612670E-04
 0.509494E+00  0.660751E-03  0.612303E-04
 0.510143E+00  0.692969E-03  0.612183E-04
 0.510792E+00  0.678193E-03  0.613645E-04
 0.511441E+00  0.718346E-03  0.612104E-04
 0.512090E+00  0.766121E-03  0.613341E-04
 0.512739E+00  0.740523E-03  0.612841E-04
 0.513388E+00  0.741848E-03  0.613406E-04
 0.514037E+00  0.730596E-03  0.614048E-04
 0.514686E+00  0.777446E-03  0.612618E-04
 0.515335E+00  0.769229E-03  0.614565E-04
 0.515984E+00  0.739926E-03  0.613274E-04
 0.516633E+00  0.713511E-03  0.614567E-04
 0.517281E+00  0.679309E-03  0.614243E-04
 0.517930E+00  0.638930E-03  0.613949E-04
 0.518579E+00  0.657911E-03  0.615331E-04
 0.519228E+00  0.621630E-03  0.613778E-04
 0.519877E+00  0.631995E-03  0.615167E-04
 0.520526E+00  0.652442E-03  0.614497E-04
 0.521175E+00  0.711620E-03  0.614877E-04
 0.521823E+00  0.773275E-03  0.615897E-04
 0.522472E+00  0.750310E-03  0.614572E-04
 0.523121E+00  0.744327E-03  0.616105E-04
 0.523770E+00  0.716042E-03  0.614957E-04
 0.524419E+00  0.676711E-03  0.615857E-04
 0.525067E+00  0.733562E-03  0.616037E-04
 0.525716E+00  0.773719E-03  0.614671E-04
 0.526365E+00  0.722117E-03  0.616484E-04
 0.527014E+00  0.706234E-03  0.615240E-04
 0.527662E+00  0.715517E-03  0.616749E-04
 0.528311E+00  0.758885E-03  0.615842E-04
 0.528960E+00  0.765761E-03  0.615622E-04
 0.529609E+00  0.762297E-03  0.616973E-04
 0.530257E+00  0.765024E-03  0.615871E-04
 0.530906E+00  0.800270E-03  0.617139E-04
 0.531555E+00  0.772591E-03  0.616283E-04
 0.532203E+00  0.733288E-03  0.616949E-04
 0.532852E+00  0.730636E-03  0.617821E-04
 0.533501E+00  0.766462E-03  0.616372E-04
 0.534149E+00  0.758257E-03  0.617742E-04
 0.534798E+00  0.733572E-03  0.616770E-04
 0.535447E+00  0.718118E-03  0.618002E-04
 0.536095E+00  0.726023E-03  0.617963E-04
 0.536744E+00  0.692025E-03  0.616993E-04
 0.537392E+00  0.692752E-03  0.618772E-04
 0.538041E+00  0.767244E-03  0.617347E-04
 0.538690E+00  0.776408E-03  0.618782E-04
 0.539338E+00  0.691876E-03  0.617812E-04
 0.539987E+00  0.727814E-03  0.618327E-04
 0.540635E+00  0.732989E-03  0.619164E-04
 0.541284E+00  0.735961E-03  0.618046E-04
 0.541932E+00  0.786642E-03  0.619072E-04
 0.542581E+00  0.780736E-03  0.618097E-04
 0.543229E+00  0.703334E-03  0.619180E-04
 0.543878E+00  0.593382E-03  0.619521E-04
 0.544526E+00  0.631992E-03  0.618604E-04
 0.545175E+00  0.765257E-03  0.619965E-04
 0.545823E+00  0.782326E-03  0.618632E-04
 0.546472E+00  0.747332E-03  0.620369E-04
 0.547120E+00  0.683879E-03  0.619348E-04
 0.547768E+00  0.687982E-03  0.619257E-04
 0.548417E+00  0.737948E-03  0.620394E-04
 0.549065E+00  0.829111E-03  0.619269E-04
 0.549714E+00  0.805674E-03  0.620970E-04
 0.550362E+00  0.793020E-03  0.619525E-04
 0.551010E+00  0.763171E-03  0.620603E-04
 0.551659E+00  0.728406E-03  0.621021E-04
 0.552307E+00  0.718709E-03  0.620210E-04
 0.552955E+00  0.742370E-03  0.621621E-04
 0.553604E+00  0.801752E-03  0.619744E-04
 0.554252E+00  0.747251E-03  0.621322E-04
 0.554900E+00  0.721827E-03  0.621427E-04
 0.555549E+00  0.765009E-03  0.620585E-04
 0.556197E+00  0.807223E-03  0.622167E-04
 0.556845E+00  0.831415E-03  0.620302E-04
 0.557494E+00  0.732636E-03  0.622320E-04
 0.558142E+00  0.697968E-03  0.621094E-04
 0.558790E+00  0.722767E-03  0.621175E-04
 0.559438E+00  0.769753E-03  0.622578E-04
 0.560087E+00  0.735082E-03  0.621159E-04
 0.560735E+00  0.714456E-03  0.623050E-04
 0.561383E+00  0.733594E-03  0.620970E-04
 0.562031E+00  0.741955E-03  0.622444E-04
 0.562679E+00  0.757354E-03  0.622650E-04
 0.563328E+00  0.764544E-03  0.622144E-04
 0.563976E+00  0.754770E-03  0.623179E-04
 0.564624E+00  0.696484E-03  0.621671E-04
 0.565272E+00  0.725786E-03  0.623216E-04
 0.565920E+00  0.736269E-03  0.622669E-04
 0.566568E+00  0.738766E-03  0.623066E-04
 0.567216E+00  0.760231E-03  0.623234E-04
 0.567864E+00  0.736551E-03  0.622687E-04
 0.568513E+00  0.682213E-03  0.623829E-04
 0.569161E+00  0.734474E-03  0.623025E-04
 0.569809E+00  0.711436E-03  0.623851E-04
 0.570457E+00  0.656013E-03  0.628465E-04
 0.571105E+00  0.723428E-03  0.633390E-04
 0.571753E+00  0.717030E-03  0.637139E-04
 0.572401E+00  0.619364E-03  0.636709E-04
 0.573049E+00  0.632254E-03  0.637445E-04
 0.573697E+00  0.692688E-03  0.637889E-04
 0.574345E+00  0.694608E-03  0.637857E-04
 0.574993E+00  0.646180E-03  0.638608E-04
 0.575641E+00  0.658649E-03  0.638061E-04
 0.576289E+00  0.660330E-03  0.639294E-04
 0.576937E+00  0.645530E-03  0.639497E-04
 0.577585E+00  0.736776E-03  0.640080E-04
 0.578233E+00  0.683391E-03  0.640389E-04
 0.578881E+00  0.709622E-03  0.641816E-04
 0.579528E+00  0.714259E-03  0.645086E-04
 0.580176E+00  0.674264E-03  0.647812E-04
 0.580824E+00  0.707885E-03  0.650226E-04
 0.581472E+00  0.745709E-03  0.653246E-04
 0.582120E+00  0.687459E-03  0.655628E-04
 0.582768E+00  0.600313E-03  0.658362E-04
 0.583416E+00  0.644690E-03  0.662433E-04
 0.584063E+00  0.714243E-03  0.667186E-04
 0.584711E+00  0.710525E-03  0.672354E-04
 0.585359E+00  0.729684E-03  0.677053E-04
 0.586007E+00  0.705440E-03  0.681248E-04
 0.586655E+00  0.720968E-03  0.686362E-04
 0.587302E+00  0.718614E-03  0.691329E-04
 0.587950E+00  0.768577E-03  0.696708E-04
 0.588598E+00  0.746383E-03  0.701464E-04
 0.589246E+00  0.716394E-03  0.705295E-04
 0.589893E+00  0.643376E-03  0.710797E-04
 0.590541E+00  0.605529E-03  0.715829E-04
 0.591189E+00  0.562445E-03  0.720473E-04
 0.591837E+00  0.562604E-03  0.725288E-04
 0.592484E+00  0.691875E-03  0.730315E-04
 0.593132E+00  0.716217E-03  0.735344E-04
 0.593780E+00  0.690072E-03  0.740674E-04
 0.594427E+00  0.660848E-03  0.745526E-04
 0.595075E+00  0.674986E-03  0.751183E-04
 0.595723E+00  0.680532E-03  0.756489E-04
 0.596370E+00  0.654144E-03  0.761409E-04
 0.597018E+00  0.589829E-03  0.766380E-04
 0.597665E+00  0.610746E-03  0.771599E-04
 0.598313E+00  0.583516E-03  0.777164E-04
 0.598961E+00  0.581597E-03  0.783252E-04
 0.599608E+00  0.590010E-03  0.787998E-04
 0.600256E+00  0.676683E-03  0.793321E-04
 0.600903E+00  0.641259E-03  0.799277E-04
 0.601551E+00  0.609277E-03  0.804701E-04
 0.602198E+00  0.624609E-03  0.810708E-04
 0.602846E+00  0.625686E-03  0.816157E-04
 0.603493E+00  0.730644E-03  0.822647E-04
 0.604141E+00  0.751151E-03  0.828675E-04
 0.604788E+00  0.702870E-03  0.834519E-04
 0.605436E+00  0.671107E-03  0.839669E-04
 0.606083E+00  0.669981E-03  0.846458E-04
 0.606731E+00  0.674850E-03  0.853717E-04
 0.607378E+00  0.678869E-03  0.859987E-04
 0.608025E+00  0.744203E-03  0.865504E-04
 0.608673E+00  0.713234E-03  0.872798E-04
 0.609320E+00  0.598263E-03  0.879166E-04
 0.609968E+00  0.552047E-03  0.886266E-04
 0.610615E+00  0.649927E-03  0.893281E-04
 0.611262E+00  0.562678E-03  0.899345E-04
 0.611910E+00  0.571868E-03  0.908387E-04
 0.612557E+00  0.683384E-03  0.915391E-04
 0.613204E+00  0.660523E-03  0.922019E-04
 0.613852E+00  0.553616E-03  0.929376E-04
 0.614499E+00  0.602212E-03  0.937756E-04
 0.615146E+00  0.588849E-03  0.946519E-04
 0.615793E+00  0.624688E-03  0.953943E-04
 0.616441E+00  0.684673E-03  0.961374E-04
 0.617088E+00  0.630883E-03  0.970575E-04
 0.617735E+00  0.470603E-03  0.978456E-04
 0.618382E+00  0.528847E-03  0.988629E-04
 0.619030E+00  0.549318E-03  0.995896E-04
 0.619677E+00  0.516749E-03  0.100500E-03
 0.620324E+00  0.579800E-03  0.101584E-03
 0.620971E+00  0.566469E-03  0.102449E-03
 0.621618E+00  0.519667E-03  0.103257E-03
 0.622266E+00  0.509373E-03  0.103743E-03
 0.622913E+00  0.492905E-03  0.104225E-03
 0.623560E+00  0.463998E-03  0.104844E-03
 0.624207E+00  0.590948E-03  0.105301E-03
 0.624854E+00  0.619598E-03  0.105834E-03
 0.625501E+00  0.575586E-03  0.106446E-03
 0.626148E+00  0.619097E-03  0.106966E-03
 0.626795E+00  0.651945E-03  0.107662E-03
 0.627442E+00  0.597200E-03  0.107913E-03
 0.628090E+00  0.510746E-03  0.108665E-03
 0.628737E+00  0.569131E-03  0.109261E-03
 0.629384E+00  0.580278E-03  0.109688E-03
 0.630031E+00  0.532475E-03  0.110222E-03
 0.630678E+00  0.443092E-03  0.110812E-03
 0.631325E+00  0.437092E-03  0.111554E-03
 0.631972E+00  0.564089E-03  0.112233E-03
 0.632619E+00  0.734833E-03  0.112693E-03
 0.633266E+00  0.713096E-03  0.113413E-03
 0.633912E+00  0.563077E-03  0.113928E-03
 0.634559E+00  0.544438E-03  0.114667E-03
 0.635206E+00  0.562160E-03  0.115384E-03
 0.635853E+00  0.575309E-03  0.115767E-03
 0.636500E+00  0.538305E-03  0.116719E-03
 0.637147E+00  0.554556E-03  0.117340E-03
 0.637794E+00  0.511354E-03  0.118000E-03
 0.638441E+00  0.556543E-03  0.118479E-03
 0.639088E+00  0.610596E-03  0.119337E-03
 0.639734E+00  0.579557E-03  0.120235E-03
 0.640381E+00  0.425710E-03  0.120730E-03
 0.641028E+00  0.438976E-03  0.121417E-03
 0.641675E+00  0.447107E-03  0.122341E-03
 0.642322E+00  0.503623E-03  0.122977E-03
 0.642969E+00  0.513125E-03  0.123838E-03
 0.643615E+00  0.528655E-03  0.124530E-03
 0.644262E+00  0.618379E-03  0.125295E-03
 0.644909E+00  0.588656E-03  0.126188E-03
 0.645556E+00  0.487151E-03  0.126837E-03
 0.646202E+00  0.537569E-03  0.127825E-03
 0.646849E+00  0.535280E-03  0.128607E-03
 0.647496E+00  0.644928E-03  0.129292E-03
 0.648142E+00  0.753880E-03  0.130363E-03
 0.648789E+00  0.729752E-03  0.131113E-03
 0.649436E+00  0.595121E-03  0.132169E-03
 0.650082E+00  0.435937E-03  0.132985E-03
 0.650729E+00  0.491240E-03  0.133878E-03
 0.651376E+00  0.522079E-03  0.135032E-03
 0.652022E+00  0.616148E-03  0.148259E-03
 0.652669E+00  0.505434E-03  0.199428E-03
 0.653315E+00  0.453444E-03  0.281638E-03
 0.653962E+00  0.820735E-03  0.516517E-03
 0.654609E+00  0.917014E-03  0.259410E-02
-----------D:\My Documents\1newdata\conv\SL1107_009_WT_1mg.dat-------------------
#F                                                                                                                                                                                                                                                              
# Sample c=  0.842 mg/ml                                                                                                                                                                                                                                        
#  CODE: 009                                                                                                                                                                                                                                                    
#  Sample CONC: 1mg mg/ml                                                                                                                                                                                                                                       
-----------D:\My Documents\1newdata\conv\SL1107_010_WT_2mg.dat-------------------
#F                                                                                                                                                                                                                                                              
# Sample c=  1.448 mg/ml                                                                                                                                                                                                                                        
#  CODE: 010                                                                                                                                                                                                                                                    
#  Sample CONC: 2mg mg/ml                                                                                                                                                                                                                                       
-----------D:\My Documents\1newdata\conv\SL1107_007_WT_10mg.dat-------------------
#F                                                                                                                                                                                                                                                              
# Sample c=  5.825 mg/ml                                                                                                                                                                                                                                        
#  CODE: 007                                                                                                                                                                                                                                                    
#  Sample CONC: 5mg mg/ml                                                                                                                                                                                                                                       
