 Extrapolation to c=0 from: SL1107_009_W SL1107_010_W SL1107_011_W SL1107_007_W                                                                                                                                                                                 
SL1107_009_W  Conc = .84E+00  Mult = .77E+01  N1 =   25  N2 =  149  SCALE =  1
SL1107_010_W  Conc = .14E+01  Mult = .40E+01  N1 =   25  N2 =  149  SCALE =  1
SL1107_011_W  Conc = .31E+01  Mult = .21E+01  N1 =   25  N2 =  149  SCALE =  1
SL1107_007_W  Conc = .58E+01  Mult = .10E+01  N1 =   25  N2 =  149  SCALE =  1
 0.783347E-02  0.233374E+00  0.333220E-02
 0.848626E-02  0.243085E+00  0.213242E-02
 0.913905E-02  0.247870E+00  0.160798E-02
 0.979184E-02  0.250893E+00  0.132975E-02
 0.104446E-01  0.253420E+00  0.117259E-02
 0.110974E-01  0.255352E+00  0.103946E-02
 0.117502E-01  0.255492E+00  0.983922E-03
 0.124030E-01  0.254448E+00  0.929925E-03
 0.130558E-01  0.253860E+00  0.884997E-03
 0.137086E-01  0.252053E+00  0.857894E-03
 0.143614E-01  0.251367E+00  0.816158E-03
 0.150141E-01  0.250668E+00  0.794767E-03
 0.156669E-01  0.248674E+00  0.762266E-03
 0.163197E-01  0.246748E+00  0.744969E-03
 0.169725E-01  0.244996E+00  0.726784E-03
 0.176253E-01  0.243664E+00  0.702682E-03
 0.182781E-01  0.242823E+00  0.694778E-03
 0.189309E-01  0.242027E+00  0.675427E-03
 0.195836E-01  0.239842E+00  0.666418E-03
 0.202364E-01  0.238984E+00  0.654058E-03
 0.208892E-01  0.237655E+00  0.640170E-03
 0.215420E-01  0.234885E+00  0.634093E-03
 0.221948E-01  0.233197E+00  0.619370E-03
 0.228476E-01  0.232703E+00  0.614928E-03
 0.235003E-01  0.230616E+00  0.601821E-03
 0.241531E-01  0.231190E+00  0.388209E-03
 0.248059E-01  0.229040E+00  0.380313E-03
 0.254587E-01  0.228153E+00  0.375180E-03
 0.261115E-01  0.226728E+00  0.364319E-03
 0.267642E-01  0.223989E+00  0.360136E-03
 0.274170E-01  0.221595E+00  0.350580E-03
 0.280698E-01  0.220490E+00  0.345607E-03
 0.287226E-01  0.218915E+00  0.339887E-03
 0.293754E-01  0.218411E+00  0.331677E-03
 0.300281E-01  0.216912E+00  0.328236E-03
 0.306809E-01  0.213899E+00  0.319865E-03
 0.313337E-01  0.210358E+00  0.316403E-03
 0.319865E-01  0.208672E+00  0.310367E-03
 0.326392E-01  0.207301E+00  0.304421E-03
 0.332920E-01  0.205432E+00  0.301233E-03
 0.339448E-01  0.203013E+00  0.295086E-03
 0.345976E-01  0.200812E+00  0.292108E-03
 0.352503E-01  0.199045E+00  0.286341E-03
 0.359031E-01  0.196598E+00  0.282495E-03
 0.365559E-01  0.194574E+00  0.279272E-03
 0.372086E-01  0.192575E+00  0.273866E-03
 0.378614E-01  0.189676E+00  0.271193E-03
 0.385142E-01  0.187741E+00  0.265615E-03
 0.391669E-01  0.185957E+00  0.262798E-03
 0.398197E-01  0.183792E+00  0.258883E-03
 0.404725E-01  0.181048E+00  0.254235E-03
 0.411252E-01  0.179193E+00  0.251840E-03
 0.417780E-01  0.177053E+00  0.246917E-03
 0.424308E-01  0.174654E+00  0.245000E-03
 0.430835E-01  0.172687E+00  0.238787E-03
 0.437363E-01  0.170515E+00  0.232400E-03
 0.443891E-01  0.167964E+00  0.228941E-03
 0.450418E-01  0.165535E+00  0.225167E-03
 0.456946E-01  0.163574E+00  0.223217E-03
 0.463473E-01  0.161183E+00  0.218964E-03
 0.470001E-01  0.158489E+00  0.216533E-03
 0.476529E-01  0.156381E+00  0.214179E-03
 0.483056E-01  0.154032E+00  0.209925E-03
 0.489584E-01  0.151785E+00  0.207338E-03
 0.496111E-01  0.149414E+00  0.203792E-03
 0.502639E-01  0.147278E+00  0.202229E-03
 0.509166E-01  0.145270E+00  0.199155E-03
 0.515694E-01  0.142905E+00  0.196462E-03
 0.522221E-01  0.140589E+00  0.194492E-03
 0.528749E-01  0.138004E+00  0.191246E-03
 0.535276E-01  0.135910E+00  0.189845E-03
 0.541804E-01  0.133457E+00  0.186580E-03
 0.548331E-01  0.130970E+00  0.184498E-03
 0.554859E-01  0.128724E+00  0.182467E-03
 0.561386E-01  0.126823E+00  0.179705E-03
 0.567914E-01  0.124934E+00  0.178084E-03
 0.574441E-01  0.122655E+00  0.174879E-03
 0.580968E-01  0.120280E+00  0.173422E-03
 0.587496E-01  0.117915E+00  0.171392E-03
 0.594023E-01  0.115531E+00  0.168823E-03
 0.600551E-01  0.113014E+00  0.167106E-03
 0.607078E-01  0.111195E+00  0.164260E-03
 0.613605E-01  0.109156E+00  0.163163E-03
 0.620133E-01  0.106965E+00  0.160640E-03
 0.626660E-01  0.104735E+00  0.158501E-03
 0.633187E-01  0.102741E+00  0.156927E-03
 0.639715E-01  0.100696E+00  0.154458E-03
 0.646242E-01  0.982605E-01  0.153264E-03
 0.652769E-01  0.963196E-01  0.150639E-03
 0.659296E-01  0.944518E-01  0.148991E-03
 0.665824E-01  0.923744E-01  0.147204E-03
 0.672351E-01  0.904611E-01  0.145103E-03
 0.678878E-01  0.883729E-01  0.143715E-03
 0.685405E-01  0.866174E-01  0.141162E-03
 0.691933E-01  0.846554E-01  0.139852E-03
 0.698460E-01  0.826015E-01  0.137985E-03
 0.704987E-01  0.809479E-01  0.136243E-03
 0.711514E-01  0.790906E-01  0.134645E-03
 0.718041E-01  0.773107E-01  0.132356E-03
 0.724568E-01  0.755883E-01  0.131273E-03
 0.731095E-01  0.737797E-01  0.129169E-03
 0.737623E-01  0.722553E-01  0.127475E-03
 0.744150E-01  0.705954E-01  0.125912E-03
 0.750677E-01  0.686789E-01  0.124060E-03
 0.757204E-01  0.668974E-01  0.122861E-03
 0.763731E-01  0.653251E-01  0.120691E-03
 0.770258E-01  0.637636E-01  0.119333E-03
 0.776785E-01  0.619822E-01  0.117587E-03
 0.783312E-01  0.605128E-01  0.115102E-03
 0.789839E-01  0.591430E-01  0.113598E-03
 0.796366E-01  0.576923E-01  0.112383E-03
 0.802893E-01  0.561790E-01  0.110950E-03
 0.809420E-01  0.546171E-01  0.109471E-03
 0.815947E-01  0.530684E-01  0.109561E-03
 0.822474E-01  0.516074E-01  0.108924E-03
 0.829001E-01  0.501233E-01  0.107573E-03
 0.835528E-01  0.485656E-01  0.106667E-03
 0.842054E-01  0.470921E-01  0.104927E-03
 0.848581E-01  0.456637E-01  0.103600E-03
 0.855108E-01  0.442951E-01  0.101649E-03
 0.861635E-01  0.430495E-01  0.990219E-04
 0.868162E-01  0.418614E-01  0.969909E-04
 0.874689E-01  0.406878E-01  0.951351E-04
 0.881215E-01  0.395696E-01  0.938008E-04
 0.887742E-01  0.384849E-01  0.922288E-04
 0.894269E-01  0.373458E-01  0.908782E-04
 0.900796E-01  0.361751E-01  0.894663E-04
 0.907322E-01  0.350611E-01  0.880744E-04
 0.913849E-01  0.340341E-01  0.867728E-04
 0.920376E-01  0.329319E-01  0.852631E-04
 0.926902E-01  0.319113E-01  0.840942E-04
 0.933429E-01  0.309892E-01  0.827960E-04
 0.939955E-01  0.300720E-01  0.816869E-04
 0.946482E-01  0.291290E-01  0.804661E-04
 0.953009E-01  0.281618E-01  0.793172E-04
 0.959535E-01  0.272185E-01  0.782751E-04
 0.966062E-01  0.263314E-01  0.771808E-04
 0.972588E-01  0.254473E-01  0.763784E-04
 0.979115E-01  0.246693E-01  0.753802E-04
 0.985641E-01  0.239136E-01  0.747635E-04
 0.992168E-01  0.231674E-01  0.739621E-04
 0.998694E-01  0.224251E-01  0.733554E-04
 0.100522E+00  0.217292E-01  0.728206E-04
 0.101175E+00  0.210765E-01  0.721609E-04
 0.101827E+00  0.204163E-01  0.719658E-04
 0.102480E+00  0.197023E-01  0.714066E-04
 0.103133E+00  0.190130E-01  0.713242E-04
 0.103785E+00  0.183353E-01  0.710452E-04
 0.104438E+00  0.177272E-01  0.707977E-04
 0.105091E+00  0.171144E-01  0.710577E-04
 0.105091E+00  0.171144E-01  0.710577E-04
 0.105743E+00  0.165373E-01  0.704753E-04
 0.106396E+00  0.160299E-01  0.705323E-04
 0.107048E+00  0.154932E-01  0.701337E-04
 0.107701E+00  0.151042E-01  0.699938E-04
 0.108354E+00  0.145895E-01  0.698468E-04
 0.109006E+00  0.140851E-01  0.693287E-04
 0.109659E+00  0.136317E-01  0.694054E-04
 0.110311E+00  0.131625E-01  0.688729E-04
 0.110964E+00  0.128080E-01  0.688832E-04
 0.111617E+00  0.123870E-01  0.685336E-04
 0.112269E+00  0.119336E-01  0.682757E-04
 0.112922E+00  0.115682E-01  0.680523E-04
 0.113575E+00  0.112655E-01  0.676849E-04
 0.114227E+00  0.108743E-01  0.675086E-04
 0.114880E+00  0.105147E-01  0.671263E-04
 0.115532E+00  0.102083E-01  0.668461E-04
 0.116185E+00  0.992841E-02  0.666432E-04
 0.116837E+00  0.963228E-02  0.663493E-04
 0.117490E+00  0.923545E-02  0.662208E-04
 0.118143E+00  0.891613E-02  0.659144E-04
 0.118795E+00  0.862649E-02  0.658897E-04
 0.119448E+00  0.833849E-02  0.656976E-04
 0.120100E+00  0.803072E-02  0.654352E-04
 0.120753E+00  0.779829E-02  0.653862E-04
 0.121406E+00  0.751985E-02  0.651146E-04
 0.122058E+00  0.730361E-02  0.650953E-04
 0.122711E+00  0.714949E-02  0.648590E-04
 0.123363E+00  0.689412E-02  0.646876E-04
 0.124016E+00  0.675052E-02  0.645814E-04
 0.124668E+00  0.665746E-02  0.643340E-04
 0.125321E+00  0.648570E-02  0.643177E-04
 0.125974E+00  0.622942E-02  0.639974E-04
 0.126626E+00  0.597136E-02  0.639003E-04
 0.127279E+00  0.583786E-02  0.638642E-04
 0.127931E+00  0.565629E-02  0.635909E-04
 0.128584E+00  0.550677E-02  0.635295E-04
 0.129236E+00  0.540530E-02  0.632909E-04
 0.129889E+00  0.523880E-02  0.633126E-04
 0.130541E+00  0.507709E-02  0.631160E-04
 0.131194E+00  0.502596E-02  0.628987E-04
 0.131846E+00  0.484913E-02  0.628892E-04
 0.132499E+00  0.469714E-02  0.626566E-04
 0.133152E+00  0.459720E-02  0.626436E-04
 0.133804E+00  0.456016E-02  0.624013E-04
 0.134457E+00  0.437978E-02  0.623070E-04
 0.135109E+00  0.416855E-02  0.622527E-04
 0.135762E+00  0.412885E-02  0.620259E-04
 0.136414E+00  0.404359E-02  0.619798E-04
 0.137067E+00  0.397363E-02  0.617285E-04
 0.137719E+00  0.397375E-02  0.616905E-04
 0.138372E+00  0.381786E-02  0.616127E-04
 0.139024E+00  0.374105E-02  0.614332E-04
 0.139677E+00  0.365753E-02  0.613988E-04
 0.140329E+00  0.353217E-02  0.611806E-04
 0.140982E+00  0.344633E-02  0.612501E-04
 0.141634E+00  0.339615E-02  0.609934E-04
 0.142287E+00  0.327847E-02  0.608486E-04
 0.142939E+00  0.323074E-02  0.608054E-04
 0.143592E+00  0.319538E-02  0.605970E-04
 0.144244E+00  0.308329E-02  0.605923E-04
 0.144897E+00  0.301614E-02  0.603278E-04
 0.145549E+00  0.292615E-02  0.603053E-04
 0.146202E+00  0.293366E-02  0.602474E-04
 0.146854E+00  0.291655E-02  0.600679E-04
 0.147507E+00  0.287391E-02  0.600583E-04
 0.148159E+00  0.274958E-02  0.597820E-04
 0.148812E+00  0.262838E-02  0.597833E-04
 0.149464E+00  0.261647E-02  0.596552E-04
 0.150116E+00  0.270151E-02  0.594997E-04
 0.150769E+00  0.269182E-02  0.594613E-04
 0.151421E+00  0.260322E-02  0.592753E-04
 0.152074E+00  0.245762E-02  0.593200E-04
 0.152726E+00  0.238256E-02  0.591037E-04
 0.153379E+00  0.236652E-02  0.589905E-04
 0.154031E+00  0.237949E-02  0.589434E-04
 0.154684E+00  0.228336E-02  0.587820E-04
 0.155336E+00  0.218042E-02  0.587883E-04
 0.155988E+00  0.224124E-02  0.585432E-04
 0.156641E+00  0.222936E-02  0.585325E-04
 0.157293E+00  0.212933E-02  0.584324E-04
 0.157946E+00  0.205889E-02  0.582904E-04
 0.158598E+00  0.208793E-02  0.582912E-04
 0.159251E+00  0.203305E-02  0.580647E-04
 0.159903E+00  0.195584E-02  0.580796E-04
 0.160555E+00  0.195496E-02  0.579259E-04
 0.161208E+00  0.187420E-02  0.578055E-04
 0.161860E+00  0.186071E-02  0.577492E-04
 0.162513E+00  0.187839E-02  0.575872E-04
 0.163165E+00  0.185131E-02  0.576265E-04
 0.163817E+00  0.179785E-02  0.574218E-04
 0.164470E+00  0.176396E-02  0.573451E-04
 0.165122E+00  0.170212E-02  0.572698E-04
 0.165775E+00  0.163328E-02  0.571458E-04
 0.166427E+00  0.161060E-02  0.571576E-04
 0.167079E+00  0.158856E-02  0.569424E-04
 0.167732E+00  0.156395E-02  0.569253E-04
 0.168384E+00  0.151947E-02  0.567830E-04
 0.169037E+00  0.148213E-02  0.567355E-04
 0.169689E+00  0.151053E-02  0.566916E-04
 0.170341E+00  0.145547E-02  0.564845E-04
 0.170994E+00  0.140537E-02  0.565071E-04
 0.171646E+00  0.141344E-02  0.563535E-04
 0.172298E+00  0.141663E-02  0.563036E-04
 0.172951E+00  0.139858E-02  0.562089E-04
 0.173603E+00  0.134263E-02  0.560587E-04
 0.174255E+00  0.129643E-02  0.560961E-04
 0.174908E+00  0.129721E-02  0.558808E-04
 0.175560E+00  0.123057E-02  0.558702E-04
 0.176212E+00  0.117672E-02  0.557394E-04
 0.176865E+00  0.115626E-02  0.556472E-04
 0.177517E+00  0.110129E-02  0.556482E-04
 0.178169E+00  0.115827E-02  0.554465E-04
 0.178822E+00  0.114206E-02  0.554737E-04
 0.179474E+00  0.115648E-02  0.553346E-04
 0.180126E+00  0.111049E-02  0.553001E-04
 0.180779E+00  0.109262E-02  0.552478E-04
 0.181431E+00  0.103888E-02  0.550585E-04
 0.182083E+00  0.985432E-03  0.550909E-04
 0.182736E+00  0.989161E-03  0.549235E-04
 0.183388E+00  0.100264E-02  0.548978E-04
 0.184040E+00  0.903421E-03  0.547835E-04
 0.184693E+00  0.932684E-03  0.546744E-04
 0.185345E+00  0.947368E-03  0.547238E-04
 0.185997E+00  0.899499E-03  0.545130E-04
 0.186649E+00  0.960762E-03  0.544953E-04
 0.187302E+00  0.943337E-03  0.543764E-04
 0.187954E+00  0.894768E-03  0.543159E-04
 0.188606E+00  0.863708E-03  0.542907E-04
 0.189259E+00  0.790102E-03  0.540929E-04
 0.189911E+00  0.780790E-03  0.541345E-04
 0.190563E+00  0.778789E-03  0.539765E-04
 0.191215E+00  0.761098E-03  0.539451E-04
 0.191868E+00  0.765646E-03  0.538652E-04
 0.192520E+00  0.788581E-03  0.537191E-04
 0.193172E+00  0.751734E-03  0.537593E-04
 0.193824E+00  0.720606E-03  0.536110E-04
 0.194477E+00  0.749910E-03  0.535910E-04
 0.195129E+00  0.724318E-03  0.534583E-04
 0.195781E+00  0.696591E-03  0.533845E-04
 0.196433E+00  0.681864E-03  0.533933E-04
 0.197085E+00  0.649484E-03  0.532196E-04
 0.197738E+00  0.627399E-03  0.532370E-04
 0.198390E+00  0.648630E-03  0.530969E-04
 0.199042E+00  0.612461E-03  0.530691E-04
 0.199694E+00  0.613508E-03  0.530174E-04
 0.200347E+00  0.676837E-03  0.528478E-04
 0.200999E+00  0.682512E-03  0.528754E-04
 0.201651E+00  0.700003E-03  0.527281E-04
 0.202303E+00  0.725554E-03  0.527277E-04
 0.202955E+00  0.706489E-03  0.526355E-04
 0.203608E+00  0.650182E-03  0.525333E-04
 0.204260E+00  0.638642E-03  0.525433E-04
 0.204912E+00  0.693656E-03  0.523776E-04
 0.205564E+00  0.616901E-03  0.523727E-04
 0.206216E+00  0.594671E-03  0.522446E-04
 0.206868E+00  0.648606E-03  0.522027E-04
 0.207521E+00  0.689175E-03  0.521884E-04
 0.208173E+00  0.680070E-03  0.520239E-04
 0.208825E+00  0.701580E-03  0.520362E-04
 0.209477E+00  0.716791E-03  0.519195E-04
 0.210129E+00  0.623292E-03  0.518956E-04
 0.210781E+00  0.666753E-03  0.518263E-04
 0.211433E+00  0.671833E-03  0.517194E-04
 0.212086E+00  0.687117E-03  0.517199E-04
 0.212738E+00  0.701637E-03  0.515573E-04
 0.213390E+00  0.615721E-03  0.515962E-04
 0.214042E+00  0.579664E-03  0.514689E-04
 0.214694E+00  0.572927E-03  0.513979E-04
 0.215346E+00  0.615350E-03  0.514078E-04
 0.215998E+00  0.621403E-03  0.512543E-04
 0.216650E+00  0.597582E-03  0.512731E-04
 0.217303E+00  0.578543E-03  0.511224E-04
 0.217955E+00  0.651775E-03  0.511085E-04
 0.218607E+00  0.635946E-03  0.510871E-04
 0.219259E+00  0.600554E-03  0.509394E-04
 0.219911E+00  0.621255E-03  0.509626E-04
 0.220563E+00  0.645371E-03  0.508251E-04
 0.221215E+00  0.624877E-03  0.508239E-04
 0.221867E+00  0.620140E-03  0.507330E-04
 0.222519E+00  0.633432E-03  0.506373E-04
 0.223171E+00  0.614810E-03  0.506663E-04
 0.223823E+00  0.586117E-03  0.504979E-04
 0.224475E+00  0.632495E-03  0.505232E-04
 0.225127E+00  0.643995E-03  0.504050E-04
 0.225780E+00  0.655344E-03  0.503495E-04
 0.226432E+00  0.656076E-03  0.503230E-04
 0.227084E+00  0.674219E-03  0.502112E-04
 0.227736E+00  0.643422E-03  0.502296E-04
 0.228388E+00  0.654321E-03  0.500742E-04
 0.229040E+00  0.741357E-03  0.500793E-04
 0.229692E+00  0.780098E-03  0.500363E-04
 0.230344E+00  0.799386E-03  0.499106E-04
 0.230996E+00  0.746996E-03  0.499300E-04
 0.231648E+00  0.666882E-03  0.497874E-04
 0.232300E+00  0.684193E-03  0.497843E-04
 0.232952E+00  0.726145E-03  0.496738E-04
 0.233604E+00  0.739759E-03  0.496150E-04
 0.234256E+00  0.762151E-03  0.496072E-04
 0.234908E+00  0.738109E-03  0.494840E-04
 0.235560E+00  0.688778E-03  0.495124E-04
 0.236212E+00  0.680289E-03  0.493826E-04
 0.236864E+00  0.683463E-03  0.493509E-04
 0.237516E+00  0.634820E-03  0.493054E-04
 0.238168E+00  0.680001E-03  0.492267E-04
 0.238820E+00  0.713316E-03  0.492387E-04
 0.239472E+00  0.689928E-03  0.490737E-04
 0.240123E+00  0.675029E-03  0.491060E-04
 0.240775E+00  0.668870E-03  0.492855E-04
 0.241427E+00  0.707763E-03  0.497789E-04
 0.242079E+00  0.674775E-03  0.501577E-04
 0.242731E+00  0.689030E-03  0.504136E-04
 0.243383E+00  0.695033E-03  0.507902E-04
 0.244035E+00  0.699417E-03  0.509130E-04
 0.244687E+00  0.667032E-03  0.511086E-04
 0.245339E+00  0.666733E-03  0.513279E-04
 0.245991E+00  0.652246E-03  0.517629E-04
 0.246643E+00  0.642647E-03  0.529966E-04
 0.247295E+00  0.696065E-03  0.535348E-04
 0.247947E+00  0.731343E-03  0.540305E-04
 0.248598E+00  0.773643E-03  0.545409E-04
 0.249250E+00  0.701450E-03  0.549681E-04
 0.249902E+00  0.659547E-03  0.554819E-04
 0.250554E+00  0.699424E-03  0.556097E-04
 0.251206E+00  0.652528E-03  0.554480E-04
 0.251858E+00  0.652695E-03  0.548796E-04
 0.252510E+00  0.683133E-03  0.546673E-04
 0.253162E+00  0.713917E-03  0.546402E-04
 0.253813E+00  0.690728E-03  0.544000E-04
 0.254465E+00  0.700004E-03  0.544585E-04
 0.255117E+00  0.722314E-03  0.542412E-04
 0.255769E+00  0.756170E-03  0.542630E-04
 0.256421E+00  0.760291E-03  0.542871E-04
 0.257073E+00  0.767465E-03  0.542392E-04
 0.257724E+00  0.723727E-03  0.543653E-04
 0.258376E+00  0.655054E-03  0.542202E-04
 0.259028E+00  0.675537E-03  0.543480E-04
 0.259680E+00  0.690268E-03  0.543234E-04
 0.260332E+00  0.720745E-03  0.542272E-04
 0.260983E+00  0.728219E-03  0.542146E-04
 0.261635E+00  0.645467E-03  0.540354E-04
 0.262287E+00  0.637258E-03  0.541319E-04
 0.262939E+00  0.643775E-03  0.540679E-04
 0.263591E+00  0.676592E-03  0.540933E-04
 0.264242E+00  0.643316E-03  0.541384E-04
 0.264894E+00  0.611090E-03  0.540799E-04
 0.265546E+00  0.560396E-03  0.541756E-04
 0.266198E+00  0.624434E-03  0.539758E-04
 0.266849E+00  0.654572E-03  0.540041E-04
 0.267501E+00  0.639179E-03  0.539606E-04
 0.268153E+00  0.583726E-03  0.539002E-04
 0.268805E+00  0.591265E-03  0.539482E-04
 0.269456E+00  0.628266E-03  0.537814E-04
 0.270108E+00  0.609730E-03  0.538583E-04
 0.270760E+00  0.639818E-03  0.537570E-04
 0.271412E+00  0.663499E-03  0.537208E-04
 0.272063E+00  0.715629E-03  0.537154E-04
 0.272715E+00  0.633421E-03  0.535826E-04
 0.273367E+00  0.597270E-03  0.536594E-04
 0.274018E+00  0.618536E-03  0.534959E-04
 0.274670E+00  0.571822E-03  0.535254E-04
 0.275322E+00  0.551946E-03  0.534810E-04
 0.275973E+00  0.573815E-03  0.533937E-04
 0.276625E+00  0.617879E-03  0.534479E-04
 0.277277E+00  0.586573E-03  0.532829E-04
 0.277928E+00  0.546030E-03  0.533435E-04
 0.278580E+00  0.576980E-03  0.532345E-04
 0.279232E+00  0.619964E-03  0.531773E-04
 0.279883E+00  0.593315E-03  0.532200E-04
 0.280535E+00  0.518467E-03  0.530651E-04
 0.281187E+00  0.543210E-03  0.531327E-04
 0.281838E+00  0.538889E-03  0.529522E-04
 0.282490E+00  0.524771E-03  0.529786E-04
 0.283142E+00  0.570533E-03  0.529525E-04
 0.283793E+00  0.546404E-03  0.528203E-04
 0.284445E+00  0.545128E-03  0.529006E-04
 0.285096E+00  0.512881E-03  0.527435E-04
 0.285748E+00  0.485081E-03  0.527794E-04
 0.286400E+00  0.511411E-03  0.526987E-04
 0.287051E+00  0.495590E-03  0.526461E-04
 0.287703E+00  0.512615E-03  0.527062E-04
 0.288354E+00  0.504434E-03  0.525246E-04
 0.289006E+00  0.527143E-03  0.525992E-04
 0.289658E+00  0.554618E-03  0.524752E-04
 0.290309E+00  0.527448E-03  0.524978E-04
 0.290961E+00  0.582755E-03  0.525110E-04
 0.291612E+00  0.622733E-03  0.523508E-04
 0.292264E+00  0.570365E-03  0.524215E-04
 0.292915E+00  0.520732E-03  0.522798E-04
 0.293567E+00  0.529656E-03  0.523384E-04
 0.294218E+00  0.558964E-03  0.522696E-04
 0.294870E+00  0.593270E-03  0.521553E-04
 0.295521E+00  0.573612E-03  0.522511E-04
 0.296173E+00  0.577189E-03  0.520949E-04
 0.296824E+00  0.622337E-03  0.521649E-04
 0.297476E+00  0.592031E-03  0.520160E-04
 0.298127E+00  0.587577E-03  0.520119E-04
 0.298779E+00  0.557887E-03  0.520457E-04
 0.299430E+00  0.532539E-03  0.518903E-04
 0.300082E+00  0.532252E-03  0.519693E-04
 0.300733E+00  0.527277E-03  0.518659E-04
 0.301385E+00  0.554179E-03  0.518667E-04
 0.302036E+00  0.511761E-03  0.518333E-04
 0.302688E+00  0.503908E-03  0.516925E-04
 0.303339E+00  0.499571E-03  0.517906E-04
 0.303991E+00  0.516662E-03  0.516768E-04
 0.304642E+00  0.537545E-03  0.517268E-04
 0.305293E+00  0.503533E-03  0.516202E-04
 0.305945E+00  0.512499E-03  0.515676E-04
 0.306596E+00  0.511779E-03  0.516286E-04
 0.307248E+00  0.477965E-03  0.514919E-04
 0.307899E+00  0.508163E-03  0.515467E-04
 0.308551E+00  0.546711E-03  0.514029E-04
 0.309202E+00  0.512374E-03  0.514301E-04
 0.309853E+00  0.515431E-03  0.514348E-04
 0.310505E+00  0.552748E-03  0.513135E-04
 0.311156E+00  0.564082E-03  0.513692E-04
 0.311808E+00  0.550462E-03  0.512263E-04
 0.312459E+00  0.524200E-03  0.512881E-04
 0.313110E+00  0.514434E-03  0.512102E-04
 0.313762E+00  0.530655E-03  0.511233E-04
 0.314413E+00  0.537895E-03  0.511664E-04
 0.315064E+00  0.552396E-03  0.510378E-04
 0.315716E+00  0.617222E-03  0.511254E-04
 0.316367E+00  0.589882E-03  0.509711E-04
 0.317018E+00  0.572542E-03  0.509685E-04
 0.317670E+00  0.549206E-03  0.509857E-04
 0.318321E+00  0.518401E-03  0.508533E-04
 0.318972E+00  0.539561E-03  0.509195E-04
 0.319624E+00  0.496414E-03  0.507815E-04
 0.320275E+00  0.480517E-03  0.508401E-04
 0.320926E+00  0.465371E-03  0.507975E-04
 0.321577E+00  0.477786E-03  0.506877E-04
 0.322229E+00  0.487982E-03  0.507387E-04
 0.322880E+00  0.515431E-03  0.506015E-04
 0.323531E+00  0.547364E-03  0.506651E-04
 0.324183E+00  0.545329E-03  0.505799E-04
 0.324834E+00  0.547530E-03  0.505203E-04
 0.325485E+00  0.551330E-03  0.505660E-04
 0.326136E+00  0.572203E-03  0.504236E-04
 0.326787E+00  0.489841E-03  0.504946E-04
 0.327439E+00  0.438986E-03  0.503696E-04
 0.328090E+00  0.478882E-03  0.503736E-04
 0.328741E+00  0.572321E-03  0.503819E-04
 0.329392E+00  0.535360E-03  0.502460E-04
 0.330044E+00  0.516533E-03  0.503290E-04
 0.330695E+00  0.502192E-03  0.501696E-04
 0.331346E+00  0.521920E-03  0.502382E-04
 0.331997E+00  0.453675E-03  0.501637E-04
 0.332648E+00  0.442051E-03  0.500995E-04
 0.333300E+00  0.447991E-03  0.501082E-04
 0.333951E+00  0.477882E-03  0.499998E-04
 0.334602E+00  0.534344E-03  0.500514E-04
 0.335253E+00  0.532805E-03  0.499438E-04
 0.335904E+00  0.480340E-03  0.499294E-04
 0.336555E+00  0.416920E-03  0.499214E-04
 0.337206E+00  0.429703E-03  0.498334E-04
 0.337858E+00  0.401781E-03  0.498629E-04
 0.338509E+00  0.443300E-03  0.497535E-04
 0.339160E+00  0.418778E-03  0.497679E-04
 0.339811E+00  0.462200E-03  0.497134E-04
 0.340462E+00  0.461018E-03  0.496626E-04
 0.341113E+00  0.492501E-03  0.496418E-04
 0.341764E+00  0.493128E-03  0.495746E-04
 0.342415E+00  0.438112E-03  0.495571E-04
 0.343066E+00  0.387839E-03  0.495429E-04
 0.343717E+00  0.371566E-03  0.494708E-04
 0.344368E+00  0.415222E-03  0.494052E-04
 0.345020E+00  0.396240E-03  0.493348E-04
 0.345671E+00  0.366886E-03  0.492645E-04
 0.346322E+00  0.377744E-03  0.491957E-04
 0.346973E+00  0.445783E-03  0.490968E-04
 0.347624E+00  0.446817E-03  0.490612E-04
 0.348275E+00  0.386491E-03  0.489839E-04
 0.348926E+00  0.377466E-03  0.489287E-04
 0.349577E+00  0.400797E-03  0.488448E-04
 0.350228E+00  0.432921E-03  0.487804E-04
 0.350879E+00  0.431576E-03  0.487264E-04
 0.351530E+00  0.385098E-03  0.486615E-04
 0.352181E+00  0.408711E-03  0.486369E-04
 0.352832E+00  0.382155E-03  0.485743E-04
 0.353483E+00  0.341783E-03  0.485340E-04
 0.354134E+00  0.405893E-03  0.484705E-04
 0.354785E+00  0.392113E-03  0.484059E-04
 0.355436E+00  0.409088E-03  0.484073E-04
 0.356087E+00  0.417853E-03  0.483577E-04
 0.356737E+00  0.400439E-03  0.483821E-04
 0.357388E+00  0.339081E-03  0.483128E-04
 0.358039E+00  0.335899E-03  0.482834E-04
 0.358690E+00  0.374839E-03  0.482832E-04
 0.359341E+00  0.381967E-03  0.482200E-04
 0.359992E+00  0.340889E-03  0.482367E-04
 0.360643E+00  0.324969E-03  0.481466E-04
 0.361294E+00  0.325844E-03  0.481648E-04
 0.361945E+00  0.303767E-03  0.481436E-04
 0.362596E+00  0.305072E-03  0.480973E-04
 0.363246E+00  0.335889E-03  0.480927E-04
 0.363897E+00  0.342900E-03  0.480020E-04
 0.364548E+00  0.379037E-03  0.480414E-04
 0.365199E+00  0.371423E-03  0.479967E-04
 0.365850E+00  0.390183E-03  0.479685E-04
 0.366501E+00  0.323033E-03  0.479575E-04
 0.367152E+00  0.259976E-03  0.478941E-04
 0.367802E+00  0.207757E-03  0.479370E-04
 0.368453E+00  0.234598E-03  0.478276E-04
 0.369104E+00  0.269946E-03  0.478201E-04
 0.369755E+00  0.297297E-03  0.478030E-04
 0.370406E+00  0.323279E-03  0.477363E-04
 0.371056E+00  0.302770E-03  0.477789E-04
 0.371707E+00  0.303588E-03  0.476749E-04
 0.372358E+00  0.370127E-03  0.477022E-04
 0.373009E+00  0.313454E-03  0.476853E-04
 0.373659E+00  0.279117E-03  0.476277E-04
 0.374310E+00  0.268579E-03  0.476201E-04
 0.374961E+00  0.237164E-03  0.475523E-04
 0.375612E+00  0.247515E-03  0.475877E-04
 0.376262E+00  0.316375E-03  0.475263E-04
 0.376913E+00  0.339224E-03  0.475062E-04
 0.377564E+00  0.308604E-03  0.474793E-04
 0.378215E+00  0.314584E-03  0.474342E-04
 0.378865E+00  0.349832E-03  0.474784E-04
 0.379516E+00  0.351812E-03  0.473739E-04
 0.380167E+00  0.354095E-03  0.473779E-04
 0.380817E+00  0.353982E-03  0.473562E-04
 0.381468E+00  0.325918E-03  0.473178E-04
 0.382119E+00  0.309861E-03  0.473271E-04
 0.382769E+00  0.286029E-03  0.472188E-04
 0.383420E+00  0.291991E-03  0.472737E-04
 0.384071E+00  0.277501E-03  0.472202E-04
 0.384721E+00  0.290924E-03  0.471998E-04
 0.385372E+00  0.316024E-03  0.471941E-04
 0.386022E+00  0.271402E-03  0.471287E-04
 0.386673E+00  0.258362E-03  0.471782E-04
 0.387324E+00  0.242509E-03  0.471003E-04
 0.387974E+00  0.246835E-03  0.471025E-04
 0.388625E+00  0.301113E-03  0.470727E-04
 0.389275E+00  0.339470E-03  0.470295E-04
 0.389926E+00  0.347090E-03  0.470754E-04
 0.390577E+00  0.342584E-03  0.469669E-04
 0.391227E+00  0.344811E-03  0.469794E-04
 0.391878E+00  0.343424E-03  0.469539E-04
 0.392528E+00  0.297426E-03  0.469274E-04
 0.393179E+00  0.305233E-03  0.469214E-04
 0.393829E+00  0.326350E-03  0.468224E-04
 0.394480E+00  0.333971E-03  0.468693E-04
 0.395130E+00  0.321153E-03  0.468250E-04
 0.395781E+00  0.335948E-03  0.468215E-04
 0.396431E+00  0.342107E-03  0.468019E-04
 0.397082E+00  0.308656E-03  0.467239E-04
 0.397732E+00  0.318413E-03  0.467878E-04
 0.398383E+00  0.338092E-03  0.467116E-04
 0.399033E+00  0.283001E-03  0.467072E-04
 0.399684E+00  0.256793E-03  0.466723E-04
 0.400334E+00  0.251106E-03  0.466549E-04
 0.400985E+00  0.267548E-03  0.466682E-04
 0.401635E+00  0.308611E-03  0.465750E-04
 0.402286E+00  0.298147E-03  0.465818E-04
 0.402936E+00  0.343752E-03  0.465464E-04
 0.403586E+00  0.341292E-03  0.465478E-04
 0.404237E+00  0.313778E-03  0.465278E-04
 0.404887E+00  0.308519E-03  0.464515E-04
 0.405538E+00  0.292347E-03  0.467853E-04
 0.406188E+00  0.302822E-03  0.478050E-04
 0.406838E+00  0.344551E-03  0.493157E-04
 0.407489E+00  0.322573E-03  0.503140E-04
 0.408139E+00  0.331667E-03  0.511327E-04
 0.408790E+00  0.285312E-03  0.519326E-04
 0.409440E+00  0.266398E-03  0.525465E-04
 0.410090E+00  0.312839E-03  0.532620E-04
 0.410741E+00  0.391312E-03  0.538371E-04
 0.411391E+00  0.345655E-03  0.544854E-04
 0.412041E+00  0.327797E-03  0.551146E-04
 0.412692E+00  0.296195E-03  0.554845E-04
 0.413342E+00  0.255065E-03  0.559674E-04
 0.413992E+00  0.293480E-03  0.561542E-04
 0.414642E+00  0.352716E-03  0.564988E-04
 0.415293E+00  0.369555E-03  0.568397E-04
 0.415943E+00  0.308159E-03  0.569961E-04
 0.416593E+00  0.282891E-03  0.572334E-04
 0.417244E+00  0.256991E-03  0.572040E-04
 0.417894E+00  0.274972E-03  0.573801E-04
 0.418544E+00  0.319648E-03  0.574008E-04
 0.419194E+00  0.343511E-03  0.574664E-04
 0.419844E+00  0.312948E-03  0.576452E-04
 0.420495E+00  0.311261E-03  0.575659E-04
 0.421145E+00  0.303407E-03  0.577034E-04
 0.421795E+00  0.315874E-03  0.576748E-04
 0.422445E+00  0.308814E-03  0.578062E-04
 0.423095E+00  0.358555E-03  0.579127E-04
 0.423746E+00  0.302299E-03  0.578489E-04
 0.424396E+00  0.339792E-03  0.580324E-04
 0.425046E+00  0.383055E-03  0.579790E-04
 0.425696E+00  0.366872E-03  0.581384E-04
 0.426346E+00  0.343419E-03  0.581592E-04
 0.426996E+00  0.342816E-03  0.581369E-04
 0.427647E+00  0.348047E-03  0.583309E-04
 0.428297E+00  0.390413E-03  0.582699E-04
 0.428947E+00  0.319631E-03  0.584234E-04
 0.429597E+00  0.294497E-03  0.583970E-04
 0.430247E+00  0.370511E-03  0.584648E-04
 0.430897E+00  0.331147E-03  0.586029E-04
 0.431547E+00  0.255341E-03  0.584967E-04
 0.432197E+00  0.232293E-03  0.586538E-04
 0.432847E+00  0.264337E-03  0.586073E-04
 0.433497E+00  0.298610E-03  0.587037E-04
 0.434147E+00  0.283627E-03  0.587704E-04
 0.434797E+00  0.278636E-03  0.587165E-04
 0.435447E+00  0.345512E-03  0.588488E-04
 0.436097E+00  0.305268E-03  0.588056E-04
 0.436747E+00  0.308980E-03  0.589619E-04
 0.437397E+00  0.372695E-03  0.589396E-04
 0.438047E+00  0.356600E-03  0.589422E-04
 0.438697E+00  0.325131E-03  0.590934E-04
 0.439347E+00  0.339894E-03  0.590521E-04
 0.439997E+00  0.278610E-03  0.591978E-04
 0.440647E+00  0.278351E-03  0.591263E-04
 0.441297E+00  0.308514E-03  0.592267E-04
 0.441947E+00  0.299824E-03  0.592909E-04
 0.442597E+00  0.299432E-03  0.592315E-04
 0.443247E+00  0.244660E-03  0.593753E-04
 0.443897E+00  0.263655E-03  0.592991E-04
 0.444547E+00  0.276255E-03  0.594673E-04
 0.445197E+00  0.260765E-03  0.594739E-04
 0.445847E+00  0.278808E-03  0.594162E-04
 0.446497E+00  0.308985E-03  0.595593E-04
 0.447147E+00  0.299159E-03  0.594857E-04
 0.447796E+00  0.317120E-03  0.596754E-04
 0.448446E+00  0.285433E-03  0.596017E-04
 0.449096E+00  0.255553E-03  0.595928E-04
 0.449746E+00  0.304143E-03  0.597104E-04
 0.450396E+00  0.358738E-03  0.596739E-04
 0.451046E+00  0.361305E-03  0.598397E-04
 0.451696E+00  0.295311E-03  0.597128E-04
 0.452345E+00  0.277523E-03  0.598487E-04
 0.452995E+00  0.297340E-03  0.598994E-04
 0.453645E+00  0.309271E-03  0.598433E-04
 0.454295E+00  0.314995E-03  0.599715E-04
 0.454944E+00  0.297231E-03  0.598801E-04
 0.455594E+00  0.284737E-03  0.600708E-04
 0.456244E+00  0.322259E-03  0.600288E-04
 0.456894E+00  0.370996E-03  0.600052E-04
 0.457544E+00  0.373285E-03  0.601301E-04
 0.458193E+00  0.360168E-03  0.600310E-04
 0.458843E+00  0.299147E-03  0.602219E-04
 0.459493E+00  0.255379E-03  0.600886E-04
 0.460142E+00  0.288577E-03  0.601921E-04
 0.460792E+00  0.305262E-03  0.602811E-04
 0.461442E+00  0.353625E-03  0.602261E-04
 0.462091E+00  0.361196E-03  0.603574E-04
 0.462741E+00  0.329150E-03  0.602347E-04
 0.463391E+00  0.312536E-03  0.603882E-04
 0.464040E+00  0.334282E-03  0.603976E-04
 0.464690E+00  0.309284E-03  0.603707E-04
 0.465340E+00  0.291510E-03  0.604630E-04
 0.465989E+00  0.249416E-03  0.603711E-04
 0.466639E+00  0.261298E-03  0.605351E-04
 0.467289E+00  0.266175E-03  0.604929E-04
 0.467938E+00  0.345323E-03  0.604749E-04
 0.468588E+00  0.364619E-03  0.606087E-04
 0.469237E+00  0.298859E-03  0.605211E-04
 0.469887E+00  0.239749E-03  0.606591E-04
 0.470537E+00  0.266611E-03  0.605432E-04
 0.471186E+00  0.256755E-03  0.606556E-04
 0.471836E+00  0.199192E-03  0.607242E-04
 0.472485E+00  0.256563E-03  0.606810E-04
 0.473135E+00  0.345470E-03  0.607406E-04
 0.473784E+00  0.371961E-03  0.605865E-04
 0.474434E+00  0.358013E-03  0.606656E-04
 0.475083E+00  0.334233E-03  0.605832E-04
 0.475733E+00  0.304179E-03  0.605022E-04
 0.476382E+00  0.261090E-03  0.604922E-04
 0.477032E+00  0.295889E-03  0.603639E-04
 0.477681E+00  0.261423E-03  0.604645E-04
 0.478331E+00  0.213409E-03  0.603658E-04
 0.478980E+00  0.229573E-03  0.604195E-04
 0.479630E+00  0.279888E-03  0.604539E-04
 0.480279E+00  0.300897E-03  0.604378E-04
 0.480928E+00  0.356397E-03  0.605509E-04
 0.481578E+00  0.304879E-03  0.603944E-04
 0.482227E+00  0.301832E-03  0.605790E-04
 0.482877E+00  0.276763E-03  0.605415E-04
 0.483526E+00  0.310085E-03  0.605755E-04
 0.484175E+00  0.317419E-03  0.606309E-04
 0.484825E+00  0.275838E-03  0.605042E-04
 0.485474E+00  0.260792E-03  0.607124E-04
 0.486124E+00  0.378710E-03  0.606237E-04
 0.486773E+00  0.406330E-03  0.606844E-04
 0.487422E+00  0.296769E-03  0.607010E-04
 0.488072E+00  0.278828E-03  0.606403E-04
 0.488721E+00  0.295458E-03  0.608339E-04
 0.489370E+00  0.290238E-03  0.606508E-04
 0.490019E+00  0.300196E-03  0.607736E-04
 0.490669E+00  0.297623E-03  0.607999E-04
 0.491318E+00  0.283842E-03  0.607741E-04
 0.491967E+00  0.272318E-03  0.609047E-04
 0.492617E+00  0.304756E-03  0.607318E-04
 0.493266E+00  0.270158E-03  0.609088E-04
 0.493915E+00  0.149963E-03  0.608649E-04
 0.494564E+00  0.187577E-03  0.609001E-04
 0.495214E+00  0.186626E-03  0.609693E-04
 0.495863E+00  0.257411E-03  0.608437E-04
 0.496512E+00  0.308511E-03  0.610405E-04
 0.497161E+00  0.286926E-03  0.609274E-04
 0.497810E+00  0.290419E-03  0.609906E-04
 0.498459E+00  0.272595E-03  0.610261E-04
 0.499109E+00  0.303911E-03  0.609871E-04
 0.499758E+00  0.267077E-03  0.611597E-04
 0.500407E+00  0.218207E-03  0.610002E-04
 0.501056E+00  0.218688E-03  0.610735E-04
 0.501705E+00  0.257469E-03  0.610574E-04
 0.502354E+00  0.284461E-03  0.610746E-04
 0.503003E+00  0.287639E-03  0.611733E-04
 0.503653E+00  0.308294E-03  0.610109E-04
 0.504302E+00  0.311263E-03  0.611660E-04
 0.504951E+00  0.229906E-03  0.610972E-04
 0.505600E+00  0.276225E-03  0.611728E-04
 0.506249E+00  0.301296E-03  0.611634E-04
 0.506898E+00  0.308374E-03  0.610990E-04
 0.507547E+00  0.324579E-03  0.613001E-04
 0.508196E+00  0.248437E-03  0.611715E-04
 0.508845E+00  0.252657E-03  0.612670E-04
 0.509494E+00  0.260751E-03  0.612303E-04
 0.510143E+00  0.292969E-03  0.612183E-04
 0.510792E+00  0.278193E-03  0.613645E-04
 0.511441E+00  0.318346E-03  0.612104E-04
 0.512090E+00  0.366121E-03  0.613341E-04
 0.512739E+00  0.340523E-03  0.612841E-04
 0.513388E+00  0.341848E-03  0.613406E-04
 0.514037E+00  0.330596E-03  0.614048E-04
 0.514686E+00  0.377446E-03  0.612618E-04
 0.515335E+00  0.369229E-03  0.614565E-04
 0.515984E+00  0.339926E-03  0.613274E-04
 0.516633E+00  0.313511E-03  0.614567E-04
 0.517281E+00  0.279309E-03  0.614243E-04
 0.517930E+00  0.238930E-03  0.613949E-04
 0.518579E+00  0.257911E-03  0.615331E-04
 0.519228E+00  0.221630E-03  0.613778E-04
 0.519877E+00  0.231995E-03  0.615167E-04
 0.520526E+00  0.252442E-03  0.614497E-04
 0.521175E+00  0.311620E-03  0.614877E-04
 0.521823E+00  0.373275E-03  0.615897E-04
 0.522472E+00  0.350310E-03  0.614572E-04
 0.523121E+00  0.344327E-03  0.616105E-04
 0.523770E+00  0.316042E-03  0.614957E-04
 0.524419E+00  0.276711E-03  0.615857E-04
 0.525067E+00  0.333562E-03  0.616037E-04
 0.525716E+00  0.373719E-03  0.614671E-04
 0.526365E+00  0.322117E-03  0.616484E-04
 0.527014E+00  0.306234E-03  0.615240E-04
 0.527662E+00  0.315517E-03  0.616749E-04
 0.528311E+00  0.358885E-03  0.615842E-04
 0.528960E+00  0.365761E-03  0.615622E-04
 0.529609E+00  0.362297E-03  0.616973E-04
 0.530257E+00  0.365024E-03  0.615871E-04
 0.530906E+00  0.400270E-03  0.617139E-04
 0.531555E+00  0.372591E-03  0.616283E-04
 0.532203E+00  0.333288E-03  0.616949E-04
 0.532852E+00  0.330636E-03  0.617821E-04
 0.533501E+00  0.366462E-03  0.616372E-04
 0.534149E+00  0.358257E-03  0.617742E-04
 0.534798E+00  0.333572E-03  0.616770E-04
 0.535447E+00  0.318118E-03  0.618002E-04
 0.536095E+00  0.326023E-03  0.617963E-04
 0.536744E+00  0.292025E-03  0.616993E-04
 0.537392E+00  0.292752E-03  0.618772E-04
 0.538041E+00  0.367244E-03  0.617347E-04
 0.538690E+00  0.376408E-03  0.618782E-04
 0.539338E+00  0.291876E-03  0.617812E-04
 0.539987E+00  0.327814E-03  0.618327E-04
 0.540635E+00  0.332989E-03  0.619164E-04
 0.541284E+00  0.335961E-03  0.618046E-04
 0.541932E+00  0.386642E-03  0.619072E-04
 0.542581E+00  0.380736E-03  0.618097E-04
 0.543229E+00  0.303334E-03  0.619180E-04
 0.543878E+00  0.193382E-03  0.619521E-04
 0.544526E+00  0.231992E-03  0.618604E-04
 0.545175E+00  0.365257E-03  0.619965E-04
 0.545823E+00  0.382326E-03  0.618632E-04
 0.546472E+00  0.347332E-03  0.620369E-04
 0.547120E+00  0.283879E-03  0.619348E-04
 0.547768E+00  0.287982E-03  0.619257E-04
 0.548417E+00  0.337948E-03  0.620394E-04
 0.549065E+00  0.429111E-03  0.619269E-04
 0.549714E+00  0.405674E-03  0.620970E-04
 0.550362E+00  0.393020E-03  0.619525E-04
 0.551010E+00  0.363171E-03  0.620603E-04
 0.551659E+00  0.328406E-03  0.621021E-04
 0.552307E+00  0.318709E-03  0.620210E-04
 0.552955E+00  0.342370E-03  0.621621E-04
 0.553604E+00  0.401752E-03  0.619744E-04
 0.554252E+00  0.347251E-03  0.621322E-04
 0.554900E+00  0.321827E-03  0.621427E-04
 0.555549E+00  0.365009E-03  0.620585E-04
 0.556197E+00  0.407223E-03  0.622167E-04
 0.556845E+00  0.431415E-03  0.620302E-04
 0.557494E+00  0.332636E-03  0.622320E-04
 0.558142E+00  0.297968E-03  0.621094E-04
 0.558790E+00  0.322767E-03  0.621175E-04
 0.559438E+00  0.369753E-03  0.622578E-04
 0.560087E+00  0.335082E-03  0.621159E-04
 0.560735E+00  0.314456E-03  0.623050E-04
 0.561383E+00  0.333594E-03  0.620970E-04
 0.562031E+00  0.341955E-03  0.622444E-04
 0.562679E+00  0.357354E-03  0.622650E-04
 0.563328E+00  0.364544E-03  0.622144E-04
 0.563976E+00  0.354770E-03  0.623179E-04
 0.564624E+00  0.296484E-03  0.621671E-04
 0.565272E+00  0.325786E-03  0.623216E-04
 0.565920E+00  0.336269E-03  0.622669E-04
 0.566568E+00  0.338766E-03  0.623066E-04
 0.567216E+00  0.360231E-03  0.623234E-04
 0.567864E+00  0.336551E-03  0.622687E-04
 0.568513E+00  0.282213E-03  0.623829E-04
 0.569161E+00  0.334474E-03  0.623025E-04
 0.569809E+00  0.311436E-03  0.623851E-04
 0.570457E+00  0.256013E-03  0.628465E-04
 0.571105E+00  0.323428E-03  0.633390E-04
 0.571753E+00  0.317030E-03  0.637139E-04
 0.572401E+00  0.219364E-03  0.636709E-04
 0.573049E+00  0.232254E-03  0.637445E-04
 0.573697E+00  0.292688E-03  0.637889E-04
 0.574345E+00  0.294608E-03  0.637857E-04
 0.574993E+00  0.246180E-03  0.638608E-04
 0.575641E+00  0.258649E-03  0.638061E-04
 0.576289E+00  0.260330E-03  0.639294E-04
 0.576937E+00  0.245530E-03  0.639497E-04
 0.577585E+00  0.336776E-03  0.640080E-04
 0.578233E+00  0.283391E-03  0.640389E-04
 0.578881E+00  0.309622E-03  0.641816E-04
 0.579528E+00  0.314259E-03  0.645086E-04
 0.580176E+00  0.274264E-03  0.647812E-04
 0.580824E+00  0.307885E-03  0.650226E-04
 0.581472E+00  0.345709E-03  0.653246E-04
 0.582120E+00  0.287459E-03  0.655628E-04
 0.582768E+00  0.200313E-03  0.658362E-04
 0.583416E+00  0.244690E-03  0.662433E-04
 0.584063E+00  0.314243E-03  0.667186E-04
 0.584711E+00  0.310525E-03  0.672354E-04
 0.585359E+00  0.329684E-03  0.677053E-04
 0.586007E+00  0.305440E-03  0.681248E-04
 0.586655E+00  0.320968E-03  0.686362E-04
 0.587302E+00  0.318614E-03  0.691329E-04
 0.587950E+00  0.368577E-03  0.696708E-04
 0.588598E+00  0.346383E-03  0.701464E-04
 0.589246E+00  0.316394E-03  0.705295E-04
 0.589893E+00  0.243376E-03  0.710797E-04
 0.590541E+00  0.205529E-03  0.715829E-04
 0.591189E+00  0.162445E-03  0.720473E-04
 0.591837E+00  0.162604E-03  0.725288E-04
 0.592484E+00  0.291875E-03  0.730315E-04
 0.593132E+00  0.316217E-03  0.735344E-04
 0.593780E+00  0.290072E-03  0.740674E-04
 0.594427E+00  0.260848E-03  0.745526E-04
 0.595075E+00  0.274986E-03  0.751183E-04
 0.595723E+00  0.280532E-03  0.756489E-04
 0.596370E+00  0.254144E-03  0.761409E-04
 0.597018E+00  0.189829E-03  0.766380E-04
 0.597665E+00  0.210746E-03  0.771599E-04
 0.598313E+00  0.183516E-03  0.777164E-04
 0.598961E+00  0.181597E-03  0.783252E-04
 0.599608E+00  0.190010E-03  0.787998E-04
 0.600256E+00  0.276683E-03  0.793321E-04
 0.600903E+00  0.241259E-03  0.799277E-04
 0.601551E+00  0.209277E-03  0.804701E-04
 0.602198E+00  0.224609E-03  0.810708E-04
 0.602846E+00  0.225686E-03  0.816157E-04
 0.603493E+00  0.330644E-03  0.822647E-04
 0.604141E+00  0.351151E-03  0.828675E-04
 0.604788E+00  0.302870E-03  0.834519E-04
 0.605436E+00  0.271107E-03  0.839669E-04
 0.606083E+00  0.269981E-03  0.846458E-04
 0.606731E+00  0.274850E-03  0.853717E-04
 0.607378E+00  0.278869E-03  0.859987E-04
 0.608025E+00  0.344203E-03  0.865504E-04
 0.608673E+00  0.313234E-03  0.872798E-04
 0.609320E+00  0.198263E-03  0.879166E-04
 0.609968E+00  0.152047E-03  0.886266E-04
 0.610615E+00  0.249927E-03  0.893281E-04
 0.611262E+00  0.162678E-03  0.899345E-04
 0.611910E+00  0.171868E-03  0.908387E-04
 0.612557E+00  0.283384E-03  0.915391E-04
 0.613204E+00  0.260523E-03  0.922019E-04
 0.613852E+00  0.153616E-03  0.929376E-04
 0.614499E+00  0.202212E-03  0.937756E-04
 0.615146E+00  0.188849E-03  0.946519E-04
 0.615793E+00  0.224688E-03  0.953943E-04
 0.616441E+00  0.284673E-03  0.961374E-04
 0.617088E+00  0.230883E-03  0.970575E-04
 0.617735E+00  0.706029E-04  0.978456E-04
 0.618382E+00  0.128847E-03  0.988629E-04
 0.619030E+00  0.149318E-03  0.995896E-04
 0.619677E+00  0.116749E-03  0.100500E-03
 0.620324E+00  0.179800E-03  0.101584E-03
 0.620971E+00  0.166469E-03  0.102449E-03
 0.621618E+00  0.119667E-03  0.103257E-03
 0.622266E+00  0.109373E-03  0.103743E-03
 0.622913E+00  0.929052E-04  0.104225E-03
 0.623560E+00  0.639978E-04  0.104844E-03
 0.624207E+00  0.190948E-03  0.105301E-03
 0.624854E+00  0.219598E-03  0.105834E-03
 0.625501E+00  0.175586E-03  0.106446E-03
 0.626148E+00  0.219097E-03  0.106966E-03
 0.626795E+00  0.251945E-03  0.107662E-03
 0.627442E+00  0.197200E-03  0.107913E-03
 0.628090E+00  0.110746E-03  0.108665E-03
 0.628737E+00  0.169131E-03  0.109261E-03
 0.629384E+00  0.180278E-03  0.109688E-03
 0.630031E+00  0.132475E-03  0.110222E-03
 0.630678E+00  0.430917E-04  0.110812E-03
 0.631325E+00  0.370922E-04  0.111554E-03
 0.631972E+00  0.164089E-03  0.112233E-03
 0.632619E+00  0.334833E-03  0.112693E-03
 0.633266E+00  0.313096E-03  0.113413E-03
 0.633912E+00  0.163077E-03  0.113928E-03
 0.634559E+00  0.144438E-03  0.114667E-03
 0.635206E+00  0.162160E-03  0.115384E-03
 0.635853E+00  0.175309E-03  0.115767E-03
 0.636500E+00  0.138305E-03  0.116719E-03
 0.637147E+00  0.154556E-03  0.117340E-03
 0.637794E+00  0.111354E-03  0.118000E-03
 0.638441E+00  0.156543E-03  0.118479E-03
 0.639088E+00  0.210596E-03  0.119337E-03
 0.639734E+00  0.179557E-03  0.120235E-03
 0.640381E+00  0.257096E-04  0.120730E-03
 0.641028E+00  0.389758E-04  0.121417E-03
 0.641675E+00  0.471074E-04  0.122341E-03
 0.642322E+00  0.103623E-03  0.122977E-03
 0.642969E+00  0.113125E-03  0.123838E-03
 0.643615E+00  0.128655E-03  0.124530E-03
 0.644262E+00  0.218379E-03  0.125295E-03
 0.644909E+00  0.188656E-03  0.126188E-03
 0.645556E+00  0.871505E-04  0.126837E-03
 0.646202E+00  0.137569E-03  0.127825E-03
 0.646849E+00  0.135280E-03  0.128607E-03
 0.647496E+00  0.244928E-03  0.129292E-03
 0.648142E+00  0.353880E-03  0.130363E-03
 0.648789E+00  0.329752E-03  0.131113E-03
 0.649436E+00  0.195121E-03  0.132169E-03
 0.650082E+00  0.359368E-04  0.132985E-03
 0.650729E+00  0.912400E-04  0.133878E-03
 0.651376E+00  0.122079E-03  0.135032E-03
 0.652022E+00  0.216148E-03  0.148259E-03
 0.652669E+00  0.105434E-03  0.199428E-03
 0.653315E+00  0.534442E-04  0.281638E-03
 0.653962E+00  0.420735E-03  0.516517E-03
 0.654609E+00  0.517014E-03  0.259410E-02
-----------D:\My Documents\1newdata\conv\SL1107_009_WT_1mg.dat-------------------
#F                                                                                                                                                                                                                                                              
# Sample c=  0.842 mg/ml                                                                                                                                                                                                                                        
#  CODE: 009                                                                                                                                                                                                                                                    
#  Sample CONC: 1 G                                                                                                                                                                                                                                             
#  Ori-File:  Sub_Ave_WT_CPR_ox_09_1G_1105.dat                                                                                                                                                                                                                  
#  SUBcon:  +(0)                                                                                                                                                                                                                                                
#  (YMin: -0.000157698661914  YMax: 0.0355484948163  YAve: 0.0027308067381681  ( 996 ) )                                                                                                                                                                        
# Sub_Ave_WT_CPR_ox_09_0p84G_1105-Ave_WT_CPR_ox_08_buffer_1106# sub-data 7.18068529e-03  3.55484948e-02  3.13237276e-03                                                                                                                                       
-----------D:\My Documents\1newdata\conv\SL1107_010_WT_2mg.dat-------------------
#F                                                                                                                                                                                                                                                              
# Sample c=  1.448 mg/ml                                                                                                                                                                                                                                        
#  CODE: 010                                                                                                                                                                                                                                                    
#  Sample CONC: 2 G                                                                                                                                                                                                                                             
#  Ori-File:  Sub_Ave_WT_CPR_ox_10_2G_1104.dat                                                                                                                                                                                                                  
#  SUBcon:  +(0)                                                                                                                                                                                                                                                
#  (YMin: -0.000540790842836  YMax: 0.0702147678112  YAve: 0.00517224224470154  ( 996 ) )                                                                                                                                                                       
# Sub_Ave_WT_CPR_ox_10_1p45G_1104-Ave_WT_CPR_ox_08_buffer_1106# sub-data 7.18068529e-03  7.02147678e-02  3.44758606e-03                                                                                                                                       
-----------D:\My Documents\1newdata\conv\SL1107_011_WT_5mg_subc.dat-------------------
#F                                                                                                                                                                                                                                                              
# Sample c=  3.064 mg/ml                                                                                                                                                                                                                                        
#  CODE: 011                                                                                                                                                                                                                                                    
#  Sample CONC: 5 G                                                                                                                                                                                                                                             
#  Ori-File:  Sub_Ave_WT_CPR_ox_11_5G_1216.dat                                                                                                                                                                                                                  
#  SUBcon:  +(1.00E-04)                                                                                                                                                                                                                                         
#  (YMin: -0.000122265233461  YMax: 0.119666595253  YAve: 0.00958981890291621  ( 996 ) )                                                                                                                                                                        
# Sub_Ave_WT_CPR_ox_11_3p06G_1216-Ave_WT_CPR_ox_08_buffer_1106# sub-data 7.18068529e-03  9.63094478e-02  4.03461586e-03                                                                                                                                       
-----------D:\My Documents\1newdata\conv\SL1107_007_WT_10mg_subc.dat-------------------
#F                                                                                                                                                                                                                                                              
# Sample c=  5.825 mg/ml                                                                                                                                                                                                                                        
#  CODE: 007                                                                                                                                                                                                                                                    
#  Sample CONC: 10 G                                                                                                                                                                                                                                            
#  Ori-File:  Sub_Ave_WT_CPR_ox_07_10G_766.dat                                                                                                                                                                                                                  
#  SUBcon:  +(-4.00E-04)                                                                                                                                                                                                                                        
#  (YMin: 0.000425709607753  YMax: 0.300726299316  YAve: 0.0213060509868193  ( 996 ) )                                                                                                                                                                          
# Sub_Ave_WT_CPR_ox_07_5p82G_766-Ave_WT_CPR_ox_06_buffer_765# sub-data 7.18068529e-03  3.00326299e-01  4.17008243e-03                                                                                                                                         
